2024-12-10,1009,ΤΟΜΑΤΕΣ ΑΑΑ,23.9
2024-12-10,102694,NOXZEMA Sensitive,32.6
2024-12-10,107996,SYOSS Repair,34.6
2024-12-10,13120,ΚΥΚΝΟΣ Ελαφρά Συμπυκνωμένος,9.9
2024-12-10,14727,ΖΑΓΟΡΙ Φυσικό Μεταλλικό (5+1)Δώρο,18.0
2024-12-10,16139,ΑΛΦΑ Μπύρα Lager,58.0
2024-12-10,16296,Ανθότυρο Αμφιλοχίας,62.0
2024-12-10,16713,YPSILON FINE FOODS Καπνισμένος Με Οξυά,53.5
2024-12-10,16729,Φέτα Βαρελίσια Ερυμάνθου Π.Ο.Π,119.5
2024-12-10,29002,MAGGI,22.9
2024-12-10,31171,ΠΑΠΑΔΟΠΟΥΛΟΥ Φρυγανιές Χωριάτικες,22.8
2024-12-10,41179,Αρνί Γάλακτος Ελληνικό,119.0
2024-12-10,44667,BARILLA Λιγκουίνι,13.4
2024-12-10,46154,3ΑΛΦΑ Ρύζι Καρολίνα,15.7
2024-12-10,6027,ΑΠΟΣΤΟΛΑΚΗ Τσιπουρο,143.5
2024-12-10,68373,ΟΛΥΜΠΟΣ Μήλο - Πορτοκάλι -Καρότο,30.4
2024-12-10,702502,TENA Lady Maxi Instadry,44.6
2024-12-10,704285,COLGATE Max White Expert Original,28.1
2024-12-10,708561,ΝΟΥΝΟΥ Κρέμα Γάλακτος (2+1 Δώρο) 35%,54.6
2024-12-10,713664,Βιολογικές Μπανάνες,19.9
2024-12-10,73743,COCA COLA Zero Sugar,41.8
2024-12-10,75658,ΚΟΛΙΟΣ Νηστίσιμο,59.9
2024-12-10,75863,Λευκό Τυρί Φάρμα Τρικάλων Αγελαδινό,73.5
2024-12-10,78417,ΦΑΓΕ Total Στραγγιστό 5%,27.9
2024-12-10,78568,ΥΦΑΝΤΗΣ Λουκάνικα Χωριάτικα,49.8
2024-12-10,863449,ΜΙΡΑΝ Παστουρμάς,339.5
2024-12-10,863975,CRETA FARMS Eν Ελλάδι Νοστιμιές,48.8
2024-12-10,864110,LURPAK Βούτυρο Soft Ανάλατο Light,32.0
2024-12-10,875909,AMITA Motion 9 Φρούτων,11.0
2024-12-10,900233,ΣΤΑΜΟΥ,8.8
2024-12-10,34053,NESCAFE Classic,84.8
2024-12-10,70260,Κοτόπουλο Ολόκληρο Ελληνικό,39.5
2024-12-10,421995,FAIRY Ultra Original,29.3
2024-12-10,422100,KLINEX Ultra Lemon,17.7
2024-12-10,703714,COLOUR CATCHER Χρωμοπαγίδα Red 15 Φύλλα,19.1
2024-12-10,721344,ΕΠΙΛΟΓΗ ΜΟΥ Φιστίκι Αράπικο Αλατισμένο,14.9
2024-12-10,719981,ΕΔΕΜ Κόκκινη Ψητή,39.3
2024-12-10,75353,LA COCCINELLE Ροκφόρ,313.0
2024-12-10,75010,Gouda Φρατζόλα Γερμανίας,64.5
2024-12-10,721470,ΕΠΙΛΟΓΗ ΜΟΥ Πλήρες 3-5%,11.9
2024-12-10,721562,ΧΡΥΣΗ ΖΥΜΗ Τυρόπιτα Γραβ-Φέτα.Καπν.Τυρί,72.8
2024-12-10,30083,ΚΑΡΑΜΟΛΕΓΚΟΣ Σταρένιο,14.9
2024-12-10,725399,PAMPERS Premium Care No4 Jumbo,136.3
2024-12-10,725879,ΕΠΙΛΟΓΗ ΜΟΥ Economy 2 φύλλα,25.0
2024-12-10,742425,ΑΛΛΑΤΙΝΗ (2+1) Δώρο,20.6
2024-12-10,742208,ΧΑΛΒΑΤΖΗΣ Μπουκιές Παντζαριού,18.9
2024-12-10,729108,WET HANKIES Αντιβακτηριδιακά XL (2+2),12.5
2024-12-10,743160,ΜΙΡΑΝ Παραδοσιακός Σε Φέτες,49.5
2024-12-10,746030,ΣΠΙΤΙΚΕΣ ΕΠΙΛΟΓΕΣ Σουτζουκάκια  Ρύζι,49.5
2024-12-10,745503,ΕΠΙΛΟΓΗ ΜΟΥ Τρίγωνα (8τεμ),13.9
2024-12-10,746480,ΕΠΙΛΟΓΗ ΜΟΥ Cottage Cheese,16.5
2024-12-10,747440,TASTY Φουντούνια,8.3
2024-12-10,749251,ΠΙΝΔΟΣ Σνιτσελ,89.0
2024-12-10,772207,BEAUJOLAIS NOUVEAU Fleurs,66.9
2024-12-10,772564,BABYCARE Sensitive (2+1) Δώρο,24.2
2024-12-10,81001363,REVUELE Κρέμα Ματιών,69.9
2024-12-10,11887,ΑΛΦΑ Μπύρα Lager (5+1) Δώρο,52.5
2024-12-10,13500,AMITA Motion 9 Φρούτων,24.0
2024-12-10,14048,ΖΑΓΟΡΙ Φυσικό Μεταλλικό,20.4
2024-12-10,1505,Τομάτες Τσαμπί,27.9
2024-12-10,16714,YPSILON FINE FOODS Σολομός Νορβηγίας,49.5
2024-12-10,205006,WET HANKIES Αντιβακτηριδιακά Λεμόνι (2+2),12.6
2024-12-10,23497,ΟΙΚ-ΣΤΕΡΓΙΟΥ Τσουρεκάκι Μαστίχα Χίου,24.2
2024-12-10,31021,ELITE Classic Σταρένιες,10.4
2024-12-10,32004,ΛΟΥΜΙΔΗΣ Παπαγάλος Παραδοσιακός,39.4
2024-12-10,37003,PUMMARO Πιο Συμπυκνωμένο,12.6
2024-12-10,41959,Κατσίκι Ελληνικό Γάλακτος,122.0
2024-12-10,46158,3ΑΛΦΑ Ρύζι Νυχάκι,14.6
2024-12-10,48803,ΑΛΛΑΤΙΝΗ (2+1)Δώρο,28.9
2024-12-10,701050,ΥΦΑΝΤΗΣ Σαλάμι Αέρος Ferrano,169.7
2024-12-10,703485,TENA Pants Plus Medium,83.7
2024-12-10,703513,ΧΑΛΒΑΤΖΗΣ Παντζάρια Ατμού,24.5
2024-12-10,710058,LAYS Τσιπς με Αλάτι,19.5
2024-12-10,714536,ΝΙΚΑΣ ΝΙΤΣΙΑΚΟΣ Κοτόπουλο Ψητό,134.4
2024-12-10,73748,COCA COLA Zero,39.6
2024-12-10,740685,ΝΟΥΝΟΥ Κρέμα Γάλακτος 15% (2+1) Δώρο,31.6
2024-12-10,75906,MILNER Τυρί Ολλανδίας,107.8
2024-12-10,76290,PHILADELPHIA Τυρί Κρέμα,29.8
2024-12-10,78443,ΦΑΓΕ Total Στραγγιστό 2%,27.9
2024-12-10,79981,ΥΦΑΝΤΗΣ Γαλοπούλα Fouantre Καπνιστή,146.1
2024-12-10,79980,ΥΦΑΝΤΗΣ Fouantre Καπνιστό Ζαμπόν,178.0
2024-12-10,852737,COCA COLA Zero Χωρίς Καφεΐνη,42.0
2024-12-10,854334,LURPAK Βούτυρο Soft Αλατισμένο,42.0
2024-12-10,860343,Δοχείο Φέτα Τρικάλων Π.Ο.Π.,89.5
2024-12-10,861379,EVERY DAY Fresh Super Ultra Plus,27.5
2024-12-10,862432,ΥΦΑΝΤΗΣ Σαλάτα Hummus,29.8
2024-12-10,863974,CRETA FARMS Eν Ελλάδι Νοστιμιές Με Σάλτσα,61.4
2024-12-10,876082,BABYCARE Χαμομήλι (-6-00Ε),31.7
2024-12-10,89712,AIM Family Protection Herbal,13.1
2024-12-10,102156,NIVEA MEN Moisturising Protect&Care,41.9
2024-12-10,863255,ΟΛΥΜΠΟΣ Πορτοκάλι,37.0
2024-12-10,421468,KLINEX Ultra Lemon,26.6
2024-12-10,721471,ΕΠΙΛΟΓΗ ΜΟΥ Ελαφρύ 1-5%,11.9
2024-12-10,900234,ΣΤΑΜΟΥ,8.9
2024-12-10,708782,ΚΑΤΣΕΛΗΣ Σταρένιο,14.7
2024-12-10,41292,Βόειος Κιμάς Λάπα Νωπός Ελληνικός,104.5
2024-12-10,760068,ΕΠΙΛΟΓΗ ΜΟΥ Κάσιους Ωμό,39.5
2024-12-10,741126,NESTLE Μοσχάρι Με Λαχανικά,23.9
2024-12-10,961747,PAMPERS Premium Care No 5 Jumbo,136.3
2024-12-10,746033,ΣΠΙΤΙΚΕΣ ΕΠΙΛΟΓΕΣ Λαχανοντολμάδες Αυγολέμονο,55.0
2024-12-10,729768,ΕΠΙΛΟΓΗ ΜΟΥ 10*2Φ,24.9
2024-12-10,746623,ΚΑΝΑΚΙ Φύλλο παραδοσιακό (-20%),35.4
2024-12-10,720386,ΕΔΕΜ Καυτερά,27.3
2024-12-10,749249,ΠΙΝΔΟΣ Κοτομπουκιές,89.5
2024-12-10,714512,ΥΦΑΝΤΗΣ Τα Λοκάνικα της Μάρως,44.7
2024-12-10,309528,FINISH Power All In 1 Lemon,189.9
2024-12-10,218011,SKIP Active Clean,119.8
2024-12-10,81001364,REVUELE Κρέμα Προσώπου,99.9
2024-12-10,10348,ΚΤΗΜΑ ΚΥΡ ΓΙΑΝΝΗ Παράγκα Λευκό,89.0
2024-12-10,17179,Γραβιέρα Κρήτης Π-Ο.Π,159.8
2024-12-10,205007,WET HANKIES Αντιβακτηριδιακά (2+2),12.6
2024-12-10,23498,ΟΙΚ-ΣΤΕΡΓΙΟΥ Τσουρεκάκια Πραλίνα,29.9
2024-12-10,31548,ELITE Classic Σίκαλης (3+1)Δώρο,17.0
2024-12-10,37025,PUMMARO Τομάτα Ψιλοκομμένη,13.2
2024-12-10,41950,Πρόβατο Ελληνικό,77.5
2024-12-10,45174,BARILLA Τορτελίνι Formaggi,36.3
2024-12-10,48018,ΜΥΛΟΙ ΑΓΙΟΥ ΓΕΩΡΓΙΟΥ Ολικής Αλέσεως,23.2
2024-12-10,6112,ΟΥΖΟ ΠΛΩΜΑΡΙΟΥ Ισιδώρου Αρβανίτου,109.0
2024-12-10,703514,ΧΑΛΒΑΤΖΗΣ Καλαμπόκι Ατμού,30.9
2024-12-10,703765,ΥΦΑΝΤΗΣ Μπέικον Γαλοπούλας Ferrano,33.1
2024-12-10,704949,TOSTAKI Κοτόπουλο Ψητό,109.5
2024-12-10,705262,ΧΡΥΣΕΛΙΑ Κλασικό,406.2
2024-12-10,706441,TENA Pants Plus Night Large,97.0
2024-12-10,713665,Βιολογικά Μήλα Κόκκινα,36.5
2024-12-10,713855,NESCAFE Azera,49.8
2024-12-10,717802,ΥΦΑΝΤΗΣ Σαλάτα Lemon Hummus,34.0
2024-12-10,75145,ΔΩΔΩΝΗ Φέτα,129.5
2024-12-10,75474,DIROLLO Cottage Cheese,27.9
2024-12-10,79224,ΥΦΑΝΤΗΣ Πάριζα Βραστή Λιγότερα Λιπάρα,97.8
2024-12-10,79774,ΥΦΑΝΤΗΣ Λουκάνικα Φράνκα Βραστά,36.7
2024-12-10,79793,ΥΦΑΝΤΗΣ Σαλάμι Αέρος,166.4
2024-12-10,854333,LURPAK Βούτυρο Soft Ανάλατο,42.0
2024-12-10,854450,ΚΡΥΣΤΑΛΛΙΝΟ Επιτραπέζιο,12.8
2024-12-10,860218,BABYLINO Sensitive Economy No5 11-25kg,115.2
2024-12-10,863976,CRETA FARMS Eν Ελλάδι Νοστιμιές,59.8
2024-12-10,876661,ORAL-B Mint 1-2-3,10.1
2024-12-10,881865,EVERY DAY Maxi Night Ultra Plus,30.0
2024-12-10,706304,ΖΥΜΗ ΨΑΧΝΩΝ Φύλλο Κρούστας,31.6
2024-12-10,420024,FINISH Machine Cleaner Lemon,59.9
2024-12-10,422506,CIF,23.9
2024-12-10,722937,ΕΠΙΛΟΓΗ ΜΟΥ Κάσιους Ψημένο Ανάλατο,39.5
2024-12-10,720906,ΕΔΕΜ,62.5
2024-12-10,714788,ΖΩΓΡΑΦΟΣ Καστανή (+100γρ-) Δώρο,16.2
2024-12-10,721436,3ΑΛΦΑ Ρύζι Καστανό 10΄,18.2
2024-12-10,730927,Βόειος Κιμάς Νωπός Στήθος-Λάπα Πολωνίας,97.5
2024-12-10,718904,ΠΑΠΑΔΟΠΟΥΛΟΥ Γεύση 2 Ολικής Άλεσης-Σικ-,19.8
2024-12-10,750583,CHEETOS Πακοτίνια,11.2
2024-12-10,740200,ΕΠΙΛΟΓΗ ΜΟΥ Πλήρες 3.5% Λιπαρά,11.9
2024-12-10,733286,ΑΜΒΡΟΣΙΑΔΗ Κοτόπουλο Ολόκληρο 65%,39.5
2024-12-10,730934,ΕΒΛΟΓΗΜΕΝΟ Νηστίσιμο,62.3
2024-12-10,742688,ΠΑΣΣΙΑΣ Γαλοπούλα Ψητή Κορυφαίο,142.8
2024-12-10,725876,ΕΠΙΛΟΓΗ ΜΟΥ Giga 2 φύλλα,39.0
2024-12-10,741125,NESTLE Κοτόπουλο Με Λαχανικά,23.8
2024-12-10,71677,GOURMET SELECTION Καπνιστός Σκωτίας,84.2
2024-12-10,744813,ΕΠΙΛΟΓΗ ΜΟΥ Στραγγιστό 5%,28.5
2024-12-10,745516,ΕΠΙΛΟΓΗ ΜΟΥ Ανθότυρο,37.5
2024-12-10,746046,ΕΠΙΛΟΓΗ ΜΟΥ Παραδοσιακό,8.5
2024-12-10,746028,ΣΠΙΤΙΚΕΣ ΕΠΙΛΟΓΕΣ Μουσακάς,57.2
2024-12-10,743428,COCA COLA Zero (-0-30E),36.6
2024-12-10,746320,LA VACHE QUI RIT Τρίγωνα Light (16τεμ),39.4
2024-12-10,67795,ΟΛΥΜΠΟΣ Ροδάκινο & Μήλο,32.8
2024-12-10,749250,ΠΙΝΔΟΣ Gordon Bleu,89.5
2024-12-10,749132,ΜΠΑΡΜΠΑ ΣΤΑΘΗΣ Δρόσατη,15.9
2024-12-10,988783,GILLETTE Classic Sensitive,27.2
2024-12-10,771888,Κατσικίσιο Τυρί Δοχείο,129.0
2024-12-10,771849,ΕΠΙΛΟΓΗ ΜΟΥ Κρέμα Γάλακτος 38% Λιπαρά,31.9
2024-12-10,772559,BABYCARE Calming,30.6
2024-12-10,81001366,REVUELE Μάσκα Νύχτας,99.9
2024-12-10,100015,BIC Twin,23.9
2024-12-10,1004,Αγγούρια,5.2
2024-12-10,23494,ΟΙΚ-ΣΤΕΡΓΙΟΥ Κρουασάν Πραλίνα,27.8
2024-12-10,31428,ΠΑΠΑΔΟΠΟΥΛΟΥ Σταρένιες,12.4
2024-12-10,37023,PUMMARO Τομάτα Ψιλοκομμένη με Κρεμμύδι,15.5
2024-12-10,44289,BARILLA Σπαγγέτι Νο5,14.4
2024-12-10,46150,3ΑΛΦΑ Ρύζι Γλασέ,13.4
2024-12-10,48034,ΓΙΩΤΗΣ Κόκκινη (2+1) Δώρο,19.5
2024-12-10,703969,ΒΕΡΓΙΝΑ Μπύρα Lager (5+1) Δώρο,53.0
2024-12-10,706440,TENA Pants Plus Night Medium,85.9
2024-12-10,72054,IGLO Fish Sticks,55.6
2024-12-10,73754,COCA COLA Zero Sugar,43.8
2024-12-10,79342,ΥΦΑΝΤΗΣ Μορταδέλα Βραστή,98.5
2024-12-10,79821,ΥΦΑΝΤΗΣ Λουκάνικα Βιέννα Βραστά,34.5
2024-12-10,79833,ΥΦΑΝΤΗΣ Σαλάμι Αέρος Πικάντικο,166.4
2024-12-10,854452,ΚΡΥΣΤΑΛΛΙΝΟ Επιτραπέζιο,15.5
2024-12-10,860301,ΝΤΑΚΟΛΙΑΣ Φέτα Καλαβρύτων Π.Ο.Π.,129.5
2024-12-10,861113,ΛΟΥΜΙΔΗΣ Παπαγάλος Παραδοσιακός,63.4
2024-12-10,861911,ΖΥΜΗ ΨΑΧΝΩΝ Φύλλο Καταΐφι,43.5
2024-12-10,864000,LURPAK Βούτυρο Αγελάδος Ανάλατο,44.9
2024-12-10,864775,ΟΡΕΙΝΕΣ ΠΛΑΓΙΕΣ Κατίκι Δομοκού,24.0
2024-12-10,867800,ΥΦΑΝΤΗΣ Μπέικον Καπνιστό,27.5
2024-12-10,869635,ΕΒΛΟΓΗΜΕΝΟ Νηστίσιμο Κίτρινο,25.8
2024-12-10,900431,Σκληρό Τυρί Δανίας 40%,119.5
2024-12-10,929387,ΓΙΩΤΗΣ Στιγμής 2πλή Συσκ- (1+1) Δώρο,21.6
2024-12-10,10311,ΚΤΗΜΑ ΚΥΡ ΓΙΑΝΝΗ Παράγκα Ερυθρό,96.0
2024-12-10,421996,FAIRY Ultra Lemon,29.3
2024-12-10,422504,CIF Λεμόνι,23.9
2024-12-10,876533,DETTOL,55.9
2024-12-10,708455,Σκόρδο Βαζάκι Καθαρ/νο Ψιλοκκομένο,29.9
2024-12-10,719702,ΕΔΕΜ Σε Βάζο,22.9
2024-12-10,719456,AQUAFRESH Triple Protection Fresh & Mint,24.4
2024-12-10,719673,NESTLE Μπανάνα-Μήλο-Βρώμη,16.5
2024-12-10,720967,CRETA FARMS Προψημένος κτψ,69.5
2024-12-10,724912,ΕΠΙΛΟΓΗ ΜΟΥ Νέκταρ Πορτοκάλι-Μήλο-Ροδάκινο,8.8
2024-12-10,725254,WET HANKIES Αντιβακτηριδιακά Μήλο (2+2),12.6
2024-12-10,869397,ΠΑΠΑΔΟΠΟΥΛΟΥ Γεύση 2 Σίτου,17.7
2024-12-10,740201,ΕΠΙΛΟΓΗ ΜΟΥ Ελαφρύ 1.8% Λιπαρά,11.9
2024-12-10,744814,ΕΠΙΛΟΓΗ ΜΟΥ Στραγγιστό 2%,28.5
2024-12-10,731066,ΑΜΒΡΟΣΙΑΔΗ Κοτόπουλο Νωπό 65%,41.0
2024-12-10,746047,ΕΠΙΛΟΓΗ ΜΟΥ,8.5
2024-12-10,745856,ΕΠΙΛΟΓΗ ΜΟΥ Τσιπς Κυματιστά με Ρίγανη,9.9
2024-12-10,746035,ΣΠΙΤΙΚΕΣ ΕΠΙΛΟΓΕΣ Γεμιστά Με Πατάτες,51.0
2024-12-10,746319,LA VACHE QUI RIT Τρίγωνα Light (8τεμ),20.1
2024-12-10,729767,ΕΠΙΛΟΓΗ ΜΟΥ 10*3Φ,47.5
2024-12-10,747799,ΑΛΤΙΣ Ελαιόλαδο Δοχείο,389.5
2024-12-10,746350,ΟΛΥΜΠΟΣ Φυσικός Με 9 Κόκκινα Φρούτα,32.8
2024-12-10,771500,BABYLINO Sensitive Economy No7 15+kg,109.1
2024-12-10,771513,ΜΠΑΡΜΠΑ ΣΤΑΘΗΣ Φασολάκια Στρογγυλά,37.9
2024-12-10,749131,ΜΠΑΡΜΠΑ ΣΤΑΘΗΣ Ιταλική,16.9
2024-12-10,771850,ΕΠΙΛΟΓΗ ΜΟΥ Κρέμα Γάλακτος 23% Λιπαρά,21.9
2024-12-10,772560,BABYCARE Χαμομήλι Mini (-50%),14.5
2024-12-10,81001327,REVUELE Υγρό Απολέπισης,79.9
2024-12-10,100012,GILLETTE Blue II,29.9
2024-12-10,10722,ΡΕΠΑΝΗ Μοσχοφίλερο Λευκό,45.0
2024-12-10,1083,Αγγουράκια Χύμα,22.9
2024-12-10,11241,PEPSI Zero Sugar,15.7
2024-12-10,12037,MYTHOS Μπύρα Lager,66.4
2024-12-10,16781,ΝΙΚΑΣ Λουκάνικα Τ-Φρανκφούρτης,37.3
2024-12-10,23493,ΟΙΚ-ΣΤΕΡΓΙΟΥ Κρουασάν Βουτύρου,24.5
2024-12-10,29005,KNORR,33.9
2024-12-10,32001,ΛΟΥΜΙΔΗΣ Παπαγάλος Παραδοσιακός,84.8
2024-12-10,37033,ΚΥΚΝΟΣ 28%,42.3
2024-12-10,422833,COLGATE Max White,16.2
2024-12-10,44459,BARILLA Πέννες Rigate Νo73,17.4
2024-12-10,46162,3ΑΛΦΑ Ρύζι Τύπου Αμερικής,16.9
2024-12-10,48021,ΜΕΛΙΣΣΑ Χονδρό,8.9
2024-12-10,6007,12 Ούζο 40%,109.9
2024-12-10,704950,CRETA FARMS Κοτόπουλο Ψητό Φιλέτο,28.7
2024-12-10,710403,TENA Lady Descreet Normal,46.3
2024-12-10,711569,CRETA FARMS ΕΝ ΕΛΛΑΔΙ Σαλάμι Αέρος Πικάντικο,169.0
2024-12-10,714777,ULTREX MEN Αντιπ/κό Delicate Touch,38.3
2024-12-10,715707,ALFA Τυρόπιτα Τσαλακωτή Πηλίου,73.0
2024-12-10,79158,ΝΙΚΑΣ Πάριζα Βραστή,75.9
2024-12-10,79620,CRETA FARMS Μορταδέλα,77.8
2024-12-10,854368,ΝΙΚΑΣ Μπέικον Καπνιστό,22.9
2024-12-10,860053,BABYLINO Sensitive Economy No4 7-18kg,115.2
2024-12-10,861392,EVERY DAY Fresh Normal Ultra Plus,27.5
2024-12-10,862983,TORRE Κρέμα Για Παρασκευή Σαντιγύ,28.5
2024-12-10,900656,ΝΟΥΝΟΥ Gouda,83.9
2024-12-10,16623,ΚΥΚΛΑΔΙΤΙΚΗ ΤΗΝΟΥ Κοπανιστή Π-Ο.Π,178.5
2024-12-10,710838,ΟΛΥΜΠΟΣ Φέτα Π.Ο.Π.,97.5
2024-12-10,711492,ΖΥΜΗ ΨΑΧΝΩΝ Φύλλο Χωριάτικο,32.6
2024-12-10,705545,AMBRE SOLAIRE SPF50,185.0
2024-12-10,41010,Βόειο Μπούτι Χωρίς Οστο Ελληνικό Νωπό,141.0
2024-12-10,718956,FINISH All In1 Max Lemon,79.0
2024-12-10,720854,Βιολογικά Αχλάδια Κρυστάλλια,24.8
2024-12-10,719785,ΕΔΕΜ Μέτριο,29.6
2024-12-10,724959,ΧΑΛΒΑΤΖΗΣ Φρουτοσαλάτα Ροδάκινο Φέτες,39.9
2024-12-10,720965,CRETA FARMS Προψημένος κτψ,69.5
2024-12-10,708786,ΚΑΤΣΕΛΗΣ Ολικής Άλεσης,19.3
2024-12-10,719674,NESTLE 4 Φρούτα,15.6
2024-12-10,712589,CRETA FARMS Μπέικον Καπνιστό,28.0
2024-12-10,706521,ΘΕΟΝΗ Φυσικό Μεταλλικό,19.8
2024-12-10,708320,ΠΙΝΔΟΣ Κοτόπουλο Ολόκληρο,45.5
2024-12-10,75401,Μπρι Γαλλίας,169.5
2024-12-10,745858,ΕΠΙΛΟΓΗ ΜΟΥ Τσιπς Κυματιστά Bbq,9.9
2024-12-10,746031,ΣΠΙΤΙΚΕΣ ΕΠΙΛΟΓΕΣ Μπιφτέκι Σχάρας Πατάτες,52.0
2024-12-10,746293,LURPAK Βούτυρο Light Ανάλατο,25.3
2024-12-10,746283,ΧΡΙΣΤΟΔΟΥΛΟΥ Μήλο - Πορτοκάλι - Καρότο,29.5
2024-12-10,746547,ΕΒΛΟΓΗΜΕΝΟ Νηστίσιμο Τύπου Cheddar,31.1
2024-12-10,729761,ΕΠΙΛΟΓΗ ΜΟΥ 10*4Φ,51.0
2024-12-10,729867,WET HANKIES Αντιβακτηριδιακά Safe XL (2+2),15.2
2024-12-10,875655,ΑΡΚΑΔΙ Baby Πράσινο Σαπούνι 26μεζ-,71.9
2024-12-10,771512,ΜΠΑΡΜΠΑ ΣΤΑΘΗΣ Φασολάκια Πλατιά,39.7
2024-12-10,771848,ΤΡΙΠΟΛΗ Λευκό Άλμης,54.5
2024-12-10,771923,DUCK Deep Action Φρεσκάδα Πεύκου,18.9
2024-12-10,219149,ΕΠΙΛΟΓΗ ΜΟΥ Κρέμα με Κακάο,8.5
2024-12-10,772563,BABYCARE Camling Mini (-50%),14.5
2024-12-10,81001320,REVUELE Κρέμα Προσώπου Λαιμού,79.9
2024-12-10,100010,GILLETTE Blue II Slalom,39.9
2024-12-10,1014,Πατάτες Ελληνικές Νέας Εσοδείας,9.5
2024-12-10,10135,ΑΚΡΕΣ ΣΚΟΥΡΑ Λευκό,78.1
2024-12-10,11843,COCA COLA Original Taste,39.8
2024-12-10,12105,KAISER Μπύρα Pilsner,59.4
2024-12-10,16809,GORDON^S 37-5% Vol,143.5
2024-12-10,37039,ΚΥΚΝΟΣ Ψιλοκομμένες,14.0
2024-12-10,44203,BARILLA Σπαγγετίνι Νο3,14.4
2024-12-10,48019,ΜΕΛΙΣΣΑ Ψιλό,8.9
2024-12-10,50001,ΑΛΤΙΣ Ελαιόλαδο,133.0
2024-12-10,51908,LURPAK Βούτυρο Αγελάδος Ανάλατο,39.8
2024-12-10,63168,ΥΦΑΝΤΗΣ Ρώσικη Σαλάτα,29.5
2024-12-10,67299,ΔΕΛΤΑ Καθημερινά Πλήρες 3-5%,16.9
2024-12-10,70061,ΥΦΑΝΤΗΣ,46.1
2024-12-10,701551,LECKER Καστανή,13.5
2024-12-10,707666,ΦΑΓΕ Κρέμα Γάλακτος 35% (-2-50Ε),60.2
2024-12-10,708995,ΠΑΝΤΑΖΑΤΟΣ Τυρί Κεφαλονιάς,124.5
2024-12-10,711939,BABYLINO Sensitive Economy No5+ 13-27kg,115.2
2024-12-10,713863,ΦΡΕΣΚΟΥΛΗΣ Ιταλιάνα,11.5
2024-12-10,714431,TENA Pants Men Plus Large,62.5
2024-12-10,714774,ULTREX MEN Αντιπ/κό Deep Clean Action,38.3
2024-12-10,715709,ALFA Κασερόπιτα Τσαλακωτή Πηλίου,78.3
2024-12-10,78298,ΔΩΔΩΝΗ Κλασικό 2% (2+1)Δώρο,30.1
2024-12-10,860131,CRETA FARMS Ωμοπλάτη Χοιρινή,87.6
2024-12-10,881866,EVERY DAY Sensitive Normal Ultra Plus,30.0
2024-12-10,876598,AIM Anti-Plaque Μέτρια,10.9
2024-12-10,861660,ΖΥΜΗ ΨΑΧΝΩΝ Φύλλο Βηρυτού,40.7
2024-12-10,710590,DIMELLO Forza Αλεσμένος,59.9
2024-12-10,875717,KLINEX Ultra Lemon,31.9
2024-12-10,711467,ΘΕΟΝΗ Φυσικό Μεταλλικό,26.4
2024-12-10,70656,ΠΙΝΔΟΣ Κοτόπουλο Ελευθέρας Βοσκής,83.6
2024-12-10,721346,ΕΠΙΛΟΓΗ ΜΟΥ Πασατέμπος Ψημένος Αλατισμένος,15.4
2024-12-10,714837,ΝΙΚΑΣ ΝΙΤΣΙΑΚΟΣ Κοτόπουλο Ψητό,28.7
2024-12-10,710987,ΟΙΚ-ΣΤΕΡΓΙΟΥ Κρουασανάκια Ολικής Άλεσης,25.8
2024-12-10,723376,ΝΙΚΑΣ Γαλοπούλα Ψητή Οβάλ,173.0
2024-12-10,900237,ΣΤΑΜΟΥ,8.5
2024-12-10,719965,ΕΔΕΜ Ανθός,16.2
2024-12-10,724960,ΧΑΛΒΑΤΖΗΣ Φρουτοσαλάτα Ανανάς Φέτες,38.9
2024-12-10,724905,ΕΠΙΛΟΓΗ ΜΟΥ 9 Φρούτων,11.2
2024-12-10,725892,ΕΠΙΛΟΓΗ ΜΟΥ Κλασικές 33*33 130γρ-,7.5
2024-12-10,742457,ΕΒΛΟΓΗΜΕΝΟ Νηστίσιμο 3 Mix,29.4
2024-12-10,742858,Τυρί Βαρελίσιο Τρίπολη,79.8
2024-12-10,745848,ΕΠΙΛΟΓΗ ΜΟΥ Σίτου,13.9
2024-12-10,745857,ΕΠΙΛΟΓΗ ΜΟΥ Τσιπς Κυματιστά με Αλάτι,9.9
2024-12-10,758795,KNORR Πουρές Πατάτας,36.5
2024-12-10,746034,ΣΠΙΤΙΚΕΣ ΕΠΙΛΟΓΕΣ Παστίτσιο,47.0
2024-12-10,746284,ΧΡΙΣΤΟΔΟΥΛΟΥ 100% Πορτοκάλι,31.9
2024-12-10,728969,ΕΒΛΟΓΗΜΕΝΟ Νηστίσιμο Λευκό,66.3
2024-12-10,746519,ΕΠΙΛΟΓΗ ΜΟΥ Μπέικον Σε Φέτες,15.9
2024-12-10,729754,WET HANKIES Αντιβακτηριδιακά Ex-Safe (2+2),13.3
2024-12-10,743138,PESCANOVA Fish Sticks (8+2)Δώρο,27.8
2024-12-10,729888,ΕΠΙΛΟΓΗ ΜΟΥ Υδατοδ- 5 σε 1,29.9
2024-12-10,748179,ΕΠΙΛΟΓΗ ΜΟΥ Ρύζι Καρολίνα,12.9
2024-12-10,752522,GRANDE GOODLIFE,52.5
2024-12-10,771510,ΜΠΑΡΜΠΑ ΣΤΑΘΗΣ Αρακάς,39.8
2024-12-10,772569,BABYCARE For All (2+1) Δώρο,32.7
2024-12-10,81001323,REVUELE Κρέμα Ματιών,69.9
2024-12-10,771071,ARIEL All In 1 Alpine,139.9
2024-12-10,100039,GILLETTE Blue II Plus Slalom,49.9
2024-12-10,10132,ΑΚΡΕΣ ΣΚΟΥΡΑ Ερυθρό,79.4
2024-12-10,2013,JOHNNIE WALKER Red Label,168.5
2024-12-10,404455,Πετεινός Ρεθύμνου,59.5
2024-12-10,41009,Σπάλα Μόσχου Α/Ο Γαλλίας,122.5
2024-12-10,41126,Χοιρινή Μπριζόλα Μ/Ο Εισαγωγής,74.0
2024-12-10,44245,MISKO Κριθαράκι Μέτριο,9.6
2024-12-10,48101,ΜΥΛΟΙ ΑΓΙΟΥ ΓΕΩΡΓΙΟΥ Ν-2,17.4
2024-12-10,50003,ΑΛΤΙΣ Ελαιόλαδο,259.0
2024-12-10,51223,LURPAK Βούτυρο Ανάλατο,27.1
2024-12-10,63858,ΥΦΑΝΤΗΣ Ταραμοσαλάτα,29.5
2024-12-10,67151,ΔΕΛΤΑ Καθημερινά Ελαφρύ 1-5%,16.9
2024-12-10,703730,ΥΦΑΝΤΗΣ Μορταδέλα Βραστή  (-0-20Ε),18.7
2024-12-10,707662,ΦΑΓΕ Κρέμα Γάλακτος 15% (-1-50E),37.0
2024-12-10,70828,ΥΦΑΝΤΗΣ Φιλετάκια Ψητά,64.7
2024-12-10,713864,ΦΡΕΣΚΟΥΛΗΣ Γουστόζα,11.5
2024-12-10,714432,TENA Pants Men Plus Medium,62.5
2024-12-10,715708,ALFA Χορτόπιτα Τσαλακωτή Πηλίου,69.5
2024-12-10,75038,ΙΔΡΥΜΑΤΟΣ ΤΟΣΙΤΣΑ Μετσοβόνε Καπνιστό,219.5
2024-12-10,75258,ΗΠΕΙΡΟΣ Φέτα Π.Ο.Π.,115.6
2024-12-10,78297,ΔΩΔΩΝΗ Κλασικό (2+1)Δώρο,30.1
2024-12-10,854317,SYOSS Keratin,34.6
2024-12-10,863257,CRETA FARMS Λουκάνικα Χωριάτικα Σφακιανά,53.0
2024-12-10,863480,ΕΒΟΛ Διαλεχτό Πλήρες 3-7%,16.9
2024-12-10,863676,TOSTAKI Πάριζα,38.3
2024-12-10,863942,ΠΑΣΣΙΑΣ Σαλάμι Μπύρας,128.5
2024-12-10,868955,TOTTIS Κρουασανάκια Κρέμα Κακάο,29.9
2024-12-10,869396,ΠΑΠΑΔΟΠΟΥΛΟΥ Χωριανό Ολικής Άλεσης Σίκαλης,17.8
2024-12-10,900818,Βακαλάος Υγράλατος Με Κόκαλο Νορβηγίας,109.5
2024-12-10,72055,ΜΠΑΡΜΠΑ ΣΤΑΘΗΣ Σπανάκι σε Φύλλα,34.9
2024-12-10,750644,AMBRE SOLAIRE SPF30,177.6
2024-12-10,423191,FINISH Λάμψη Λεμονιού,43.3
2024-12-10,710827,ΑΛΦΑ Μπύρα Lager (9+3) Δ,94.5
2024-12-10,719336,SOFTEX Silk 8αρι 3φ-,42.7
2024-12-10,705294,MONSTER Energy Ultra Zero,15.3
2024-12-10,41161,Κεμπάπ Νωπό Ελληνικής Επεξεργασίας,92.5
2024-12-10,719783,ADORO Creamy Gouda,99.7
2024-12-10,721345,ΕΠΙΛΟΓΗ ΜΟΥ Ηλιόσπορος Ψημένος Αλατισμένος,8.4
2024-12-10,12170,ΦΙΞ ΕΛΛΑΣ Μπύρα Hellas Lager (5+1) Δώρο,54.0
2024-12-10,716055,Βιολογικά Ακτίνιδια,35.9
2024-12-10,714838,ΝΙΚΑΣ ΝΙΤΣΙΑΚΟΣ Κοτόπουλο Βραστό,28.7
2024-12-10,760581,ΗΠΕΙΡΟΣ Αλειφωτή Με Φέτα,22.5
2024-12-10,721609,NUTRICIA Φαρίν Λακτέ,17.7
2024-12-10,741441,ΓΙΩΤΗΣ Νωπή Μαγιά,4.7
2024-12-10,760039,ΧΡΙΣΤΟΔΟΥΛΟΥ 9 Φρούτων Με 7 Βιταμίνες,33.4
2024-12-10,903209,ΣΤΑΜΟΥ Βανίλια Σοκολάτα,12.5
2024-12-10,725636,WET HANKIES Αντιβακτηριδιακά Πράσινο Μήλο,9.0
2024-12-10,742461,ΗΠΕΙΡΟΣ Τρίγωνα με Κασέρι (8τεμ),19.8
2024-12-10,878188,EVERY DAY Hyperdry Maxi Night Ultra Plus,27.5
2024-12-10,728968,ΕΒΛΟΓΗΜΕΝΟ Νηστίσιμο Λευκό,32.4
2024-12-10,744841,ΕΠΙΛΟΓΗ ΜΟΥ Σε Άλμη,23.5
2024-12-10,745849,ΕΠΙΛΟΓΗ ΜΟΥ Σίκαλης,13.9
2024-12-10,743136,PESCANOVA Fish Sticks (10+5)Δώρο,40.2
2024-12-10,639845,ΕΠΙΛΟΓΗ ΜΟΥ Premium Μέτρια,7.5
2024-12-10,745461,ΕΠΙΛΟΓΗ ΜΟΥ Πουρές Πατάτας,18.5
2024-12-10,743758,ΕΠΙΛΟΓΗ ΜΟΥ 9 Φρούτα 7 Βιταμίνες,4.2
2024-12-10,729316,PAMPERS Premium Care Νο6 Jumbo,136.3
2024-12-10,748175,ΕΠΙΛΟΓΗ ΜΟΥ Ρύζι Γλασέ,9.9
2024-12-10,771182,NESCAFE Azera Freddo Espresso Intenso,64.0
2024-12-10,771068,ARIEL Alpine,139.9
2024-12-10,774066,EONIO Φυσικό Μεταλλικό (5+1)Δώρο,15.0
2024-12-10,221714,BABYCARE Natura (2+1)Δώρο,47.5
2024-12-10,81001324,REVUELE Τονωτική Λοσιόν,69.9
2024-12-10,107997,SYOSS Colorist,34.6
2024-12-10,11842,COCA COLA Light,39.4
2024-12-10,16295,Πεκορίνο Αμφιλοχίας,168.5
2024-12-10,200478,KLEENEX Capitonne  (10+2)Δώρο,62.9
2024-12-10,37020,PUMMARO Passata Κλασσικό,10.8
2024-12-10,4000,SERKOVA,148.9
2024-12-10,41309,Χοιρινό Μπούτι Α/Ο Εισαγωγής,79.5
2024-12-10,44270,MISKO Σπαγγέτι Νο6 Ολικής Αλεσης,11.3
2024-12-10,48049,ΑΛΛΑΤΙΝΗ Ολ-Αλεσης (-0.30)Ε,14.7
2024-12-10,51596,LURPAK Βούτυρο Ανάλατο Μερίδες,28.2
2024-12-10,63126,ΥΦΑΝΤΗΣ Τζατζίκι,31.1
2024-12-10,67852,ΔΕΛΤΑ Καθημερινά Πλήρες 3-5%,33.0
2024-12-10,706595,ΔΕΛΤΑ Smart Κεράσι-Φράουλα,11.2
2024-12-10,707664,ΦΑΓΕ Κρέμα Γάλακτος 35%  (-1-20Ε),30.6
2024-12-10,711299,POP CUISINE,18.9
2024-12-10,713674,Βιολογικές Τομάτες,31.9
2024-12-10,717499,FAMILIAS Φύλλο Κρούστας,27.1
2024-12-10,79719,ΝΙΚΑΣ Ωμοπλάτη,112.8
2024-12-10,81665,EVERY DAY Hyperdry Super Ultra Plus,19.8
2024-12-10,82115,TENA Lady Super,39.2
2024-12-10,861650,ΥΦΑΝΤΗΣ Προσούτο Ferrano,48.9
2024-12-10,862472,ΥΦΑΝΤΗΣ Παναρισμένες,62.3
2024-12-10,863481,ΕΒΟΛ Διαλεχτό 1-5%,16.9
2024-12-10,863945,ΠΑΣΣΙΑΣ Σαλάμι Αέρος,157.0
2024-12-10,76239,PHILADELPHIA Τυρί Κρέμα,39.9
2024-12-10,70146,Νωπό Ελληνικό Στήθος Φιλέτο Κοτόπουλο,99.5
2024-12-10,750652,AMBRE SOLAIRE Bronzing Intense Coco,127.8
2024-12-10,93976,DETTOL Υγιεινή & Ασφάλεια,20.0
2024-12-10,869224,ΠΑΣΣΙΑΣ Πάριζα,68.5
2024-12-10,721329,ΕΠΙΛΟΓΗ ΜΟΥ Πίνατς Ψημένο Αλατισμένο,11.5
2024-12-10,724460,ΜΑΜΟΣ Μπύρα Pilsner (5+1) Δώρο,58.5
2024-12-10,702059,ΦΡΕΣΚΟΥΛΗΣ Ιταλική,15.9
2024-12-10,721971,ΝΟΥΝΟΥ Στραγγιστό 5% (2+1)Δώρο,34.5
2024-12-10,721649,NUTRICIA Βανίλια Ρυζάλευρο,28.1
2024-12-10,725274,PAMPERS Premium Care No3 Jumbo,136.3
2024-12-10,205005,WET HANKIES Αντιβακτηριδιακά Λεμόνι,8.8
2024-12-10,742462,ΗΠΕΙΡΟΣ Τρίγωνα με Γραβιέρα (8τεμ),19.8
2024-12-10,734986,ΝΙΚΑΣ ΝΙΤΣΙΑΚΟΣ Κοτόπουλο Ψητό Οβάλ,34.2
2024-12-10,742210,ΧΑΛΒΑΤΖΗΣ Κολοκύθα Ατμού,31.5
2024-12-10,744919,TOTTIS Κρουασανάκια Μιλφέιγ,29.9
2024-12-10,742325,ΚΑΛΑΝΔΑΡΙΔΗΣ Σημαντρινό Τυρί Τσαντίλας,146.9
2024-12-10,744838,ΕΠΙΛΟΓΗ ΜΟΥ Σε Άλμη,16.5
2024-12-10,745533,LAYS Τσιπς Ρίγανη (το 2ο -50%),29.3
2024-12-10,639844,ΕΠΙΛΟΓΗ ΜΟΥ Premium Μαλακή,7.5
2024-12-10,2975,ΑΚΡΕΣ ΣΚΟΥΡΑ Ροζέ,79.4
2024-12-10,745462,ΕΠΙΛΟΓΗ ΜΟΥ Πουρές Πατάτας,10.5
2024-12-10,743753,ΕΠΙΛΟΓΗ ΜΟΥ Πορτοκάλι-Μήλο-Βερίκοκο,3.4
2024-12-10,729639,FINISH Max Lemon,79.9
2024-12-10,752851,ΓΑΛΑΡΙ Άργους Βαρελίσιο,113.5
2024-12-10,747986,NESCAFE Gold Blend,62.7
2024-12-10,748180,ΕΠΙΛΟΓΗ ΜΟΥ Ρύζι Μπασμάτι,16.5
2024-12-10,748356,ΕΠΙΛΟΓΗ ΜΟΥ Καστανή,14.9
2024-12-10,771973,PESCANOVA Μπακαλιάρος Peskitos (6+2)Δώρο,27.8
2024-12-10,774067,EONIO Φυσικό Μεταλλικό (10+2)Δώρο,17.5
2024-12-10,219072,TESORI White Musk 38μεζ-,37.3
2024-12-10,81001325,REVUELE Ορός,69.9
2024-12-10,100594,BIC Κλασικό 1,27.9
2024-12-10,11114,COCA COLA Original Taste,38.8
2024-12-10,16405,ZEWA Deluxe Χαμομήλι 8αρι 3φ-,37.9
2024-12-10,1848,Πατάτες Κύπρου SPOUDA,18.9
2024-12-10,31478,ΠΑΠΑΔΟΠΟΥΛΟΥ Χωριάτικες Με Σουσάμι,22.8
2024-12-10,41029,Βόεια Ελιά Α/Ο Γαλλίας,122.5
2024-12-10,41527,Χοιρινό Φιλέτο Εισαγωγής,135.0
2024-12-10,44859,MISKO Σπαγγετίνη Νο10,8.5
2024-12-10,470022,ΓΙΩΤΗΣ Μεταλλικό κουτί,40.5
2024-12-10,48039,ΜΥΛΟΙ ΑΓΙΟΥ ΓΕΩΡΓΙΟΥ Για Τσουρέκι,22.7
2024-12-10,63129,ΥΦΑΝΤΗΣ Τυροσαλάτα,39.8
2024-12-10,703720,ΥΦΑΝΤΗΣ Ζαμπόν Μπούτι Βραστό (-0-20Ε),29.9
2024-12-10,706596,ΔΕΛΤΑ Smart Μήλο-Πορτοκάλι,11.2
2024-12-10,707660,ΦΑΓΕ Κρέμα Γάλακτος 15% (-0-60E),20.0
2024-12-10,710911,TOSTAKI Λουκάνικα Τ. Φρανκφούρτης,30.4
2024-12-10,711300,POP CUISINE,95.0
2024-12-10,714820,ΝΙΚΑΣ ΝΙΤΣΙΑΚΟΣ Κοτόπουλο Παριζάκι 1+1 Δώρο,49.5
2024-12-10,717500,FAMILIAS Φύλλο Χωριάτικο,27.1
2024-12-10,74125,Ρέγγα Χρυσοκαπνιστή,88.9
2024-12-10,75455,ΗΠΕΙΡΟΣ Φέτα Π.Ο.Π.,56.5
2024-12-10,76159,PHILADELPHIA Τυρί Κρέμα Light,28.5
2024-12-10,81204,EVERY DAY Maxi Night Ultra Plus,20.7
2024-12-10,82621,SANI Sensitive Lady No5 Super,33.6
2024-12-10,860844,ALFA Πίτα Μετσόβου με Σπανάκι,44.9
2024-12-10,875968,ΥΦΑΝΤΗΣ Παναρισμένες κτψ,47.2
2024-12-10,67127,ΔΕΛΤΑ Καθημερινά Ελαφρύ 1-5%,33.0
2024-12-10,763979,AMBRE SOLAIRE SPF20,166.5
2024-12-10,10761,ΚΤΗΜΑ ΚΥΡ ΓΙΑΝΝΗ Ακακίες Ροζέ,96.7
2024-12-10,721335,ΕΠΙΛΟΓΗ ΜΟΥ Αμύγδαλο Ωμό,27.5
2024-12-10,78924,REGGIANO Παρμεζάνα,199.8
2024-12-10,724153,Βιολογικά Τοματίνια,25.5
2024-12-10,724459,ΑΛΦΑ Μπύρα Χωρίς Αλκοόλ (5+1) Δώρο,44.0
2024-12-10,721746,DOUWE EGBERTS Espresso Instant,54.4
2024-12-10,721970,ΝΟΥΝΟΥ Στραγγιστό 1-5% (2+1)Δώρο,34.5
2024-12-10,724907,ΕΠΙΛΟΓΗ ΜΟΥ Βύσσινο,10.0
2024-12-10,30014,ΚΡΙΣ ΚΡΙΣ Σταρένιο,15.1
2024-12-10,725018,PAMPERS Premium Care No2,104.5
2024-12-10,750584,CHEETOS Δρακουλίνια,11.2
2024-12-10,205533,WET HANKIES Αντιβακτηριδιακά,8.8
2024-12-10,865408,TANQUERAY,213.5
2024-12-10,731069,ΑΜΒΡΟΣΙΑΔΗ Κοτόπουλο Φιλέτο Στήθος,99.5
2024-12-10,725924,SYOSS Pure Fresh,30.1
2024-12-10,744860,ΕΠΙΛΟΓΗ ΜΟΥ Ανθός Σε Άλμη,17.9
2024-12-10,710513,FYTRO Μαύρη,24.6
2024-12-10,747813,KNORR Q-S.,16.9
2024-12-10,983889,SEPTONA Αλόη (2+1)Δώρο,22.7
2024-12-10,748177,ΕΠΙΛΟΓΗ ΜΟΥ Ρύζι Μπονέτ,8.9
2024-12-10,967516,PLANET Baby,15.1
2024-12-10,729988,ΜΗΤΣΟΠΟΥΛΟΣ Φάρμα Χοιρινό Σουβλάκι Ελληνικ,39.5
2024-12-10,746768,ΣΤΑΜΟΥ Κρέμα Καραμελέ,13.4
2024-12-10,990747,ΗΠΕΙΡΟΣ Τρίγωνα Light,31.3
2024-12-10,771947,ΜΠΑΡΜΠΑ ΣΤΑΘΗΣ Αρακάς,32.9
2024-12-10,219077,TESORI Byzantium 38μεζ-,37.3
2024-12-10,990928,ORAL B 123 Indicator Μέτρια,16.4
2024-12-10,555860,ARRENA Πηγών Γράμμου,19.0
2024-12-10,81001328,REVUELE Κρέμα Προσώπου,79.9
2024-12-10,10160,ΚΤΗΜΑ ΛΑΖΑΡΙΔΗ Ντάμα Κούπα Λευκό,73.8
2024-12-10,129331,LE PETIT MARSEILLAIS Γάλα Καριτέ & Μέλι,28.6
2024-12-10,33037,LAVAZZA Rossa Αλεσμένος,55.0
2024-12-10,37485,ΚΥΚΝΟΣ Με Αποφ/να Τοματάκια,13.5
2024-12-10,41926,Χοιρινή Σπάλα Α/Ο Εισαγωγής,76.0
2024-12-10,45840,MISKO Λαζάνια,11.5
2024-12-10,470137,SANILAC Νο2,103.3
2024-12-10,50847,SANOΛΑ,52.3
2024-12-10,68179,ΥΦΑΝΤΗΣ Τυροκαυτερή,39.8
2024-12-10,706594,ΔΕΛΤΑ Smart Ροδάκινο-Βερίκοκο,11.2
2024-12-10,708456,ΥΦΑΝΤΗΣ Κτψ,43.5
2024-12-10,711538,ΗΠΕΙΡΟΣ Φέτα Π.Ο.Π. 40% Λιγότερο Αλάτι,66.9
2024-12-10,713511,ADORO Τυρί Κρέμα,18.5
2024-12-10,713667,Βιολογικές Πατάτες,19.9
2024-12-10,74058,DELIMAR Ταραμάς Λευκός,219.5
2024-12-10,79323,ΥΦΑΝΤΗΣ Γαλοπούλα Καπνιστή,127.1
2024-12-10,79589,ΝΙΚΑΣ Σαλάμι Αέρος Hellenic,154.4
2024-12-10,82811,SANI Sensitive No2 Medium,85.7
2024-12-10,851857,LA VACHE QUI RIT Τυροβουτιές,26.0
2024-12-10,860843,ALFA Πίτα Μετσόβου με Τυρί,44.9
2024-12-10,862750,ΟΛΥΜΠΟΣ Επιλεγμένο Πλήρες 3-7% Λιπαρά,25.4
2024-12-10,869243,Χτένι Βοείου Νωπό Γαλλίας,133.0
2024-12-10,871880,EVERY DAY Hyperdry Super Ultra Plus,26.3
2024-12-10,875732,ΠΑΠΑΔΟΠΟΥΛΟΥ Χωριάτικες Ολικής Άλεσης,22.5
2024-12-10,879777,JUMBO Φυστικόμπαλες,11.2
2024-12-10,97092,COLGATE Total Original,20.3
2024-12-10,79984,ΥΦΑΝΤΗΣ Ζαμπόν Μπούτι Fouantre,33.3
2024-12-10,710313,MAGIC Almond,84.9
2024-12-10,717796,FAIRY Ultra Original,23.9
2024-12-10,721594,AFAIA Φιστικόψιχα Ελληνική Ωμή,44.9
2024-12-10,30084,ΚΑΡΑΜΟΛΕΓΚΟΣ Mini Σταρένιο,10.5
2024-12-10,75932,Γραβιέρα Τήνου,169.5
2024-12-10,131520,ADORO Κρέμα Γάλακτος (2+1 Δώρο) 35%,45.2
2024-12-10,914281,WET HANKIES Αντιβακτηριδιακά,18.3
2024-12-10,744811,ΕΠΙΛΟΓΗ ΜΟΥ Στραγγιστό 5%,19.8
2024-12-10,753962,SCHWEPPES Pink Grapefruit,45.4
2024-12-10,744829,ΕΠΙΛΟΓΗ ΜΟΥ,26.5
2024-12-10,743382,ATHLOS Μπύρα Lager (5+1) Δώρο,42.9
2024-12-10,743760,ΕΠΙΛΟΓΗ ΜΟΥ Βύσσινο,3.9
2024-12-10,747814,KNORR με ζυμαρικά ABC,23.5
2024-12-10,748178,ΕΠΙΛΟΓΗ ΜΟΥ Ρύζι Καστανό,13.5
2024-12-10,988256,ΥΦΑΝΤΗΣ Κάτι Άλλο Πάριζα,16.4
2024-12-10,771415,SERENATA Kρουασάν Κακάο,27.9
2024-12-10,771437,ΒΙΤΑΜ Μαργαρίνη Soft,54.7
2024-12-10,771509,ΜΠΑΡΜΠΑ ΣΤΑΘΗΣ Μπάμιες Εκλεκτές Ποικιλίες,53.7
2024-12-10,219386,LENOR Indulge Gold Orchid,63.2
2024-12-10,218354,SOFTEX Pure Classic 8*2Φ.,19.9
2024-12-10,555858,ARRENA Πηγών Γράμμου,19.6
2024-12-10,218165,BABYLINO Economy Unisex No6 13-18kg,99.8
2024-12-10,81001329,REVUELE Κρέμα Ματιών,69.9
2024-12-10,10161,ΚΤΗΜΑ ΛΑΖΑΡΙΔΗ Ρήγα Κούπα Ερυθρό,73.8
2024-12-10,102028,GILLETTE Fusion,174.9
2024-12-10,11014,PEPSI Cola,15.7
2024-12-10,13053,AMITA Πορτοκάλι Βερίκοκο Μήλο,7.3
2024-12-10,129326,LE PETIT MARSEILLAIS Γάλα Καριτέ & Μέλι,24.0
2024-12-10,131518,ADORO Κρέμα Γάλακτος 18% (2+1) Δώρο,30.6
2024-12-10,31008,ΠΑΠΑΔΟΠΟΥΛΟΥ Χωρίς Ζάχαρη,15.4
2024-12-10,34034,NESCAFE Classic Decaf,89.8
2024-12-10,37015,PUMMARO Σπιτική Στον Τρίφτη,13.6
2024-12-10,44000,ΜΕΛΙΣΣΑ Μακαρονάκι Κοφτό,10.2
2024-12-10,46217,AGRINO Ρύζι Λάϊς Καρολίνα,23.4
2024-12-10,470593,NUTRICIA Με 6 Δημητριακά,23.8
2024-12-10,48115,ΜΥΛΟΙ ΑΓΙΟΥ ΓΕΩΡΓΙΟΥ Καλαμποκιού,11.5
2024-12-10,50210,SANOΛΑ,127.6
2024-12-10,6079,ΜΠΑΜΠΑΤΖΙΜ Τσίπουρο,144.6
2024-12-10,62507,HELLMANN΄S Τζατζίκι,32.5
2024-12-10,643664,Χοιρινός Λαιμός Μ/Ο Εισαγωγής,72.0
2024-12-10,703724,ΥΦΑΝΤΗΣ Πάριζα Βραστή,18.0
2024-12-10,707765,ΜΠΑΡΜΠΑ ΣΤΑΘΗΣ Κρεμμύδι Ψιλοκομμένο (+50γρ),22.5
2024-12-10,713668,Βιολογικά Κρεμμύδια Ξερά,16.5
2024-12-10,75971,ΔΩΔΩΝΗ Φέτα Π.Ο.Π.,57.4
2024-12-10,79013,ΥΦΑΝΤΗΣ Σαλάμι Αέρος Λευκάδος,32.9
2024-12-10,79336,ΥΦΑΝΤΗΣ Γαλοπούλα Βραστή,127.1
2024-12-10,82810,SANI Sensitive No3 Large,85.7
2024-12-10,854603,ΗΠΕΙΡΟΣ Μαλακή,56.9
2024-12-10,862749,ΟΛΥΜΠΟΣ Επιλεγμένο Ελαφρύ 1-7% Λιπαρά,25.4
2024-12-10,863073,ΚΟΝΤΟΓΙΑΝΝΗ 10άδα Large,39.0
2024-12-10,863641,ALFA Τυρόπιτα Κιχί,48.5
2024-12-10,871879,EVERY DAY Hyperdry Normal Ultra Plus,26.3
2024-12-10,900837,CAPTAIN Σκεύασμα Ταραμά,75.4
2024-12-10,97662,COLGATE Sensation White,18.0
2024-12-10,421558,FABULOSO Φρεσκάδα Λεβάντας 1+1 Δώρο,33.2
2024-12-10,75167,ARLA Μοτσαρέλα Δανίας,117.8
2024-12-10,70278,Βόειο Μπούτι Α/Ο Γαλλίας,117.5
2024-12-10,878056,AMBRE SOLAIRE Protection 24h Hydration SPF30,178.6
2024-12-10,12405,MYTHOS Μπύρα Lager (5+1) Δώρο,58.0
2024-12-10,1849,Πατάτες Φούρνου,21.9
2024-12-10,721576,AFAIA Φιστικόψιχα Ελληνική Ωμή,44.9
2024-12-10,708997,ΠΑΝΤΑΖΑΤΟΣ Μυζήθρα Κεφαλλονιάς,109.0
2024-12-10,740196,ADORO Τυρί Κρέμα Light,18.5
2024-12-10,725889,ΕΠΙΛΟΓΗ ΜΟΥ Κλασικές 30*30 153γρ-,8.2
2024-12-10,729010,BREF Power Activ Ocean Duo,28.9
2024-12-10,729110,WET HANKIES Αντιβακτηριδιακά Extra Safe,19.0
2024-12-10,744812,ΕΠΙΛΟΓΗ ΜΟΥ Στραγγιστό 2%,19.8
2024-12-10,744827,ΕΠΙΛΟΓΗ ΜΟΥ Mini Σταρένιο,7.9
2024-12-10,744837,ΕΠΙΛΟΓΗ ΜΟΥ Σε Άλμη,17.5
2024-12-10,862748,ΟΛΥΜΠΟΣ Πορτοκάλι,42.7
2024-12-10,747679,KNORR Q-S.,16.9
2024-12-10,984144,SEPTONA Χαμομήλι (2+1)Δώρο,24.9
2024-12-10,748357,ΕΠΙΛΟΓΗ ΜΟΥ Καστανή Sticks,13.5
2024-12-10,771435,ΒΙΤΑΜ Μαργαρίνη Soft,15.4
2024-12-10,989576,EXTRA Γαριδάκι με Τυρί,6.7
2024-12-10,218652,OMINO BIANCO Αφρός Μασσαλίας 37μεζ-,53.9
2024-12-10,218016,ΑΡΚΑΔΙ Περγαμόντο & Γκρέιπφρουτ,33.1
2024-12-10,81001331,REVUELE Ορός,79.9
2024-12-10,102029,GILLETTE Fusion Power,209.9
2024-12-10,1041,Κρεμμύδια Ξερά,7.2
2024-12-10,107001,ELNETT Satin Κανονικά,64.9
2024-12-10,31003,ΠΑΠΑΔΟΠΟΥΛΟΥ Με Σουσάμι,15.4
2024-12-10,37089,PUMMARO Passata Κλασσικό,21.0
2024-12-10,44035,BARILLA Farfalle,18.0
2024-12-10,46211,AGRINO Ρύζι Γλασέ Σουπέ,20.3
2024-12-10,470023,FRISOMEL 2ης Βρεφικής Ηλικίας,96.7
2024-12-10,48071,ΜΥΛΟΙ ΑΓΙΟΥ ΓΕΩΡΓΙΟΥ (2+1)Δώρο,23.5
2024-12-10,50014,SOL,37.1
2024-12-10,62425,HELLMANN΄S Τυροκαυτερή,36.5
2024-12-10,701991,ZEWA Wisch&Weg Extra Long 2πλό,47.1
2024-12-10,702336,ΛΕΒΕΤΙ Μυζήθρα Παραδοσιακή,21.4
2024-12-10,70284,ΠΙΝΔΟΣ Στήθος Κοτόπουλο,59.5
2024-12-10,713666,Βιολογικά Καρότα,22.9
2024-12-10,72770,ΜΠΑΡΜΠΑ ΣΤΑΘΗΣ Φασολάκια Στρογγυλά Λαδερά,56.5
2024-12-10,75429,DIROLLO Classic,99.8
2024-12-10,75588,ΗΠΕΙΡΟΣ Ελαφρύ,60.2
2024-12-10,79012,ΥΦΑΝΤΗΣ Σαλάμι Αέρος Pepper,32.9
2024-12-10,888902,GREEN Cola,14.9
2024-12-10,888838,ΚΟΝΤΟΓΙΑΝΝΗ 10άδα Medium,36.0
2024-12-10,97628,AIM Crystal Gel Fresh & White,16.7
2024-12-10,716683,ΤΣΙΛΙΛΗ Τσιπουρο,136.6
2024-12-10,856873,ΝΙΚΑΣ Πάριζα,17.3
2024-12-10,750906,PIZ BUIN Moisturising SPF30,164.8
2024-12-10,422026,FAIRY Ultra Original,53.4
2024-12-10,718734,ΙΕΡΑ ΜΟΝΗ ΜΑΚΑΡΙΩΤΙΣΣΗΣ,12.0
2024-12-10,716492,ΦΛΩΡΙΔΗΣ Ρολό Κοτόπουλο Γεμιστό,79.5
2024-12-10,900808,Αντζούγιες Αλίπαστες,169.5
2024-12-10,860188,Χοιρινή Πανσέτα Μ/Ο Εισαγωγής,61.5
2024-12-10,725102,EVERY DAY Hyperdry Extra Long Plus,34.1
2024-12-10,733019,ΦΡΕΣΚΟΥΛΗΣ Ceasar΄s με Κοτόπουλο,42.5
2024-12-10,721597,AFAIA Φιστίκια Κελυφωτά,105.7
2024-12-10,742910,NESCAFE Gold Cappuccino Sweet,34.4
2024-12-10,741783,MINI BABYBEL Rolls,27.7
2024-12-10,703897,Κάστανα Προβρασμένα,43.9
2024-12-10,744815,ΕΠΙΛΟΓΗ ΜΟΥ Αγελάδος 3-9%,14.9
2024-12-10,744847,ΕΠΙΛΟΓΗ ΜΟΥ Ψητές Σε Άλμη,26.5
2024-12-10,745793,PESCANOVA Γαρίδες Αποφλοιωμένες,59.8
2024-12-10,742076,ΟΛΥΜΠΟΣ Μήλο-Πορτ--Καρότο,39.6
2024-12-10,746496,ΕΠΙΛΟΓΗ ΜΟΥ Τυρί Κρέμα Πλήρες,18.5
2024-12-10,743905,ΕΠΙΛΟΓΗ ΜΟΥ Επιτραπέζιο,14.2
2024-12-10,747680,KNORR Κοτόσουπα Φιδές,23.5
2024-12-10,983385,WINE BARREL Ασυρτ.Μαλαγ.Sauvιgnon Λευκο,73.8
2024-12-10,729885,SEPTONA Χαμομήλι,18.7
2024-12-10,748146,SERENATA Κρουασάν Κακάο,12.9
2024-12-10,75406,ΗΠΕΙΡΟΣ Φέτα,122.7
2024-12-10,748354,ΕΠΙΛΟΓΗ ΜΟΥ Λευκή Sticks,13.0
2024-12-10,988287,ΥΦΑΝΤΗΣ Γαλοπούλα Καπνιστή Κάτι Άλλο,23.4
2024-12-10,771436,ΒΙΤΑΜ Μαργαρίνη Soft,28.6
2024-12-10,771501,BABYLINO Sensitive Economy No6 13-18kg,109.5
2024-12-10,771787,ΦΑΡΜΑ ΚΑΣΤΡΟΥ Πλήρες 3-6%,9.9
2024-12-10,990985,DETTOL Υγρά Μαντηλάκια με Λεμόνι,19.1
2024-12-10,772586,SOUPLINE Mistral,40.0
2024-12-10,218815,EXTRA Γαριδάκια με Τυρί,9.6
2024-12-10,555402,ΑΛΦΑ Μπύρα με Θαλασσινό Αλάτι,64.8
2024-12-10,81001337,REVUELE Κρέμα Νύκτας,79.9
2024-12-10,103699,NIVEA MEN Protecting Protect&Care,20.9
2024-12-10,1139,Κρεμμύδια Για Στιφάδο,6.7
2024-12-10,34013,NESCAFE Gold Cappuccino Sweet,55.8
2024-12-10,37035,ΚΥΚΝΟΣ 28%,14.9
2024-12-10,44009,MISKO Φιδές Ψιλός,9.0
2024-12-10,46219,AGRINO Ρύζι Bella Parboiled,26.5
2024-12-10,48100,ΜΥΛΟΙ ΑΓΙΟΥ ΓΕΩΡΓΙΟΥ Ν-1,17.7
2024-12-10,50054,ΜΙΝΕΡΒΑ Κλασικό,104.5
2024-12-10,6028,ΑΠΟΣΤΟΛΑΚΗ Τσίπουρο,46.4
2024-12-10,67950,FRISOGROW 1-3 ετών,109.8
2024-12-10,716052,Άσπρο Βιολογικό Λάχανο,15.5
2024-12-10,75012,Gouda Ολλανδίας Κομμάτι,84.5
2024-12-10,76519,PHILADELPHIA Cottage Cheese,27.5
2024-12-10,78450,ΦΑΓΕ Αγελαδίτσα 4%,25.8
2024-12-10,851952,MEGGLE Κρέμα Γάλακτος Patisserie,23.4
2024-12-10,860813,SEPTONA Πράσινο Μήλο (2+2) Δώρο,12.9
2024-12-10,875116,PIZ BUIN Spray Tan&Protect SPF15,157.9
2024-12-10,424909,KLINEX Spray 4σε1,25.9
2024-12-10,718733,ΙΕΡΑ ΜΟΝΗ ΜΑΚΑΡΙΩΤΙΣΣΗΣ,11.2
2024-12-10,860547,ΔΩΔΩΝΗ,35.4
2024-12-10,716021,ΗΠΕΙΡΟΣ Ζεμύθα 1% Λιπαρά,27.0
2024-12-10,719687,ΒΙΤΑΜ Μαργαρίνη Με Γιαούρτι,17.5
2024-12-10,10366,ΤΟ ΚΡΑΣΙ ΤΗΣ ΠΑΡΕΑΣ Λεύκο Tetra Pack,37.2
2024-12-10,721595,AFAIA Φιστίκι Ελληνικό Ανάλατο,53.0
2024-12-10,708424,Σπαλομίτα Βοείου Γαλλίας,131.0
2024-12-10,720742,ΜΟΥΤΕΒΕΛΗΣ Λουκάνικα  Καπνιστά Με Πράσο,47.2
2024-12-10,721915,ΕΠΙΛΟΓΗ ΜΟΥ Bbq,42.9
2024-12-10,724356,ORAL-B Essential Floss Κηρωμένο 50m,21.9
2024-12-10,702057,ΦΡΕΣΚΟΥΛΗΣ Καπριτσιόζα,16.5
2024-12-10,727691,LIFE Πορτοκάλι,42.0
2024-12-10,725103,EVERY DAY Sensitive Extra Long Plus,35.5
2024-12-10,760630,Σαρδέλες Αλίπαστες,141.8
2024-12-10,760621,ΔΩΔΩΝΗ Λευκό Τυρί Ελαφρύ,66.5
2024-12-10,731070,ΑΜΒΡΟΣΙΑΔΗ Κοτόπουλο Στήθος,59.5
2024-12-10,742362,ΕΠΙΛΟΓΗ ΜΟΥ Αυγά 10τεμ-,32.9
2024-12-10,729025,ΕΠΙΛΟΓΗ ΜΟΥ Facial 2φ-,13.5
2024-12-10,742207,ΧΑΛΒΑΤΖΗΣ Ρεβίθια Ατμού,26.3
2024-12-10,744854,ΕΠΙΛΟΓΗ ΜΟΥ Ανθός Σε Άλμη,14.9
2024-12-10,745796,PESCANOVA Γαρίδες Αποφλοιωμένες με Ουρά,74.8
2024-12-10,745816,ΕΠΙΛΟΓΗ ΜΟΥ Τυρογαριδάκια,7.4
2024-12-10,746520,ΕΠΙΛΟΓΗ ΜΟΥ Πάριζα Σε Φέτες,10.5
2024-12-10,743903,ΕΠΙΛΟΓΗ ΜΟΥ Επιτραπέζιο,16.6
2024-12-10,747683,KNORR Q-S.,16.9
2024-12-10,985056,FAIRY Max Power,20.0
2024-12-10,729893,SEPTONA Dermasoft Family (2+2)Δώρo,15.3
2024-12-10,729979,TUBORG Σόδα Pink Grapefruit Σαγκουινι,40.8
2024-12-10,746983,ΜΠΑΡΜΠΑ ΣΤΑΘΗΣ Αγκινάρες,82.6
2024-12-10,748355,ΕΠΙΛΟΓΗ ΜΟΥ Άχνη,7.5
2024-12-10,700044,ΟΛΥΜΠΟΣ Κρέμα Γάλακτος 20% (2+1) Δώρο,33.6
2024-12-10,771786,ΦΑΡΜΑ ΚΑΣΤΡΟΥ Ελαφρύ 1-5%,9.9
2024-12-10,772580,SOUPLINE Καρύδα και Λευκά Ανθη 56μεζ-,37.5
2024-12-10,81001338,REVUELE Κρέμα Προσώπου,79.9
2024-12-10,200620,ZEWA Exclusive Ultra Soft 8αρι 4φ-,67.2
2024-12-10,31266,ΠΑΠΑΔΟΠΟΥΛΟΥ Ολικής Αλεσης,15.4
2024-12-10,33084,LAVAZZA Crema & Gusto Αλεσμένος,51.7
2024-12-10,37126,PUMMARO Διπλής Συμπύκνωσης,25.9
2024-12-10,44053,BARILLA Σπαγγέτι Νο5 Ολικής Αλεσης,13.2
2024-12-10,46099,AGRINO Ρύζι Exotic Basmati,34.6
2024-12-10,470066,ΝΟΥΝΟΥ Κρέμα Γάλακτος 15% Λιπαρά,15.8
2024-12-10,48415,ΜΥΛΟΙ ΑΓΙΟΥ ΓΕΩΡΓΙΟΥ Χονδρό Ν-4,12.0
2024-12-10,50010,ΦΛΩΡΑ,44.9
2024-12-10,62423,HELLMANN΄S Ρώσικη Σαλάτα,27.7
2024-12-10,68675,NESTLE Nan 2 Optipro,105.0
2024-12-10,701130,ΒΙΚΟΣ Cola (5+1) Δώρο,30.1
2024-12-10,708852,ALFA Κασσιάτα Μυζήθρα Φέτα Γραβιέρα,52.2
2024-12-10,709914,ΚΟΛΙΟΣ Λευκό Πολυκάστρου,65.6
2024-12-10,715571,GILLETTE Series Moisturizing (+200ml)Δ,63.9
2024-12-10,716772,ΤΣΙΛΙΛΗ Τσιπουρο,43.0
2024-12-10,72412,ΜΠΑΡΜΠΑ ΣΤΑΘΗΣ Σπανακόρυζο,62.7
2024-12-10,78250,ΦΑΓΕ Αγελαδίτσα 2% Οικ-Συσκ.,25.8
2024-12-10,82809,SANI Sensitive No4 Extra Large,85.7
2024-12-10,852889,ΤΡΙΚΚΗ Πλήρες 3-5%,15.4
2024-12-10,872275,ΠΑΣΣΙΑΣ Γαλοπούλα Καπνιστή,109.5
2024-12-10,876658,ORAL-B Pro-Expert Prof-Protection,22.7
2024-12-10,881867,EVERY DAY Sensitive Super Ultra Plus,30.0
2024-12-10,900598,Μανούρι Πρόβειο Π-Ο.Π,124.5
2024-12-10,704961,Αρσενικό Νάξου Π-Ο.Π,212.0
2024-12-10,713669,Βιολογικά Αγγουράκια Κνωσού,39.9
2024-12-10,420203,TUBOFLO Σκόνη Κρύο,10.2
2024-12-10,854953,AVA Perle Chamomile,27.8
2024-12-10,718769,Σκόρδα Σετ,15.0
2024-12-10,860812,SEPTONA Άνθη Πορτοκαλιάς (2+2)Δώρο,12.9
2024-12-10,75878,ΝΤΕΛΗΜΑΡΗ Σαλάμι Αέρος Λευκάδος,52.9
2024-12-10,723147,ΙΕΡΑ ΜΟΝΗ ΜΑΚΑΡΙΩΤΙΣΣΗΣ Ανάμεικτη,12.0
2024-12-10,10433,ΤΟ ΚΡΑΣΙ ΤΗΣ ΠΑΡΕΑΣ Ερυθρό Tetra Pack,38.4
2024-12-10,721596,AFAIA Φιστίκι Κελυφωτό,53.0
2024-12-10,721916,ΕΠΙΛΟΓΗ ΜΟΥ Πολίτικο,44.9
2024-12-10,724906,ΕΠΙΛΟΓΗ ΜΟΥ Νέκταρ Ροδάκινο,8.8
2024-12-10,30085,ΚΑΡΑΜΟΛΕΓΚΟΣ Με Σίκαλη Ολικής Αλεσης,13.1
2024-12-10,727690,LIFE Μήλο-Πορτοκάλι-Καρότο,38.2
2024-12-10,730778,Χοιρινή Μπριζόλα Κόντρα Πανσέτα Εισαγωγής Σταβλίσια,66.5
2024-12-10,727951,DELI - FISH Φιλέτο Καπνιστή Σε Λάδι,23.2
2024-12-10,740334,TSAKIRIS Με Αλάτι,17.3
2024-12-10,733328,ΦΡΕΣΚΟΥΛΗΣ Italian Γεύμα,35.8
2024-12-10,703383,7DAYS Κρουασάν Πραλίνα Φουντούκι,15.0
2024-12-10,742363,ΕΠΙΛΟΓΗ ΜΟΥ Αυγά 10τεμ-,27.0
2024-12-10,734975,ΑΜΒΡΟΣΙΑΔΗ Ρολό Κοτόπουλο,90.0
2024-12-10,746037,ΕΠΙΛΟΓΗ ΜΟΥ Φέτα Π.Ο.Π,57.0
2024-12-10,879792,PILS HELLAS Μπύρα (5+1)ΔΩΡΟ,48.5
2024-12-10,746541,ΓΥΠΑΡΑΚΗ Μιτατοτύρι Κρήτης,198.5
2024-12-10,746512,ΕΠΙΛΟΓΗ ΜΟΥ Ωμοπλάτη Σε Φέτες,11.9
2024-12-10,747681,KNORR,24.5
2024-12-10,729894,SEPTONA Dermasoft Family,21.9
2024-12-10,771439,ΒΙΤΑΜ Μαργαρίνη Soft Light,16.8
2024-12-10,771069,ARIEL Λευκά & Χρωματιστά,139.9
2024-12-10,219080,LA VACHE QUI RIT Τρίγωνα 8τεμ,22.3
2024-12-10,701342,BABYLINO Sensitive Economy No2 3-6kg,66.0
2024-12-10,81001339,REVUELE Ξηραντική Λοσιόν,59.9
2024-12-10,11870,HEINEKEN Μπύρα Lager,70.8
2024-12-10,16590,Μπλε Τυρί Δανίας,119.5
2024-12-10,31026,ELITE Τριμμένη,8.9
2024-12-10,33036,LAVAZZA Oro Αλεσμένος,68.4
2024-12-10,41231,Οσομπούκο Νεαρό Μοσχάρι Γάλακτος Ολλανδίας,115.0
2024-12-10,44026,MISKO Πλεξούδες Χρυσή Σειρά,13.6
2024-12-10,470138,SANILAC Νο3,106.1
2024-12-10,470511,ΝΟΥΝΟΥ Κρέμα Σαντιγύ,26.2
2024-12-10,50009,ΦΛΩΡΑ,88.8
2024-12-10,6284,ΟΥΖΟ ΠΛΩΜΑΡΙΟΥ Ισιδώρου Αρβανίτου,40.5
2024-12-10,700226,ΚΡΗΤΙΚΟΣ Μοσχοφίλερο Λευκό,32.9
2024-12-10,702736,ΜΥΛΟΙ ΠΑΠΑΦΙΛΗ Κίτρινο Ψιλό,88.5
2024-12-10,707649,ΜΕΒΓΑΛ,10.9
2024-12-10,709256,ALFA Κασσιάτα Τυρί-Πράσο.Σπαν.Σέσκ.,51.2
2024-12-10,75452,ΗΠΕΙΡΟΣ Κατσικίσιο Λευκό Τυρί,53.7
2024-12-10,75544,Regato Bορείου Ιρλανδίας,94.5
2024-12-10,852890,ΤΡΙΚΚΗ Ελαφρύ 1%,15.4
2024-12-10,875596,GILLETTE Simply Venus 3 (4+2)Δώρο,43.1
2024-12-10,878186,ZEWA Deluxe Lavender 8αρι 3φ-,37.9
2024-12-10,900167,ΚΡΙ ΚΡΙ Αγγελάδος 2% (2+1)Δώρο,23.7
2024-12-10,72147,ΜΠΑΡΜΠΑ ΣΤΑΘΗΣ Αρακάς Λαδερός,59.8
2024-12-10,421142,AJAX Crystal Clean Αντλία,29.9
2024-12-10,63040,HELLMANN΄S Αγιορείτικη Μελιτζανοσαλάτα,43.2
2024-12-10,721337,ΕΠΙΛΟΓΗ ΜΟΥ Κάσιους Ψημένο Αλατισμένο,36.5
2024-12-10,724245,ΕΠΙΛΟΓΗ ΜΟΥ Πούδρα,8.9
2024-12-10,945052,ΜΟΥΤΕΒΕΛΗΣ Λουκάνικα Κοζάκικα Με Πάπρικα,47.1
2024-12-10,30010,ΚΡΙΣ ΚΡΙΣ Mini Σταρένιο,10.5
2024-12-10,740336,TSAKIRIS Με Ελληνική Ρίγανη,17.3
2024-12-10,725632,SANI Sensitive Lady No4 Extra,49.3
2024-12-10,733815,ΦΡΕΣΚΟΥΛΗΣ Ιταλική Οικογενείακη,29.5
2024-12-10,98116,AIM White Now Ice Mint,21.5
2024-12-10,742364,ΕΠΙΛΟΓΗ ΜΟΥ Αυγά 10τεμ-,28.9
2024-12-10,871881,EVERY DAY Hyperdry Maxi Night Ultra Plus,26.3
2024-12-10,70928,ΑΓΓΕΛΙΚΑ Πεϊνιρλί,45.8
2024-12-10,725162,ΕΠΙΛΟΓΗ ΜΟΥ,21.5
2024-12-10,746009,PRESIDENT Cheddar Τριγωνάκια,18.8
2024-12-10,733456,LIFE Ceylon Ροδάκινο,14.2
2024-12-10,743752,ΕΠΙΛΟΓΗ ΜΟΥ Ροδάκινο,3.9
2024-12-10,723527,Χοιρινό Κότσι Νωπό Μ/Ο Α/Δ Εισαγωγής,52.5
2024-12-10,46013,AGRINO Ρύζι Jasmine,28.8
2024-12-10,900393,Συσκευασία Καλαθάκι Λήμνου Π.Ο.Π.,64.7
2024-12-10,771438,ΒΙΤΑΜ Μαργαρίνη Κλασικό,14.0
2024-12-10,81001359,REVUELE Αφρός Καθαρισμού Προσώπου,89.9
2024-12-10,1000,Μπανάνες,18.9
2024-12-10,1002,Μαρούλια,7.5
2024-12-10,10702,ΜΠΑΜΠΑΤΖΙΜ Τσιπουρο,48.6
2024-12-10,107821,PALETTE Semi-set Νο 4 Καστανό,35.4
2024-12-10,1223,Αχλάδια Φέτελ,39.9
2024-12-10,14778,ΚΟΡΠΗ Φυσικό Μεταλλικό,17.3
2024-12-10,31024,ELITE Classic Σίκαλης,11.0
2024-12-10,32003,ΛΟΥΜΙΔΗΣ Παπαγάλος Παραδοσιακός,19.4
2024-12-10,37034,ΚΥΚΝΟΣ 28%,26.0
2024-12-10,41024,ΖΩΓΡΑΦΟΣ Φρουκτόζη,22.0
2024-12-10,46924,AGRINO Ρύζι Exotic Parboiled,35.6
2024-12-10,50242,ΑΛΤΙΣ Εξαιρετικό Παρθένο Ελαιόλαδο,148.5
2024-12-10,67808,ΝΟΥΝΟΥ Family Πλήρες,27.2
2024-12-10,700228,ΚΡΗΤΙΚΟΣ Αγιωργίτικο Ερυθρό,32.9
2024-12-10,70077,Κοτόπουλο Μπιφτέκι Ελληνικής Επεξεργασίας,89.5
2024-12-10,702737,ΜΥΛΟΙ ΠΑΠΑΦΙΛΗ Για Ολες Τις Χρήσεις,69.9
2024-12-10,708157,ΝΟΥΝΟΥ Κρέμα Γάλακτος Telia 3% (2+1),29.4
2024-12-10,708569,ΚΑΝΑΚΙ Φρέσκια (-0-50Ε),44.3
2024-12-10,709874,ΧΡΥΣΑ ΑΥΓΑ Αυγά 6τεμ- με Ωμέγα 3,37.4
2024-12-10,72046,ΜΠΑΡΜΠΑ ΣΤΑΘΗΣ Λαχανικά Ανάμεικτα,26.1
2024-12-10,78643,WUDY Λουκάνικα Κοτόπουλο Γαλοπούλα,47.4
2024-12-10,860052,BABYLINO Sensitive Economy No3 4-9kg,115.2
2024-12-10,863087,MIMIKOS Στήθος Κοτόπουλο Φιλέτο,119.5
2024-12-10,874823,SANI Pants Sensitive No1 Small,82.7
2024-12-10,877460,GILLETTE Blue3 (4+2)Δώρο,43.1
2024-12-10,888932,7DAYS Κρουασάν Kακάο,6.7
2024-12-10,889206,ALFA Μπουγάτσα  Σπανάκι Τυρί,32.1
2024-12-10,900548,ΔΩΔΩΝΗ Κατσικίσιο Τυρί,64.2
2024-12-10,97090,AIM White System,16.7
2024-12-10,741717,ΓΙΩΤΗΣ,23.1
2024-12-10,710860,CARROTEN SPF50,189.5
2024-12-10,421143,AJAX Crystal Clean Ανταλλακτικό,24.9
2024-12-10,11010,COCA COLA Original Taste,19.4
2024-12-10,63007,ΒΕΜ Ρώσικη Σαλάτα,39.8
2024-12-10,722936,ΕΠΙΛΟΓΗ ΜΟΥ Ηλιόσπορος Ψημένος Ανάλατος,7.6
2024-12-10,720127,SOFTEX Grande Roll,28.9
2024-12-10,724244,ΕΠΙΛΟΓΗ ΜΟΥ Χαμομήλι & Αλόη,8.9
2024-12-10,719957,Σπαλομπριζόλα Νεαρό Μοσχάρι Γάλακτος Μ/Ο Ολλανδίας,154.0
2024-12-10,760243,PESCANOVA Γάμπαρες Αργεντινής Ν-2,74.8
2024-12-10,732661,DELI - FISH Φιλέτο Σε Λάδι,34.7
2024-12-10,740337,TSAKIRIS Με Ελληνική Ρίγανη,12.0
2024-12-10,86066,SEPTONA Antibacterial Πορτοκάλι,10.0
2024-12-10,728452,ΚΑΤΣΕΛΗΣ Σταρένιο Mini,10.4
2024-12-10,900383,ΔΩΔΩΝΗ Φέτα Π.Ο.Π.,139.8
2024-12-10,732192,ALMITO Καρδούλες Με Κρέμα Τυριών,31.1
2024-12-10,733891,ΠΕΡΙΒΟΛΙΑ ΒΕΖΥΡΟΓΛΟΥ Πιπεράτη Baby Leaves,16.9
2024-12-10,743755,ΕΠΙΛΟΓΗ ΜΟΥ Πορτοκάλι,3.7
2024-12-10,747682,KNORR,16.9
2024-12-10,746999,EMMENTAL Aυστρίας,99.8
2024-12-10,862381,ΜΕΒΓΑΛ Ανθότυρο,28.8
2024-12-10,729709,FAIRY Original Λεμόνι(40+40)Δ,151.9
2024-12-10,771399,ΔΕΛΤΑ Complet 10% Γιαούρτι (-1-00)Ε,36.0
2024-12-10,771066,ARIEL Touch of Colour,139.9
2024-12-10,81001362,REVUELE Ορός Προσώπου,69.9
2024-12-10,107832,PALETTE Semi-set Νο 10-1 Ξανθό Σαντρέ,35.4
2024-12-10,11869,AMSTEL Μπύρα Lager,60.0
2024-12-10,12069,POWERADE Mountain Blast,14.8
2024-12-10,31181,ΠΑΠΑΔΟΠΟΥΛΟΥ Σίκαλης,12.5
2024-12-10,37452,PUMMARO Κρεμμύδι,12.2
2024-12-10,46213,AGRINO Ρύζι Φάνσυ Blue Rose,23.0
2024-12-10,50184,ΑΛΤΙΣ Εξαιρετικό Παρθένο Ελαιόλαδο,294.9
2024-12-10,67969,ΝΟΥΝΟΥ Family Light,27.2
2024-12-10,704085,ΓΙΩΤΗΣ Για Ολες τις Χρήσεις (-0-35)Ε,11.9
2024-12-10,704694,ZEWA Deluxe Delicate 8αρι 3φ-,37.9
2024-12-10,75100,KERRYGOLD Regato,112.5
2024-12-10,76885,ΑΡΑΠΟΓΛΟΥ Μοσχαρίσιο Λουκάνικο,78.0
2024-12-10,78895,CRETA FARMS ΕΝ ΕΛΛΑΔΙ Φιλέτο Γαλοπούλας,174.8
2024-12-10,861899,ΦΑΓΕ Κρέμα Γάλακτος 15% (-1-00E),36.2
2024-12-10,874821,SANI Pants Sensitive No3 Large,96.3
2024-12-10,88264,NIVEA MEN Sensitive,45.4
2024-12-10,2784,ΚΤΗΜΑ ΛΑΖΑΡΙΔΗ Λευκό Μαύρο Πρόβατο,138.9
2024-12-10,715658,AJAX Classic Ανταλλακτικό Τιμή Σοκ,17.4
2024-12-10,16280,ΔΩΔΩΝΗ Φέτα Π.Ο.Π.,64.5
2024-12-10,876293,ΚΟΡΠΗ Φυσικό Μεταλλικό (10+2)Δώρο,32.0
2024-12-10,75700,ΧΩΡΙΟ Λευκό Τυρί Ελαφρύ 12% Λιπαρά,68.7
2024-12-10,701223,7DAYS Κρουασάν Πραλίνα,6.7
2024-12-10,718812,Εμφιαλωμένη Άλμη,10.9
2024-12-10,720875,ΠΑΠΑΔΟΠΟΥΛΟΥ Μιράντα Baby,23.7
2024-12-10,722938,ΕΠΙΛΟΓΗ ΜΟΥ Πασατέμπος Ψημένος Ανάλατος,15.4
2024-12-10,700815,Σπάλα Βοείου Νωπή Α/Ο Πολωνίας,117.5
2024-12-10,719931,ΠΑΠΑΔΟΠΟΥΛΟΥ Σίτου Plus,19.1
2024-12-10,730817,ΧΡΥΣΑ ΑΥΓΑ Αυγά 6τεμ- με Vit.D (-0.50?),32.9
2024-12-10,86026,SEPTONA Antibacterial Πράσινο Μήλο,9.7
2024-12-10,728127,BEN & JERRY?S Chocolate Fudge Brownie,86.0
2024-12-10,733988,ΚΑΤΣΑΡΟΣ Τσιπουρο,48.9
2024-12-10,81010,EVERY DAY Normal Fresh,12.9
2024-12-10,744816,ΕΠΙΛΟΓΗ ΜΟΥ Αγελάδος 2%,14.9
2024-12-10,744775,ΕΠΙΛΟΓΗ ΜΟΥ,11.5
2024-12-10,745854,ΕΠΙΛΟΓΗ ΜΟΥ Τσιπς με Αλάτι,15.9
2024-12-10,746294,PHILADELPHIA Τυρί Κρέμα Extra Protein,28.9
2024-12-10,743757,ΕΠΙΛΟΓΗ ΜΟΥ Μήλο,9.5
2024-12-10,743860,MIMIKOS Στήθος Κοτόπουλο Φιλέτο,119.5
2024-12-10,747468,ΑΠΟ ΤΟ ΠΕΡΙΒΟΛΙ ΤΟΥ ΠΑΠΠΟΥ Αποξηραμένη Ντομάτα,35.8
2024-12-10,746666,ΜΠΑΡΜΠΑ ΣΤΑΘΗΣ Φασόλια Χάντρες,43.7
2024-12-10,747732,NESCAFE Classic,62.7
2024-12-10,716054,Βιολογικό Μπρόκολο,53.9
2024-12-10,218015,ΑΡΚΑΔΙ Ρόδι & Σταφύλι,33.1
2024-12-10,81001368,REVUELE Κρέμα Καθαρισμού,99.9
2024-12-10,106854,STUDIO LINE Extra Strong,44.1
2024-12-10,12003,FISCHER Μπύρα Pilsner,19.6
2024-12-10,131049,ΦΑΓΕ Flair Cottage Cheese,35.2
2024-12-10,16294,Γραβιέρα Αμφιλοχίας,149.0
2024-12-10,37838,PUMMARO Passata Κλασσικό,7.9
2024-12-10,43011,ΜΠΑΡΜΠΑ ΣΤΑΘΗΣ Κομμένα,37.9
2024-12-10,46005,AGRINO Ρύζι Καστανό Βrown,25.4
2024-12-10,50099,XENIA Εξαιρετικό Παρθένο,71.5
2024-12-10,6015,MINI ΜΥΤΙΛΗΝΗΣ Ούζο,112.9
2024-12-10,701367,CASTELLO Μπλε Τυρί Δανίας,19.1
2024-12-10,701752,ΚΤΗΜΑ ΛΑΖΑΡΙΔΗ Μαύρο Πρόβατο Ερυθρό,165.5
2024-12-10,706249,ΟΛΥΜΠΟΣ Φέτα Π.Ο.Π. Βαρελίσια,52.2
2024-12-10,709812,ΜΑΝΝΑ Για Πίτες,17.2
2024-12-10,716538,ΧΑΒΕΛΑΣ Τυρόπιτα Ζαγορίσια,64.7
2024-12-10,78026,ΦΑΓΕ Total Στραγγιστό 5%,24.4
2024-12-10,78777,ΥΦΑΝΤΗΣ Παριζάκι Βραστό Ελαφρύ,27.7
2024-12-10,81669,EVERY DAY Normal All Cotton,14.0
2024-12-10,851837,FRISOLAC 1ης Βρεφικής Ηλικίας,218.8
2024-12-10,865294,ΚΟΝΤΟΓΙΑΝΝΗ Ημέρα 6άδα Large,29.8
2024-12-10,874411,MONSTER Energy Absolute Zero,15.3
2024-12-10,97442,COLGATE Plax Original,24.2
2024-12-10,102037,GILLETTE Simply Venus (4+4)Δώρο,58.9
2024-12-10,93972,DETTOL Power & Fresh Green Apple,19.2
2024-12-10,722929,ΕΠΙΛΟΓΗ ΜΟΥ Αμύγδαλο Λευκό Ωμό,33.9
2024-12-10,854309,ΝΙΚΑΣ Σαλάμι Αέρος,26.2
2024-12-10,725046,LIFE 9 Φρούτα,33.2
2024-12-10,760684,STARBUCKS Decaf Espresso Roast,32.8
2024-12-10,727834,ΧΩΡΙΟ Μαργαρίνη Soft,15.9
2024-12-10,702492,Βόειο Ποντίκι Πολωνίας,112.5
2024-12-10,732662,DELI - FISH Φιλέτο Μαρινάτος Σε Λάδι,26.7
2024-12-10,725669,SEPTONA Antibacterial Πράσινο Μήλο,14.9
2024-12-10,67334,ΔΕΛΤΑ μμμMilk Οικογενειακό 3-5%,28.6
2024-12-10,725877,ΕΠΙΛΟΓΗ ΜΟΥ 2 φύλλα,12.5
2024-12-10,946314,ΠΕΡΙΒΟΛΙΑ ΒΕΖΥΡΟΓΛΟΥ Ελληνική Baby Leaves,10.9
2024-12-10,729212,FAIRY Platinum Lemon All In 1(+33τεμ,151.9
2024-12-10,745852,ΕΠΙΛΟΓΗ ΜΟΥ Τσιπς  Ρϊγανη,15.9
2024-12-10,743754,ΕΠΙΛΟΓΗ ΜΟΥ Ρόδι,11.5
2024-12-10,750878,ΑΠΟ ΤΟ ΠΕΡΙΒΟΛΙ ΤΟΥ ΠΑΠΠΟΥ Λιαστή Ντομάτα,38.4
2024-12-10,720883,ΣΤΑΜΟΥ Ζελέ Cream,11.9
2024-12-10,44372,ΖΩΓΡΑΦΟΣ Slim Line,35.8
2024-12-10,983365,ΚΑΡΑΜΟΛΕΓΚΟΣ Σταρένιο με Σίκαλη,18.8
2024-12-10,984143,SEPTONA Dermasoft Family,42.8
2024-12-10,749259,Βιολογικό Κουνουπίδι,46.5
2024-12-10,217841,OMO Τροπικά Λουλούδια,39.9
2024-12-10,81001371,REVUELE Κρέμα Ματιών,49.9
2024-12-10,104174,NIVEA Soft,67.5
2024-12-10,107934,ELNETT Satin Normal,45.4
2024-12-10,14507,ΑΥΡΑ Active Cap,6.4
2024-12-10,140000,CANDEREL Βάζο Σε Σκόνη,32.9
2024-12-10,31022,ELITE Classic,7.0
2024-12-10,37123,PUMMARO Διπλής Συμπύκνωσης,14.2
2024-12-10,44228,MISKO Φιογκάκι,12.9
2024-12-10,46215,AGRINO Ρύζι Φίνο Νυχάκι,21.7
2024-12-10,46910,ΜΠΑΡΜΠΑ ΣΤΑΘΗΣ Ρύζι με Καλαμπόκι,38.4
2024-12-10,70268,Βόειος Κιμάς Νωπός Γαλλίας,99.5
2024-12-10,703875,ΧΡΥΣΑ ΑΥΓΑ Αυγά 4τεμ-,33.8
2024-12-10,715716,ARLA Cottage Protein Cheese,26.7
2024-12-10,758339,ΓΙΩΤΗΣ Για Ολες Τις Χρήσεις (2+1)Δώρο,28.5
2024-12-10,78110,ΦΑΓΕ Τotal Στραγγιστό  2%,24.4
2024-12-10,78642,WUDY Λουκάνικα Με Λιωμένο Τυρί,12.3
2024-12-10,79591,CRETA FARMS ΕΝ ΕΛΛΑΔΙ Φιλέτο Γαλοπούλας Καπνιστό,174.8
2024-12-10,862689,SANILAC Νο1,122.2
2024-12-10,867105,EVERY DAY Normal All Cotton,20.7
2024-12-10,869374,ΝΟΥΝΟΥ Κρέμα Γάλακτος 35% (-2-00E),56.0
2024-12-10,878902,APEROL Aperitivo,170.3
2024-12-10,103363,NIVEA MEN Sensitive Shaving,63.0
2024-12-10,200416,Χοιρινό Κοντοσούβλι Νωπό Ελληνικό,97.5
2024-12-10,854297,ΚΤΗΜΑ ΑΛΦΑ Χελώνες Μαλαγουζιά,149.8
2024-12-10,851809,DETTOL Spray Power & Pure +250ml,20.4
2024-12-10,718729,Άιζμπεργκ,17.9
2024-12-10,719788,ΧΩΡΙΟ Soft με Βούτυρο Τυπού Κερκύρας,28.2
2024-12-10,722941,ΕΠΙΛΟΓΗ ΜΟΥ Σταφίδα Ξανθή,16.0
2024-12-10,720940,ΧΑΒΕΛΑΣ Κοτόπιτα Ζαγορίσια,60.3
2024-12-10,721475,ΕΠΙΛΟΓΗ ΜΟΥ Ρώσικη Σαλάτα,16.9
2024-12-10,740230,LISTERINE Total Care,50.5
2024-12-10,860817,ΠΙΝΔΟΣ Κοτόπουλο Φιλέτο Μπούτι,91.5
2024-12-10,67335,ΔΕΛΤΑ μμμMilk Οικογενειακό 1-5%,28.6
2024-12-10,733461,LIFE Rooidos Cranberry Ιβίσκος,14.2
2024-12-10,723191,DELI - FISH Γαύρος Φιλέτο Μαρινάτος,224.5
2024-12-10,745794,PESCANOVA Χταπόδι Ινδο-Ειρηνικού Πλοκάμι,131.1
2024-12-10,743756,ΕΠΙΛΟΓΗ ΜΟΥ Ανανάς,11.9
2024-12-10,746511,ΕΠΙΛΟΓΗ ΜΟΥ Σαλάμι Αέρος Σε Φέτες,16.9
2024-12-10,710041,ΚΤΗΜΑ ΔΙΑΜΑΝΤΗ,69.9
2024-12-10,900239,ΣΤΑΜΟΥ Φράουλα Χωρίς Προσθ-Ζάχαρης,12.4
2024-12-10,718977,PLANET Antibact,12.1
2024-12-10,965748,SANI Sensitive Lady No5 Super,63.2
2024-12-10,771817,7DAYS Pizza,15.9
2024-12-10,992084,ARIEL All In 1 Alpine (1+1) Δώρο,103.3
2024-12-10,748909,LAVAZZA Espresso Rossa Ground,100.8
2024-12-10,219073,ENDLESS Goodmood 3φ,29.8
2024-12-10,774982,PARRANO Robusto Σκληρό τυρί,154.8
2024-12-10,769163,Δοχείο Φέτα ΠΟΠ Μανταμάδου Μυτιλήνης,119.5
2024-12-10,81001373,REVUELE Κρέμα Προσώπου,79.9
2024-12-10,1006,Μήλα Κόκκινα,11.9
2024-12-10,104009,NIVEA Creme,28.0
2024-12-10,11551,COCA COLA (5+1)Δώρο,41.7
2024-12-10,12031,BUD Μπύρα Lager,15.7
2024-12-10,13017,AMITA Πορτοκάλι Βερίκοκο Μήλο,18.8
2024-12-10,23581,7DAYS Τσουρεκάκι,11.5
2024-12-10,2522,HAIG,186.5
2024-12-10,31287,ΠΑΠΑΔΟΠΟΥΛΟΥ Μακεδονικά Ολικής Άλεσης,17.5
2024-12-10,37450,ΜΠΑΡΜΠΑ ΣΤΑΘΗΣ Στον Τρίφτη,11.9
2024-12-10,46121,BEN΄S Parboiled Σε Σακουλάκι 10΄,28.8
2024-12-10,51475,ΧΩΡΙΟ Μαργαρίνη Κλασική με Ελαιόλαδο,16.8
2024-12-10,707736,ΔΩΔΩΝΗ Χαλλούμι,33.0
2024-12-10,716541,ΧΑΒΕΛΑΣ Χορτόπιτα Ζαγορίσια Νηστίσιμη,55.5
2024-12-10,79820,ΥΦΑΝΤΗΣ Σαλάμι Αέρος,24.9
2024-12-10,79929,ΝΙΚΑΣ Γαλοπούλα Καπνιστή,168.0
2024-12-10,81403,EVERY DAY Extra Long All Cotton,24.8
2024-12-10,854864,DIROLLO Emmental Τυρί Light 16%,126.2
2024-12-10,862765,FRISOLAC 1ης Βρεφικής Ηλικίας,118.0
2024-12-10,867209,ΑΛΛΑΤΙΝΗ Για Ολες Τις Χρήσεις (-0-30Ε),12.5
2024-12-10,874822,SANI Pants Sensitive No2 Medium,80.9
2024-12-10,854285,ΟΛΥΜΠΟΣ Ρόδι - Μήλο - Σταφύλι,32.8
2024-12-10,90524,NIVEA MEN Strong Beard Protect&Care,45.4
2024-12-10,79570,ΑΡΑΠΟΓΛΟΥ Λουκάνικο Χοιρινό,67.5
2024-12-10,41949,Ποντίκι Βοείου Γαλλίας,112.5
2024-12-10,708340,ΚΤΗΜΑ ΑΛΦΑ Syrah Χελώνες Ερυθρό,181.7
2024-12-10,637017,AJAX Kloron Με Χλωρίνη Αντλία,29.4
2024-12-10,717862,PLANET Antibactirial,16.8
2024-12-10,712585,ΚΑΤΣΕΛΗΣ Πολύσπορο Με Σίκαλη & Βρώμη,20.8
2024-12-10,900328,ADORO Κρέμα Γάλακτος Per Pasta 2+1,36.6
2024-12-10,714544,Βιολογικά Μήλα Σμιθ,58.9
2024-12-10,722940,ΕΠΙΛΟΓΗ ΜΟΥ Σταφίδα Μαύρη,13.8
2024-12-10,721476,ΕΠΙΛΟΓΗ ΜΟΥ Τζατζίκι,19.9
2024-12-10,714974,ΑΥΡΑ Φυσικό Μεταλλικό (9+3)Δώρο,32.4
2024-12-10,725330,COLGATE Protection Caries (1+1),19.8
2024-12-10,715832,ΞΥΝΟ Ανθρακούχο,9.2
2024-12-10,900902,ΧΡΥΣΑ ΑΥΓΑ Aυγά Αχυρώνα 6τεμ-,27.5
2024-12-10,705066,CRETA FARMS Παριζάκι Tostaki,14.9
2024-12-10,725673,SOFLAN Bivalent Classic,43.5
2024-12-10,78647,WUDY Λουκάνικα Κοτόπουλο Γαλοπούλα,15.3
2024-12-10,742866,ΔΕΛΤΑ Του Τόπου Μας Πλήρες 3.7%,18.8
2024-12-10,725888,ΕΠΙΛΟΓΗ ΜΟΥ Καρό 33*33 130γρ-,7.9
2024-12-10,723190,DELI - FISH Ατζούγια Φιλέτο,323.5
2024-12-10,740732,ΓΑΙΑ Πάστα Λιαστής Τομάτας,23.1
2024-12-10,903208,ΣΤΑΜΟΥ Φράουλα,11.4
2024-12-10,748633,7DAYS Ντομάτα - Ελιά,15.9
2024-12-10,748841,NESCAFE Azera Sticks,26.1
2024-12-10,774698,ΕΠΙΛΟΓΗ ΜΟΥ Βαρελίσια Φέτα Π.Ο.Π.,55.9
2024-12-10,218090,BABYLINO Economy Unisex No5 10-16kg,99.8
2024-12-10,81001383,REVUELE Κρέμα Προσώπου,79.9
2024-12-10,104012,NIVEA Creme,45.8
2024-12-10,10623,ΚΤΗΜΑ ΠΑΥΛΙΔΗ Thema Λευκό,150.0
2024-12-10,12015,AMSTEL Μπύρα Lager,15.1
2024-12-10,13011,AMITA Motion 9 Φρούτων,32.9
2024-12-10,31174,ΚΑΡΑΓΙΑΝΝΗΣ Με Γλυκάνισο,28.0
2024-12-10,33042,JACOBS Εκλεκτός,97.0
2024-12-10,3414,HAVANA CLUB 3 ετών,193.0
2024-12-10,41421,PUMMARO Σπιτική Τομάτα,24.9
2024-12-10,44125,BARILLA Fusilli,18.3
2024-12-10,46253,BEN΄S Ρύζι Basmati 10΄,39.9
2024-12-10,46911,ΜΠΑΡΜΠΑ ΣΤΑΘΗΣ Ρύζι με Μανιτάρια,39.8
2024-12-10,50366,ΚΟΡΗ,67.3
2024-12-10,706378,ΟΛΥΜΠΟΣ 9 Φρούτα,32.8
2024-12-10,860809,Κεφαλογραβιέρα Αμφιλοχίας Π-Ο.Π,169.0
2024-12-10,863146,ALMIRON Νo 2,200.0
2024-12-10,867457,EVERY DAY Extra Long (+14τεμ-)Δώρο,49.5
2024-12-10,876371,SCHWEPPES Soda Water,30.5
2024-12-10,41662,Χοιρινό Ρολό Γεμιστό Ελληνικής Επεξεργασίας,79.5
2024-12-10,104052,NIVEA Carotene SPF6,134.0
2024-12-10,421026,ACE Gentile,28.5
2024-12-10,718719,ΑΝΘΟΣ Νισεστες,13.0
2024-12-10,721474,ΕΠΙΛΟΓΗ ΜΟΥ Μελιτζανοσαλάτα,19.9
2024-12-10,714542,Βιολογικά Λεμόνια,24.0
2024-12-10,131014,MEGGLE Κρέμα Γάλακτος Μαγειρικής 20%,48.0
2024-12-10,725315,BABYLINO Εconomy Unisex No4 7-13Kg,178.3
2024-12-10,705553,ΞΥΝΟ Ανθρακούχο,13.8
2024-12-10,728606,ΥΦΑΝΤΗΣ Σαλάμι Αέρος Πικάντικο,24.9
2024-12-10,742868,ΔΕΛΤΑ Του Τόπου Μας Ελαφρύ 1.5%,18.8
2024-12-10,725880,ΕΠΙΛΟΓΗ ΜΟΥ Decor 2 φύλλα,23.5
2024-12-10,305009,VIAKAL,32.1
2024-12-10,723188,DELI - FISH Ρέγγα Καπνιστή Φιλέτο,168.8
2024-12-10,743221,ΑΠΟΣΤΟΛΟΥ Ταλαγάνι,27.6
2024-12-10,743032,DIMELLO Espresso Forza Beans,59.9
2024-12-10,743989,ΠΕΡΙΒΟΛΙΑ ΒΕΖΥΡΟΓΛΟΥ Super Mix Baby Leaf,18.9
2024-12-10,748141,CHAMPION Κρουασάν Κρέμα Πραλίνα,21.9
2024-12-10,746879,ΧΡΥΣΑ ΑΥΓΑ Ελευθέρας Βοσκής 6άδα (-0-50Ε),33.4
2024-12-10,734968,ΑΜΒΡΟΣΙΑΔΗΣ Κοτόπουλο Φιλέτο Μπούτι,91.5
2024-12-10,701634,ΖΑΓΟΡΑΣ Κόκκινα,22.9
2024-12-10,771395,ΔΕΛΤΑ Complet 2% Γιαούρτι (-1.00)Ε,36.0
2024-12-10,771431,ΓΕΩΡΓΙΟΥ Φέτα Π.Ο.Π. Αμφιλοχίας,127.5
2024-12-10,991356,7DAYS Κλασσική,15.9
2024-12-10,771783,ΕΠΙΛΟΓΗ ΜΟΥ Γιαούρτι Κατσικίσιο,11.0
2024-12-10,413528,FINISH Αλάτι,49.8
2024-12-10,772606,AIM White Now Gold,28.1
2024-12-10,81001386,REVUELE Κρέμα Ματιών,59.9
2024-12-10,12044,HEINEKEN Μπύρα,18.7
2024-12-10,2001,DEWARS,199.8
2024-12-10,31555,ELITE Vita Ολικής Άλεσης (3+1)Δώρο,22.1
2024-12-10,34007,NESCAFE Classic,22.9
2024-12-10,44178,MISKO Κανελόνια,12.9
2024-12-10,705959,HELL Classic,8.4
2024-12-10,81016,EVERY DAY Extra Long Extra Dry,23.0
2024-12-10,860452,MOLTO Κρουασάν Κακάο,27.5
2024-12-10,863595,ALMIRON Growing up 1+,23.4
2024-12-10,874492,AMITA Μήλο Πορτοκάλι Καρότο,22.8
2024-12-10,97511,COLGATE Max White One,21.0
2024-12-10,73481,Βόειο Νωπό Μπιφτέκι Ελληνικής Επεξεργασίας,89.5
2024-12-10,900903,ΧΡΥΣΑ ΑΥΓΑ Αυγά 6τεμ-,30.8
2024-12-10,70263,Μπούτι Κοτόπουλο Ελληνικό,56.5
2024-12-10,421044,KLINEX Spray,22.7
2024-12-10,881819,ΜΥΛΟΙ ΑΓΙΟΥ ΓΕΩΡΓΙΟΥ Για Ολες Τις Χρήσεις (2+1)Δώρο,27.8
2024-12-10,721473,ΕΠΙΛΟΓΗ ΜΟΥ Σαλάτα Κηπουρού,19.9
2024-12-10,869269,BEN΄S Ρύζι Basmati Σε Σακουλάκι 10΄,40.8
2024-12-10,724144,ΜΗΤΡΟΔΗΜΟΣ Αμύγδαλο Κισσάβου,50.3
2024-12-10,732856,ΜΠΛΕ ΤΡΑΚΤΕΡ Λευκός,105.4
2024-12-10,728453,ΚΑΤΣΕΛΗΣ Σταρένιο Με 6 Δημητριακά,12.6
2024-12-10,742867,ΔΕΛΤΑ Του Τόπου Μας Πλήρες 3.7%,28.0
2024-12-10,729024,ΕΠΙΛΟΓΗ ΜΟΥ Facial 2φ-,9.5
2024-12-10,723189,DELI - FISH Τονολακέρδα Φιλέτο,324.5
2024-12-10,900423,ARLA Δανίας 40%,117.8
2024-12-10,746521,ΕΠΙΛΟΓΗ ΜΟΥ Παριζάκι,14.9
2024-12-10,743859,ΕΠΙΛΟΓΗ ΜΟΥ Ανθρακούχο,9.5
2024-12-10,743987,ΠΕΡΙΒΟΛΙΑ ΒΕΖΥΡΟΓΛΟΥ Τραγανή Baby Leaf,17.9
2024-12-10,746730,ΚΟΛΙΟΣ Σπιτικό αγελαδινό,45.2
2024-12-10,943587,ADORO Φυτική Κρέμα,25.0
2024-12-10,746038,ΕΠΙΛΟΓΗ ΜΟΥ Φέτα Π.Ο.Π.,119.5
2024-12-10,965752,SANI Pants No2 Medium Value Pack,160.0
2024-12-10,79299,CRETA FARMS ΕΝ ΕΛΛΑΔΙ Σαλάμι Αέρος Mini,40.5
2024-12-10,771094,SKIP Clean,119.8
2024-12-10,771784,ΕΠΙΛΟΓΗ ΜΟΥ Γιαούρτι Πρόβειο Παραδοσιακό,12.2
2024-12-10,772879,ΕΠΙΛΟΓΗ ΜΟΥ Υγρό Πιάτων Λεμόνι,8.9
2024-12-10,991841,7DAYS Bake Rolls Mini Bbq,15.9
2024-12-10,772591,ΕΠΙΛΟΓΗ ΜΟΥ Καλέντουλα και Πανθενόλη,19.9
2024-12-10,81001387,REVUELE Ορός,69.9
2024-12-10,107826,PALETTE Semi-set Νο  9 Ξανθό Ανοιχτό,35.4
2024-12-10,110422,TAI Ασετόν Με Λάδι,14.8
2024-12-10,11057,PEPSI Twist,15.7
2024-12-10,1159,Μήλα Φούτζι,18.9
2024-12-10,13502,AMITA Βύσσινο,20.0
2024-12-10,31199,ΠΑΠΑΔΟΠΟΥΛΟΥ Πολύσπορα,17.5
2024-12-10,44031,ΜΕΛΙΣΣΑ Κριθαράκι Μέτριο,8.9
2024-12-10,46269,BEN΄S Ρύζι Parboiled Σε 10΄,25.5
2024-12-10,67784,ΟΛΥΜΠΟΣ Πορτοκάλι,32.6
2024-12-10,705709,SENSODYNE Extra Fresh,35.5
2024-12-10,708873,EVERY DAY Extra Dry Large (+16τεμ-)Δώρο,42.7
2024-12-10,710567,ΜΠΑΡΜΠΑ ΣΤΑΘΗΣ Στον Τρίφτη,27.4
2024-12-10,75792,ΛΟΓΑΔΙ ΗΠΕΙΡΟΣ Ημίσκληρο Τυρί,159.8
2024-12-10,78104,ΦΑΓΕ Total Στραγγιστό 5%,48.8
2024-12-10,82895,TENA Lady Extra,48.4
2024-12-10,852733,CHIPICAO Κρουασάν Κρέμα Κακάο,6.7
2024-12-10,863597,ALMIRON Growing up 2+,23.4
2024-12-10,900923,ΧΡΥΣΑ ΑΥΓΑ Αυγά 6τεμ-,27.7
2024-12-10,12938,PILS HELLAS Μπύρα,53.6
2024-12-10,295061,PRODERM Για Βρεφικά Ρούχα 17μεζ-,67.3
2024-12-10,102967,GILLETTE Venus Close & Clean + 2 Αντ/κά,65.9
2024-12-10,701470,NIVEA Spray Protect&Bronze SPF20,170.6
2024-12-10,718070,Τοματίνια Βελανίδια,23.9
2024-12-10,852949,Λουκάνικο Πρόβειο,82.5
2024-12-10,719109,ΖΑΓΟΡΙ Ανθρακούχο,42.0
2024-12-10,719886,ΕΠΙΛΟΓΗ ΜΟΥ Για Ολες Τις Χρήσεις,9.6
2024-12-10,721472,ΕΠΙΛΟΓΗ ΜΟΥ Τυροκαυτερή,19.9
2024-12-10,721914,ΕΠΙΛΟΓΗ ΜΟΥ Λουκάνικα Χωριάτικα Με Φέτα,25.9
2024-12-10,30012,ΚΡΙΣ ΚΡΙΣ Mini Σίκαλης,12.8
2024-12-10,18985,SWEET & BALANCE Επιτραπέζιο Σε Σκόνη Με Stevia,44.7
2024-12-10,732971,Καρυδόψιχα Κισσάβου,41.5
2024-12-10,732857,ΜΠΛΕ ΤΡΑΚΤΕΡ Ερυθρός,109.1
2024-12-10,742869,ΔΕΛΤΑ Του Τόπου Μας Ελαφρύ 1.5%,28.0
2024-12-10,75388,ΟΡΕΙΝΕΣ ΠΛΑΓΙΕΣ Κατίκι Δομοκού Π-Ο.Π,99.5
2024-12-10,743988,ΠΕΡΙΒΟΛΙΑ ΒΕΖΥΡΟΓΛΟΥ Ιταλική Baby Leaf,16.9
2024-12-10,743996,ΑΛΛΟΤΙΝΟ Χ. Γλυκάνισο,125.2
2024-12-10,715569,TORRE Φυτική Κρέμα Vegetαlcrem,27.1
2024-12-10,944496,CRETA FARMS ΕΝ ΕΛΛΑΔΙ Σαλάμι Αέρος (-0-40Ε),24.5
2024-12-10,723187,DELI - FISH Σκουμπρί Καπνιστό Φιλέτο,244.0
2024-12-10,745640,ΣΟΛΩΜΟΣ Αγγουράκια Μέτρια,29.5
2024-12-10,771620,WHITE LEAF Επιτραπέζια Χαρτομάντηλα 200φ.,16.9
2024-12-10,772907,ΕΠΙΛΟΓΗ ΜΟΥ Χλωρίνη Ultra Lemon,9.5
2024-12-10,748910,LAVAZZA Espresso Qualita Rossa Ncc,110.5
2024-12-10,772355,FINISH Ultimate All In 1 Lemon,50.0
2024-12-10,748650,LAYS Τσιπς στο Φούρνο BBQ,18.5
2024-12-10,81000218,ΜΥΤΙΛΗΝΗΣ Φέτα Π.Ο.Π,39.0
2024-12-10,81001377,REVUELE Λάδι Καθαρισμού,69.9
2024-12-10,10010,ΚΑΤΩΓΙ ΑΒΕΡΩΦ Λευκό,92.0
2024-12-10,107820,PALETTE Semi-set Νο 1 Μαύρο Μπλε,35.4
2024-12-10,128831,MADONA Papillon Soft Massage (1+1)Δώρ,9.0
2024-12-10,13229,AMITA Ροδάκινο,18.1
2024-12-10,44064,BARILLA Κανελόνια,20.8
2024-12-10,51240,ΝΕΑ ΦΥΤΙΝΗ Παραδοσιακή,34.9
2024-12-10,702207,BABYLINO Sensitive No5+ 13-27kg,54.4
2024-12-10,705159,ΚΑΡΑΜΟΛΕΓΚΟΣ Αξιαγάπιτες Μεγάλες 6τεμ-,17.1
2024-12-10,71674,Γαρίδες Προβρ/νες Αποφλ/νες 20/40 Κατεψυγμένες,59.6
2024-12-10,744570,ΚΥΚΝΟΣ Τριμμένες,12.9
2024-12-10,78473,ΔΩΔΩΝΗ Στραγγιστό 8%,46.4
2024-12-10,82937,TENA Slip No4 Super Large,221.1
2024-12-10,852805,LIFE Καλημέρα Πορτοκάλι,35.5
2024-12-10,854733,MYTHOS Μπύρα Lager (6+2) Δώρο,69.6
2024-12-10,861391,BEN΄S ORIGINAL Ρύζι Καστανό 10΄,33.9
2024-12-10,869166,EVERY DAY Normal (+20τεμ-)Δώρο,45.1
2024-12-10,875758,ALMIRON No1,249.0
2024-12-10,717635,ΒΙΚΟΣ Cola Stevia (5+1) Δώρο,30.1
2024-12-10,67189,DANETTE Duo Γάλα-Σοκολάτα,26.3
2024-12-10,701471,NIVEA Spray Protect&Bronze SPF30,181.0
2024-12-10,422622,PALMOLIVE Original,13.3
2024-12-10,100059,BIC Pure 3 Lady Μ-Χρήσης (4+2)Δ,36.6
2024-12-10,718477,Λουκάνικο Καραμανλίδικο,86.0
2024-12-10,48065,ΓΙΩΤΗΣ Ολικής Αλεσης,11.1
2024-12-10,721912,ΕΠΙΛΟΓΗ ΜΟΥ Λουκάνικα Βοδινά Πάπρικα,23.5
2024-12-10,727148,ΕΠΙΛΟΓΗ ΜΟΥ Ταραμοσαλάτα,19.9
2024-12-10,760691,STARBUCKS Espresso Blonde Roast,32.8
2024-12-10,730908,ΖΑΓΟΡΙ Ανθρακούχο,18.0
2024-12-10,700814,Βοείου Ελιά Α/Ο Πολωνίας,117.5
2024-12-10,731071,ΑΜΒΡΟΣΙΑΔΗ Μπούτι Κοτόπουλο,57.0
2024-12-10,725890,ΕΠΙΛΟΓΗ ΜΟΥ Κλασικές 33*33 380γρ-,19.5
2024-12-10,744780,ΧΙΩΤΑΚΗΣ Σφακιανή Πίτα,49.9
2024-12-10,743995,ΑΛΛΟΤΙΝΟ Χ. Γλυκάνισο,41.5
2024-12-10,747927,NATREEN σε σκόνη,49.9
2024-12-10,869539,TORRE Φυτική Κρέμα Vegetαlcrem,10.1
2024-12-10,863870,ΒΟΣΚΟΤΟΠΙ Σκληρό Τυρί,99.7
2024-12-10,745641,ΣΟΛΩΜΟΣ Πιπεριές,33.5
2024-12-10,772905,ΕΠΙΛΟΓΗ ΜΟΥ Χλωρίνη Ultra Lemon,12.5
2024-12-10,772636,ΔΕΛΤΑ Του Τόπου Μας Ελαφρύ(-0.20Ε),18.9
2024-12-10,774395,ORAL-B Vitality Pro Black,219.9
2024-12-10,774399,BABYLINO 0% Perfume (2+1)Δώρο,51.6
2024-12-10,812499,LAYS Τσιπς στο Φούρνο με Αλάτι,18.5
2024-12-10,218663,SKIP Spring Fresh,83.9
2024-12-10,751933,ΗΠΕΙΡΟΣ Φέτα Π.Ο.Π.,25.8
2024-12-10,81001385,REVUELE Κρέμα Καθαρισμού,104.9
2024-12-10,10131,ΚΑΤΩΓΙ ΑΒΕΡΩΦ Ερυθρό,98.0
2024-12-10,108013,PALETTE Semi-set Νο 4-26 Δαμασκηνί,35.4
2024-12-10,193318,Χτένα Ανδρική Διπλή - Ταρταρούγα,11.9
2024-12-10,200124,ZEWA Family,22.7
2024-12-10,2004,CHIVAS Regal,329.0
2024-12-10,44241,MISKO Κοραλάκι,11.5
2024-12-10,51913,ΝΕΑ ΦΥΤΙΝΗ Με Άρωμα Βουτύρου,38.9
2024-12-10,701122,ΚΑΡΑΜΟΛΕΓΚΟΣ Αξιαγάπιτες 10τεμάχια,21.5
2024-12-10,704361,AGRINO Ρύζι Καστανό Brown Family 10΄,28.1
2024-12-10,79928,ΝΙΚΑΣ Γαλοπούλα Βραστή,168.0
2024-12-10,82971,TENA Slip No3 Super Medium,186.3
2024-12-10,851879,ALWAYS Fresh&Prot-Normal +20τεμ Δώρο,34.2
2024-12-10,860248,MONSTER Energy,15.3
2024-12-10,875776,NESTLE Nan 1 Optipro,120.8
2024-12-10,863165,LIFE Πορτοκάλι,31.6
2024-12-10,710960,NIVEA Spray Trigger Prot-&Play SPF30,214.9
2024-12-10,421020,AJAX Classic,16.2
2024-12-10,719491,PLANET Natural Power,72.5
2024-12-10,73563,ΑΡΑΠΟΓΛΟΥ Πολίτικο,86.0
2024-12-10,705750,ΜΙΤΣΙΚΕΛΙ Ανθρακούχο,27.5
2024-12-10,720935,CUCINA D ORO Κρέμα Μαγειρικής 25% Λιπαρά,19.9
2024-12-10,721367,ΕΠΙΛΟΓΗ ΜΟΥ,6.2
2024-12-10,70425,ΠΙΝΔΟΣ Φτερούγα Κοτόπουλο,27.5
2024-12-10,852882,Γαρίδες Προβρ/νες Αποφλ/νες 60/80 Κατεψυγμένες,53.2
2024-12-10,719146,ΕΖΑ Μπύρα Pilsner (-2-00E),51.0
2024-12-10,760701,CANDEREL Με Στέβια Σε Σκόνη,87.1
2024-12-10,701734,ΗΠΕΙΡΩΤΙΚΑ Αυγά 6τεμ-,27.4
2024-12-10,740331,ΟΛΥΜΠΟΣ Στραγγιστό 5%,49.5
2024-12-10,708012,Βόειο Μπούτι Νωπό Α/Ο Πολωνίας,117.5
2024-12-10,742034,DIMELLO Gusto Ground,54.9
2024-12-10,907067,PLANET Aloe Vera,17.6
2024-12-10,745642,ΣΟΛΩΜΟΣ Πίκλες 9 Ειδών,24.8
2024-12-10,771565,Σκληρό Τυρί Ιταλίας,134.5
2024-12-10,772634,ΔΕΛΤΑ Του Τόπου Μας Πλήρες(-0.20Ε),18.9
2024-12-10,748573,LAYS Τσιπς στο Φούρνο με Γιαούρτι,18.5
2024-12-10,218284,SENSIBABY Βιοδιασπώμενα με Χαμομήλι,12.9
2024-12-10,81001389,REVUELE Ορός Νύκτας,79.9
2024-12-10,1057,Μήλα Σμιθ,16.9
2024-12-10,107825,PALETTE Semi-set Νο 8 Ξανθό Ανοιχτό,35.4
2024-12-10,10876,ΚΑΤΩΓΙ ΑΒΕΡΩΦ Ροζέ,96.7
2024-12-10,12038,ΑΛΦΑ Μπύρα Lager,14.6
2024-12-10,13148,AMITA Λεμόνι,23.5
2024-12-10,193626,ZAN SOT Οβάλ Classic Μεσαίο,13.0
2024-12-10,31585,ELITE Classic Σταρένιες (3+1)Δώρο,14.5
2024-12-10,44208,MISKO Μακαρονάκι Κοφτό,11.5
2024-12-10,51072,ΝΕΑ ΦΥΤΙΝΗ Παραδοσιακή,67.9
2024-12-10,75948,ΟΛΥΜΠΟΣ Κεφαλοτύρι,149.8
2024-12-10,854568,TENA Pants Plus Extra Large,97.4
2024-12-10,862678,WUDY Παριζάκι Κοτόπουλο-Γαλοπούλα,27.3
2024-12-10,863675,TOSTAKI Γαλοπούλα Καπνιστή,75.1
2024-12-10,867164,SWEET & BALANCE Σε Δισκία,38.9
2024-12-10,869165,EVERY DAY Normal Extra Dry (+20τεμ-)Δώρο,42.0
2024-12-10,869428,ΠΑΠΑΔΟΠΟΥΛΟΥ Χωριανό Σταρένιο Με 6 Δημ/κά,18.1
2024-12-10,876253,ALMIRON No3,217.8
2024-12-10,712591,ORAL-B Ανταλλακτικά Cross Action,103.1
2024-12-10,863167,LIFE Μήλο-Πορτοκάλι-Καρότο,29.9
2024-12-10,718357,NIVEA Anti-Age SPF50,179.9
2024-12-10,718849,BIC Flex 3 Μιας Χρήσης (3+1)Δ,43.5
2024-12-10,37892,ΚΥΚΝΟΣ Χάρτινο 28%,7.0
2024-12-10,705749,ΜΙΤΣΙΚΕΛΙ Ανθρακούχο,18.4
2024-12-10,721336,ΕΠΙΛΟΓΗ ΜΟΥ Καρυδόψιχα,27.5
2024-12-10,722956,ΕΠΙΛΟΓΗ ΜΟΥ Πολυτελείας ΓΟΧ,11.9
2024-12-10,41933,Χοιρινή Μπριζόλα Καπνιστή Ελληνικής Επεξεργασίας,112.5
2024-12-10,33041,JACOBS Εκλεκτός,55.9
2024-12-10,720997,ΗΠΕΙΡΩΤΙΚΑ Αυγά,21.9
2024-12-10,721520,ΕΔΕΜ Πίκλες,25.5
2024-12-10,721913,ΕΠΙΛΟΓΗ ΜΟΥ Λουκάνικα Καπνιστά,23.5
2024-12-10,724591,TOPINE Gel Ultra Λεμόνι (-0-70Ε),36.2
2024-12-10,900826,ΤΟ ΦΑΝΑΡΙ Ολόκληρη Καπνιστή Vacuum,99.9
2024-12-10,741759,PRESIDENT Βούτυρο Ανάλατο,44.2
2024-12-10,744773,ΕΠΙΛΟΓΗ ΜΟΥ Κατσικίσιο,57.0
2024-12-10,746904,ΝΟΥΝΟΥ Στραγγιστό 1-5% (-0.50)Ε,40.1
2024-12-10,940549,ZEWA Sensitive,20.5
2024-12-10,771538,ΔΕΛΤΑ Του Τόπου Μας Πλήρες 3-7%,12.7
2024-12-10,771790,ΜΠΑΡΜΠΑ ΣΤΑΘΗΣ Πλιγούρι με Λαχανικά,39.3
2024-12-10,771956,PHILADELPHIA Τυρί Κρέμα (-0-30Ε),26.8
2024-12-10,774059,ΒΙΚΟΣ Pink Grapefruit,36.0
2024-12-10,772498,FAIRY Platinum Λεμόνι,69.7
2024-12-10,852490,LAYS Φούρνου Πάπρικα,18.5
2024-12-10,774992,ΔΩΔΩΝΗ Φέτα σε Άλμη,129.8
2024-12-10,81001391,REVUELE Κρέμα Νύκτας,79.9
2024-12-10,1019,Λάχανο Άσπρο,8.9
2024-12-10,1053,Μήλα Γκόλντεν,17.9
2024-12-10,107822,PALETTE Semi-set Νο 5 Καστανό Ανοιχτό,35.4
2024-12-10,12104,KAISER Μπύρα Pilsner,13.9
2024-12-10,13129,AMITA Μπανάνα,18.2
2024-12-10,193133,ZAN SOT Απλό,9.9
2024-12-10,2010,CUTTY SARK,169.5
2024-12-10,31991,ELITE Classic Σίτου 0-4% Αλάτι,17.9
2024-12-10,44052,MISKO Σπαγγέτι Extrafino Νο12,12.9
2024-12-10,68391,KINDER,31.1
2024-12-10,741448,ΒΙΒΛΙΑ ΧΩΡΑ Λευκό,168.0
2024-12-10,854216,EVERY DAY Normal Extra Dry,19.2
2024-12-10,863674,TOSTAKI γαλοπούλα Βραστή,75.1
2024-12-10,873892,LIFE Κράνμ-Ράσμ-Μπλούμ,29.6
2024-12-10,97590,SENSODYNE Repair & Protect,45.2
2024-12-10,862561,FRISOGROW 1-3ετών,207.6
2024-12-10,718363,NIVEA Sun Uv Face BB Cream SPF50+,167.9
2024-12-10,860924,BIC Flex 3 Classic Μ-Χρήσης (3+1)Δ,36.0
2024-12-10,60048,ΚΥΚΝΟΣ Ψιλοκομμένες Χάρτινο,12.2
2024-12-10,721316,ΕΠΙΛΟΓΗ ΜΟΥ Corn Nuts,9.9
2024-12-10,724008,CHAMPION Κρουασάν Πραλίνα Φουτνουκιού,4.7
2024-12-10,717602,ΜΥΛΟΙ ΠΑΠΑΦΙΛΗ Για Τσουρέκι,26.7
2024-12-10,902084,Χοιρινό Σουβλάκι Νωπό Ολλανδίας,75.0
2024-12-10,725214,SOFTEX Velvet 8άρι 4φ-,45.5
2024-12-10,733110,FUZE TEA Peach & Rose Χωρίς Ζάχαρη,16.0
2024-12-10,744781,ΧΙΩΤΑΚΗΣ Σφακιανή Μαραθόπιτα,51.9
2024-12-10,729204,PAMPERS Pants Maxi No4,299.9
2024-12-10,744867,ΕΠΙΛΟΓΗ ΜΟΥ Λευκό Τυρί Ελαφρύ 10%,57.0
2024-12-10,75994,ARLA Ημίσκληρο Delite 5%,123.8
2024-12-10,965109,ΖΩΓΡΑΦΟΣ Slim Line υγρό,32.5
2024-12-10,863083,ΜΙΜΙΚΟΣ Μπουτάκια Κοτόπουλου,79.5
2024-12-10,942571,AVA Ξύδι & Πράσ-Μήλο Αντλία,20.9
2024-12-10,771539,ΔΕΛΤΑ Του Τόπου Μας Ελαφρύ 1-5%,12.7
2024-12-10,772025,ARLA Φρέσκο Τυρί Κρέμα,19.7
2024-12-10,772908,ΕΠΙΛΟΓΗ ΜΟΥ Χλωρίνη Lemon,12.5
2024-12-10,748908,LAVAZZA Espresso Intenso,54.1
2024-12-10,774065,ΜΙΤΣΙΚΕΛΙ Ανθρακούχο Λεμόνι,21.0
2024-12-10,852489,LAYS Φούρνου Ντομάτα και Βασιλικός,18.5
2024-12-10,81001392,REVUELE Κρέμα Ματιών,69.9
2024-12-10,863238,Δοχείο Φέτα Ερυμάνθου Δοχείο Π.Ο.Π.,89.5
2024-12-10,1063,Μήλα Φιρίκια,34.5
2024-12-10,108061,SYOSS Curl Control,48.4
2024-12-10,1263,Λάχανο Κόκκινο,11.9
2024-12-10,12825,ΒΕΡΓΙΝΑ Μπύρα Lager,14.3
2024-12-10,14726,ΖΑΓΟΡΑΚΙ Φυσικό Μεταλλικό,15.8
2024-12-10,17183,Γραβιέρα Νάξου Π-Ο.Π,165.5
2024-12-10,193662,ZAN SOT Ν.803,44.9
2024-12-10,2118,GRANT΄S 40%,186.6
2024-12-10,31508,ΠΑΠΑΔΟΠΟΥΛΟΥ Μακεδονικά Σίτου,17.5
2024-12-10,44229,STELLA Παστίτσιο Νο2,8.5
2024-12-10,709264,ZEWA Softis Lavender 4φ-,24.3
2024-12-10,717638,GREEN Λεμονάδα,21.6
2024-12-10,72066,ΜΠΑΡΜΠΑ ΣΤΑΘΗΣ Πατάτες Προτηγανισμένες,47.9
2024-12-10,73705,COCA COLA Zero (5+1) Δώρο,43.6
2024-12-10,741449,ΒΙΒΛΙΑ ΧΩΡΑ Ερυθρό,202.0
2024-12-10,861467,ΧΡΥΣΕΛΙΑ Κλασικό,109.4
2024-12-10,869164,EVERY DAY Large (+16τεμ-)Δώρο,45.9
2024-12-10,79982,ΥΦΑΝΤΗΣ Γαλοπούλα Καπνιστή Fouantre,26.1
2024-12-10,68668,NESTLE Nan 3 Optipro,114.8
2024-12-10,716480,Χταπόδι Ολόκληρο Ινδό-Ειρηνικού Κατεψυγμένο,198.5
2024-12-10,718359,NIVEA Mat Look 0% Λιπαρότητα SPF50,164.9
2024-12-10,719154,ΚΥΚΝΟΣ Ελαφρά Συμπυκνωμένος,19.9
2024-12-10,722944,ΕΠΙΛΟΓΗ ΜΟΥ Στραγάλι Αφράτο,15.5
2024-12-10,721613,NESCAFE DOLCE GUSTO Espresso Intenso,62.8
2024-12-10,421671,AJAX Ultra Λεμόνι,25.5
2024-12-10,741833,ΕΠΙΛΟΓΗ ΜΟΥ Τυρόπιτα Στριφτή,39.9
2024-12-10,960044,ΛΑΔΑΚΗΣ Ελευθέρας Βοσκής 6άδα,26.4
2024-12-10,742823,ΜΥΛΟΙ ΠΑΠΑΦΙΛΗ Καλαμποκιού,20.9
2024-12-10,728635,ΟΛΥΜΠΟΣ Στραγγιστό 2%,29.8
2024-12-10,724544,ΚΟΛΙΟΣ Φέτα Π.Ο.Π.,32.8
2024-12-10,742383,CANDEREL Γλυκαντικό Με Στέβια,41.5
2024-12-10,748056,LAYS Sour Cream & Μαύρο πιπέρι,19.5
2024-12-10,772026,ARLA Φρέσκο Τυρί Κρέμα Light,18.6
2024-12-10,772875,ΕΠΙΛΟΓΗ ΜΟΥ Υγρό Πιάτων Πράσινο Μήλο,8.9
2024-12-10,772635,ΔΕΛΤΑ Του Τόπου Μας Πλήρες(-0.30Ε),26.5
2024-12-10,81001388,REVUELE Μάσκα Προσώπου Νύκτας,59.9
2024-12-10,10013,ΕΛΛΗΝΙΚΑ ΚΕΛΛΑΡΙΑ Ρετσίνα,19.8
2024-12-10,1001,Κρεμμύδια Χλωρά,7.5
2024-12-10,1032,Αχλάδια Κρυστάλλια,19.5
2024-12-10,107837,PALETTE Semi-set Nο 3 Καστανό Σκούρο,35.4
2024-12-10,193623,ZAN SOT Classic Μικρό,11.0
2024-12-10,2008,JAMESON Ιρλανδίας,212.0
2024-12-10,44231,MISKO Μακαρονάκι Κοφτό Μισό,11.5
2024-12-10,503315,EVERY DAY String All Cotton,18.5
2024-12-10,68679,ΟΛΥΜΠΟΣ Ζωής Παστεριωμένο 3-7%,25.9
2024-12-10,703728,ΥΦΑΝΤΗΣ Γαλοπούλα Βραστή (-0-20Ε),24.7
2024-12-10,711370,ΜΗΛΟΚΛΕΦΤΗΣ Μηλίτης,14.3
2024-12-10,852803,ΔΕΛΤΑ Smart Σοκολάτα (3+1) Δώρο,23.7
2024-12-10,869499,ΧΡΥΣΕΛΙΑ Εξτρα Παρθένο,123.9
2024-12-10,862562,FRISOMEL 2ης Βρεφικής Ηλικίας,175.0
2024-12-10,32015,ILLY Αλεσμένος,73.1
2024-12-10,718356,NIVEA Protect&Bronze SPF30,211.0
2024-12-10,719356,SEPTONA Dry Plus 60*90cm,48.6
2024-12-10,719155,ΚΥΚΝΟΣ Τριμμένες Set Χάρτινο,23.8
2024-12-10,718373,GILLETTE Venus 3 Multicolor (3+1)Δώρο,38.9
2024-12-10,863085,MIMIKOS Φιλέτο Μπούτι Κοτόπουλο,117.5
2024-12-10,719509,ΕΠΙΛΟΓΗ ΜΟΥ Πορτοκαλάδα,9.0
2024-12-10,716572,Χταπόδι Ολόκληρο Ινδό-Ειρηνικού Κατεψυγμένο,184.5
2024-12-10,721668,DORITOS Nacho,11.9
2024-12-10,725114,COLGATE Max White Charcoal,23.9
2024-12-10,741834,ΕΠΙΛΟΓΗ ΜΟΥ Σπανακόπιτα Στριφτή με Τυρί,37.9
2024-12-10,711927,ΛΑΔΑΚΗΣ Βιολογικά 6άδα,37.3
2024-12-10,733614,Λουκάνικο Τρικάλων Με Πράσο,87.0
2024-12-10,725878,ΕΠΙΛΟΓΗ ΜΟΥ Double 2 φύλλα,38.5
2024-12-10,742902,CAPUTO Μαλακό ΄00΄ Pizzeria,29.6
2024-12-10,744844,ΕΠΙΛΟΓΗ ΜΟΥ Κρουασάν Κακάο,3.2
2024-12-10,470527,ΝΟΥΝΟΥ Gouda Light 11%,83.9
2024-12-10,729664,CIF All In 1 Lemon,69.8
2024-12-10,872303,ΚΑΜΠΟΣ ΧΙΟΥ Πορτοκάλι Nfc,35.0
2024-12-10,771061,ΗΠΕΙΡΟΣ Fit & Slim 21% Protein,63.5
2024-12-10,772903,ΕΠΙΛΟΓΗ ΜΟΥ Χλωρίνη Ultra Lemon,18.6
2024-12-10,221719,ΑΡΚΑΔΙ Πράσινο Σαπούνι,99.8
2024-12-10,81001393,REVUELE Ορός Προσώπου-Λαιμού,89.9
2024-12-10,10043,APELIA Λευκό,50.8
2024-12-10,1023,Σέλινο,5.5
2024-12-10,108012,PALETTE Semi-set Νο 5-76 Ανοιχτό Σοκολ,35.4
2024-12-10,13132,AMITA Ροδάκινο,7.6
2024-12-10,193622,ZAN SOT Classic Μικρό,14.0
2024-12-10,2019,JOSE CUERVO Espec Gold Tequila,260.9
2024-12-10,44275,MISKO Τριβελάκι Ολικής Άλεσης,13.6
2024-12-10,68664,ΟΛΥΜΠΟΣ Ζωής Παστεριωμένο 1-7%,25.9
2024-12-10,703718,ΥΦΑΝΤΗΣ Γαλοπούλα Καπνιστή (-0-20Ε),24.7
2024-12-10,704116,LIBRESSE Extra Long,17.4
2024-12-10,705108,ΤΟ ΜΑΝΝΑ Κριθαρένια Με Προζύμι,32.2
2024-12-10,707712,Χταπόδι Πλοκάμι Κατεψυγμένο,99.9
2024-12-10,860234,ΛΕΒΕΤΙ Κασέρι Π-Ο.Π,187.5
2024-12-10,865102,LIBERTY Εστίασης 24*24,31.8
2024-12-10,97977,COLGATE Herbal White,15.6
2024-12-10,869395,ΠΑΠΑΔΟΠΟΥΛΟΥ Χωριανό Πολύσπορο,19.8
2024-12-10,718362,NIVEA Protect&Refresh SPF50,204.8
2024-12-10,420433,OMINO BIANCO Black Wash 25μεζ-,50.9
2024-12-10,50058,ΧΩΡΙΟ Κορωνεϊκή Ποικιλία,133.9
2024-12-10,702243,MIMIKOS Μπούτι Κοτόπουλο (+20% Δώρο),79.5
2024-12-10,871871,BIC Miss Soleil 3 Μιας Χρήσης,40.9
2024-12-10,721320,ΕΠΙΛΟΓΗ ΜΟΥ Cocktail Snack,14.9
2024-12-10,727692,ΚΑΜΠΟΣ ΧΙΟΥ Λεμονάδα Ροζ,25.0
2024-12-10,724974,GREEN Cola,40.8
2024-12-10,734987,Μύρτιλο,37.9
2024-12-10,728619,ΟΡΥΖΩΝΕΣ ΑΞΙΟΥ Ρύζι Γλασέ,16.9
2024-12-10,742361,ΕΠΙΛΟΓΗ ΜΟΥ Αυγά 6τεμ-,27.9
2024-12-10,744843,ΕΠΙΛΟΓΗ ΜΟΥ Κρουασάν Κακάο,4.2
2024-12-10,744819,ΕΠΙΛΟΓΗ ΜΟΥ,8.9
2024-12-10,72095,ΜΠΑΡΜΠΑ ΣΤΑΘΗΣ Πατάτες Χωριάτικες Νάξου,34.9
2024-12-10,744852,ΕΠΙΛΟΓΗ ΜΟΥ Espresso Instant,35.9
2024-12-10,746903,ΝΟΥΝΟΥ Στραγγιστό 5% (-0-50)Ε,40.1
2024-12-10,772849,DORITOS Nacho,19.9
2024-12-10,772881,ΕΠΙΛΟΓΗ ΜΟΥ Υγρό Ultra με Πράσινο Σαπούνι,21.5
2024-12-10,992316,ARLA Φρέσκο Τυρί Κρέμα,26.7
2024-12-10,529355,SKIP Spring Fresh,96.3
2024-12-10,81000286,TAI Fire & BBQ,69.9
2024-12-10,10056,ΜΑΛΑΜΑΤΙΝΑ,17.9
2024-12-10,1024,Άνιθος,7.2
2024-12-10,108059,SYOSS Max Hold,53.7
2024-12-10,11878,PERRIER Ανθρακούχο,47.4
2024-12-10,193659,ZAN SOT Κλασσικό Μαύρο Μικρό,8.6
2024-12-10,44232,MISKO Αχιβάδα,11.5
2024-12-10,703159,ΧΡΥΣΗ ΖΥΜΗ Κρουασάν Βουτύρου με Πραλίνα,32.0
2024-12-10,711407,ALWAYS Platinum Ultra Night,24.2
2024-12-10,713470,ORAL-B Complete 5 Way Clean,21.4
2024-12-10,854476,AMSTEL Μπύρα Free,13.9
2024-12-10,861721,ΧΡΥΣΕΛΙΑ Κλασικό,217.5
2024-12-10,873798,3ΑΛΦΑ Ρύζι Jasmine,18.8
2024-12-10,718358,NIVEA Protect&Bronze SPF20,200.5
2024-12-10,719087,GREEN Πορτοκαλάδα,14.4
2024-12-10,720132,ΚΑΡΑΜΟΛΕΓΚΟΣ Αξιαγάπιτες Καλαμποκιού 10τεμ-,20.4
2024-12-10,721326,ΕΠΙΛΟΓΗ ΜΟΥ Κάσιους Ψημένο Αλατισμένο,39.9
2024-12-10,721632,DORITOS Hot Corn,11.9
2024-12-10,760683,STARBUCKS Espresso House Blend,32.8
2024-12-10,901575,McCAIN Πατάτες Mediterranean,42.0
2024-12-10,741782,ΝΙΚΑΣ Γαλοπούλα Ψητή Οβάλ,41.4
2024-12-10,723126,ΣΤΑΜΟΥ Παστεριωμένο Πλήρες 3-8%,18.0
2024-12-10,725885,ΕΠΙΛΟΓΗ ΜΟΥ Αρωματικό 8άρι 3φ-,34.5
2024-12-10,75901,Gouda Φρατζόλα Ολλανδίας,81.0
2024-12-10,742360,ΕΠΙΛΟΓΗ ΜΟΥ Αυγά 6τεμ-,16.9
2024-12-10,744846,ΕΠΙΛΟΓΗ ΜΟΥ Βανίλια - Κακάο,4.2
2024-12-10,863088,MIMIKOS Φτερούγες Κοτόπουλο,36.0
2024-12-10,745361,ΑΛΛΑΤΙΝΗ Αλεύρι Ηπειρώτικα Ζυμώματα,19.5
2024-12-10,746517,ΕΠΙΛΟΓΗ ΜΟΥ Λουκάνικα Κοκτέιλ,20.9
2024-12-10,743971,ΕΠΙΛΟΓΕΣ ΚΡΕΟΠΩΛΕΙΟΥ Βόειο Μπιφτέκι Νωπό,62.5
2024-12-10,889201,ΚΑΜΠΟΣ ΧΙΟΥ Μανταρίνι Nfc,35.0
2024-12-10,771328,ΦΑΣΤ Soft με Βούτυρο,19.4
2024-12-10,992076,ARIEL Alpine,109.5
2024-12-10,772902,ΕΠΙΛΟΓΗ ΜΟΥ Καθαριστικό Ultra Κεράσι,16.5
2024-12-10,772354,FINISH Ultimate All In 1 Regular,69.2
2024-12-10,81001336,REVUELE Κρέμα Ματιών,59.9
2024-12-10,10123,ΣΑΜΟΣ VIN DOUX Μοσχάτο,86.9
2024-12-10,1030,Μαϊντανός,5.9
2024-12-10,108060,SYOSS Volume Lift,53.7
2024-12-10,140018,CANDEREL Σε Ταμπλέτες,35.6
2024-12-10,193636,ZAN SOT Classic 15mm,16.6
2024-12-10,198828,ΗΒΗ Energy Blue,8.4
2024-12-10,2037,DISARONNO ORIGINALE Λικέρ,194.5
2024-12-10,28402,ΑΦΟΙ ΧΑΪΤΟΓΛΟΥ Κορν Φλάουερ,15.3
2024-12-10,34006,NESCAFE Classic,46.8
2024-12-10,44264,MISKO Πεπονάκι,11.5
2024-12-10,46908,3ΑΛΦΑ Ρύζι Άγριο Parboiled,23.8
2024-12-10,703780,ΙΕΡΑ ΜΟΝΗ ΜΑΚΑΡΙΩΤΙΣΣΗΣ Κακάο,17.5
2024-12-10,705495,ΚΡΙ ΚΡΙ Peppa Φρα--Μπισκ (2+1)Δώρο,26.7
2024-12-10,711409,ALWAYS Platinum Ultra Super Plus,24.2
2024-12-10,75696,Grana Padano Iταλίας,169.8
2024-12-10,868806,SOMERSBY Μηλίτης Apple,16.1
2024-12-10,98077,COLGATE Zig Zag Μέτρια,21.0
2024-12-10,856872,ΝΙΚΑΣ Γαλοπούλα Βραστή,32.5
2024-12-10,50559,XENIA Εξτρα ΠαρΘένο Φιάλη PET,120.5
2024-12-10,27018,ΓΙΩΤΗΣ Κρέμα Σοκολάτας,26.2
2024-12-10,721341,ΕΠΙΛΟΓΗ ΜΟΥ Φουντούκι Ψημένο Ανάλατο,36.5
2024-12-10,702338,ΧΡΥΣΗ ΖΥΜΗ Κρουασάν Βουτύρου,21.4
2024-12-10,724243,ΕΠΙΛΟΓΗ ΜΟΥ Slip No3 Medium,67.9
2024-12-10,721695,ALOMA Κακάο Βανίλια Φράουλα,147.4
2024-12-10,724738,ESSEX Touch,59.6
2024-12-10,723323,GILLETTE Mach 3 (+ 2 Aντ/κά),77.9
2024-12-10,712121,McCAIN Forno Chips κτψ,34.1
2024-12-10,941839,DETTOL Υγιεινή&Ασφάλεια Mint&Lime,20.0
2024-12-10,741120,DORITOS Bbq,11.9
2024-12-10,740129,NESTLE Γαλοπούλα Με Τομάτα&Λαχαν-,23.8
2024-12-10,67339,ΔΕΛΤΑ μμμMilk Οικογενειακό 3-5%,20.6
2024-12-10,725887,ΕΠΙΛΟΓΗ ΜΟΥ Κύβος Μικρογκοφρέ 12άρι 2φ-,53.5
2024-12-10,742358,ΕΠΙΛΟΓΗ ΜΟΥ Αυγά 4τεμ-,31.9
2024-12-10,744842,ΕΠΙΛΟΓΗ ΜΟΥ Κρουασάν Κεράσι,4.2
2024-12-10,746431,ΚΑΜΠΟΣ ΧΙΟΥ Λεμονάδα Ginger,25.0
2024-12-10,743972,ΕΠΙΛΟΓΕΣ ΚΡΕΟΠΩΛΕΙΟΥ Κοτόπουλο Μπιφτέκι Νωπό,58.5
2024-12-10,729977,TUBORG Σόδα Ανανάς Λάιμ Δυόσμος,27.2
2024-12-10,942154,FAIRY Floral,29.3
2024-12-10,70972,MIMIKOS Φτερούγιες Πικάντικες,41.0
2024-12-10,772474,PAMPERS Premium Care Newborn,104.5
2024-12-10,81001335,REVUELE Συσφικτική Λοσιόν Πρόσωπου,69.9
2024-12-10,10141,ΚΤΗΜΑ ΛΑΖΑΡΙΔΗ Αμέθυστος Ερυθρό,188.5
2024-12-10,108005,SYOSS Volume,34.6
2024-12-10,193324,PNEUMATIC Ανατομική μεγάλη,49.9
2024-12-10,2099,BACARDI Λευκό Superior,186.5
2024-12-10,36277,PRINGLES Τσιπς Sour Cream & Onion,33.9
2024-12-10,44223,MISKO Μακαρόνια Τρυπητά Νο3,11.5
2024-12-10,46155,3ΑΛΦΑ Ρύζι Basmati,23.4
2024-12-10,704205,Καλαμάρια Ολοκ/ρα Κατεψυγμένα,65.0
2024-12-10,705087,VIVA Καρότο Μήλο Πορτοκάλι,18.5
2024-12-10,711410,ALWAYS Platinum Ultra Normal Plus,24.2
2024-12-10,742524,ΠΑΠΑΔΟΠΟΥΛΟΥ Με Σουσάμι,14.8
2024-12-10,860378,ACTIVIA Καρύδια - Βρώμη,29.9
2024-12-10,861735,ΚΑΜΠΟΣ ΧΙΟΥ Λεμόνι,25.0
2024-12-10,877486,AMSTEL Μπύρα Radler Lemon,16.2
2024-12-10,856871,ΝΙΚΑΣ Γαλοπούλα Καπνιστή,32.5
2024-12-10,750116,NIVEA Protect & Moisture SPF30,194.4
2024-12-10,706243,SKIP Spring Fresh,59.9
2024-12-10,700996,ALFA Κεφάτα Τυροπιτάκια Κουρού,37.2
2024-12-10,14892,ΣΟΥΡΩΤΗ Ανθρακούχο,44.1
2024-12-10,721318,ΕΠΙΛΟΓΗ ΜΟΥ Φιστίκι Πάπρικα,12.9
2024-12-10,721548,ΕΠΙΛΟΓΗ ΜΟΥ Ελαφρά Συμπ/νος,5.9
2024-12-10,941759,DETTOL Pure&Fresh Lemon&Lime,19.2
2024-12-10,67340,ΔΕΛΤΑ μμμMilk Οικογενειακό 1-5%,20.6
2024-12-10,740246,NESTLE Μήλο-Βερίκοκο-Μπανάνα,23.5
2024-12-10,725973,COLGATE Bamboo Μαλακή,26.9
2024-12-10,742359,ΕΠΙΛΟΓΗ ΜΟΥ Αυγά 6τεμ-,20.9
2024-12-10,744845,ΕΠΙΛΟΓΗ ΜΟΥ Κρουασάν Βερίκοκο,4.2
2024-12-10,745054,NESCAFE Classic,17.8
2024-12-10,746754,ΕΠΙΛΟΓΗ ΜΟΥ Πατάτες Προτηγανισμένες,27.9
2024-12-10,712028,ΜΑΝΝΑ Χρυσό για τσουρέκια,21.7
2024-12-10,733463,LIFE Ice Green & Matcha Tea,14.2
2024-12-10,41185,ΚΡΕΑΣ Χοιρινό Σνίτσελ,79.5
2024-12-10,745496,SWEET^N LOW Γλυκαντικό Σκόνη Σε Στίκς,38.0
2024-12-10,218578,PAMPERS Active Baby Maxi No6,103.3
2024-12-10,774944,ΒΟΣΚΟΤΟΠΙ Γραβιέρα,109.8
2024-12-10,221704,SOFTEX Pro Eco,18.6
2024-12-10,81001981,ECOCLEAN Λεμόνι,32.5
2024-12-10,10125,CAIR Brut,148.8
2024-12-10,1027,Μελιτζάνες Φλάσκες,24.9
2024-12-10,108063,SYOSS Strong Hold,53.7
2024-12-10,193354,Αφρόχτενο Μονόχρωμο μικρό,14.0
2024-12-10,23240,7DAYS Strudel Μήλο Κανέλα,11.5
2024-12-10,36276,PRINGLES Original,33.9
2024-12-10,37319,FRULITE Μπανάνα - Βύσσινο,20.7
2024-12-10,44280,ΜΕΛΙΣΣΑ Κριθαράκι Χονδρό,8.9
2024-12-10,66860,ΝΟΥΝΟΥ Family 0%,19.8
2024-12-10,708761,Μπακαλιάρος Α/Κ Vacuum Κατεψυγμένος,49.5
2024-12-10,709819,ZEWA Exclusive Almond Milk 8αρι,67.2
2024-12-10,713834,Συκώτι Ολλανδίας Από Μοσχάρι Γάλακτος,68.0
2024-12-10,714506,LIBRESSE Long,17.4
2024-12-10,73585,VIVA FRESH Γκρέιπφρουτ,23.3
2024-12-10,75634,Γραβιέρα Λιμνών Κακούρου,179.5
2024-12-10,852993,ORAL-B 3D White Arctic Fresh,22.7
2024-12-10,67156,ACTIVIA Ακτινίδιο 2%,29.9
2024-12-10,750216,NIVEA SPF30,184.1
2024-12-10,93024,DETTOL Power&Fresh Με Green Apple,31.4
2024-12-10,721546,ΕΠΙΛΟΓΗ ΜΟΥ Ελαφρά Συμπ/νος,13.5
2024-12-10,721802,ΛΟΥΜΙΔΗΣ Παπαγάλος Κουπάτος,43.5
2024-12-10,100049,GILLETTE Venus,124.9
2024-12-10,724915,ΣΟΥΡΩΤΗ Ανθρακούχο Lemon Lime,49.2
2024-12-10,723302,TENA For Men Level 3,30.8
2024-12-10,873615,3ΑΛΦΑ Ριζότο Carnaroli,19.6
2024-12-10,470259,NUTRICIA Frutapura Κοκτέιλ 5 Φρούτων,36.3
2024-12-10,746475,ΦΑΣΤ Μαργαρίνη με Γεύση Γιαούρτι,17.5
2024-12-10,746916,ΕΠΙΛΟΓΗ ΜΟΥ Πατάτες Κυδωνάτες με Φλούδα,21.9
2024-12-10,771213,ΕΠΙΛΟΓΗ ΜΟΥ Αλεύρι Ολικής,16.5
2024-12-10,945057,ΜΟΥΤΑΒΕΛΗΣ Λουκάνικα Φέτα & Λιαστή Τομάτα,51.0
2024-12-10,749275,7UP Free,15.5
2024-12-10,763584,MIMIKOS Πικάντικα Σνίτσελ (-0-50Ε),67.0
2024-12-10,734942,ΑΜΒΡΟΣΙΑΔΗ Ελληνικό,79.5
2024-12-10,218588,FAIRY Max Power Lemon,24.4
2024-12-10,218576,PAMPERS Active Baby Maxi No4,103.3
2024-12-10,529353,SKIP 3in1 Active Clean,96.3
2024-12-10,10145,VICTOR Nama,31.4
2024-12-10,11171,COCA COLA Original Taste,42.8
2024-12-10,129389,LE PETIT MARSEILLAIS Καριτέ & Μέλι,49.5
2024-12-10,195234,ZAN SOT Μικρή οβάλ Ν-950,39.5
2024-12-10,37300,FRULITE Μανταρίνι - Σαγκουίνι,20.7
2024-12-10,44248,MISKO Κριθαράκι Χονδρό,9.6
2024-12-10,67594,ΝΟΥΝΟΥ Family Light,19.4
2024-12-10,81109,LIBRESSE Ultra Long,13.9
2024-12-10,906697,MYTHOS Μπύρα Lager,68.0
2024-12-10,98081,AIM White System με Perlite Μέτρια,21.5
2024-12-10,67174,ACTIVIA Δαμάσκηνο,29.9
2024-12-10,750179,NIVEA SPF20,173.7
2024-12-10,93030,DETTOL Power&Fresh Με Lemon&Lime,31.4
2024-12-10,718170,DETTOL Χωρίς Αρωμα,55.9
2024-12-10,719689,NESCAFE DOLCE GUSTO Cappuccino 8 ροφήματα,59.7
2024-12-10,722928,ΕΠΙΛΟΓΗ ΜΟΥ Αμύγδαλο Φιλέ,23.9
2024-12-10,718102,ΡΕΑ Passata,4.7
2024-12-10,872404,ALDA Μοτσαρέλα Φρατζόλα Ε.Ε.,99.5
2024-12-10,727741,EL SABOR Mini Wraps Family Time,11.5
2024-12-10,724991,BIC Flex 5 Μιας Χρήσης,75.6
2024-12-10,82048,TENA For Men Level 2,30.8
2024-12-10,725593,FAIRY Platinum Quick Wash,23.5
2024-12-10,901574,McCAIN Πατάτες Golden Long,46.4
2024-12-10,743778,ΣΟΥΡΩΤΗ Ανθρακούχο One Way,47.4
2024-12-10,746513,ΕΠΙΛΟΓΗ ΜΟΥ Γαλοπούλα Βραστή,18.9
2024-12-10,747929,ΕΠΙΛΟΓΗ ΜΟΥ Ρύζι Μπονέτ,18.9
2024-12-10,771214,ΕΠΙΛΟΓΗ ΜΟΥ Αλεύρι Καλαμποκιού,14.9
2024-12-10,981133,PAMPERS Premium Pants No6 Jumbo,116.3
2024-12-10,725717,ZEWA Deluxe Peach 8αρι,37.9
2024-12-10,10157,ΛΗΜΝΟΣ Λευκό,59.3
2024-12-10,103614,NIVEA Essentials Normal Skin SPF15,45.1
2024-12-10,12470,RED BULL Κουτί,13.2
2024-12-10,193634,ZAN SOT Με Επικάλυψη Μεσαίο,11.6
2024-12-10,2902,VAT 69,159.5
2024-12-10,44279,ΜΕΛΙΣΣΑ Πέννες,10.1
2024-12-10,67155,ACTIVIA Φράουλα,29.9
2024-12-10,67585,ΝΟΥΝΟΥ Family Πλήρες 3-6%,19.4
2024-12-10,704284,COLGATE Total Advanced Enamel Strength,21.4
2024-12-10,714889,ΝΟΥΝΟΥ Emmental,81.8
2024-12-10,81590,EVERY DAY Normal Extra Dry,12.9
2024-12-10,865444,ΟΙΚ-ΣΤΕΡΓΙΟΥ Strudel Μήλο Κανέλα,11.2
2024-12-10,37301,FRULITE Ανανάς -Καρύδα,20.7
2024-12-10,711088,ΜΑΜΟΣ Μπύρα Pilsner,66.0
2024-12-10,750217,NIVEA SPF50+,194.4
2024-12-10,719683,ΕΠΙΛΟΓΗ ΜΟΥ Κλασσικό Pet,93.9
2024-12-10,721321,ΕΠΙΛΟΓΗ ΜΟΥ Κρόκερ,13.2
2024-12-10,730813,ΖΑΓΟΡΙ Ανθρακούχο με Λεμόνι,20.4
2024-12-10,741088,ΓΚΡΕΚΑ Ψιλοκομμένες,10.6
2024-12-10,741200,Μπακαλιάρος Φιλέτο Ρολό Σε Φέτες Κατεψυγμένος,63.6
2024-12-10,725891,ΕΠΙΛΟΓΗ ΜΟΥ Πολυτελείας 33*33 3φ.105γρ.,11.5
2024-12-10,742426,ΑΛΛΑΤΙΝΗ (-0-25Ε),8.3
2024-12-10,733169,MIMIKOS Μπιφτέκι,44.0
2024-12-10,746514,ΕΠΙΛΟΓΗ ΜΟΥ Γαλοπούλα Καπνιστή,18.9
2024-12-10,747931,ΕΠΙΛΟΓΗ ΜΟΥ Ρύζι Καρολίνα,20.8
2024-12-10,421032,HARPIC Gel Πεύκο,19.9
2024-12-10,771185,ΣΑΡΑΝΤΗΣ Λευκή Ζάχαρη σε Κύβους,18.5
2024-12-10,771567,ΕΠΙΛΟΓΗ ΜΟΥ Σιμιγδάλι Χοντρό,7.9
2024-12-10,772839,ΚΑΡΑΓΚΟΥΝΗΣ Ρέγγα Φιλέτο Καπνιστή,19.5
2024-12-10,772439,FAIRY Platinum Anti Dull,41.3
2024-12-10,772306,DIXAN Ocean,120.0
2024-12-10,218575,PAMPERS Active Baby Maxi No5,103.3
2024-12-10,10224,ΜΠΟΥΤΑΡΗ Κρητικός Λευκό,56.5
2024-12-10,1025,Κολοκύθια,22.5
2024-12-10,103617,NIVEA Essentials Dry Skin SPF15,45.1
2024-12-10,193635,ZAN SOT Classic 8mm,14.0
2024-12-10,3002,MALIBU Λικέρ,171.6
2024-12-10,44234,STELLA Βίδες,7.8
2024-12-10,67853,ΟΛΥΜΠΟΣ Ζωής Παστεριωμένο 3-7%,17.8
2024-12-10,701150,ELVIVE Extraordinary Oil,71.7
2024-12-10,705626,HOME CAKE Κέικ Μήλο,7.8
2024-12-10,708889,BONDUELLE Αρακάς,39.8
2024-12-10,78136,ΦΑΓΕ Total Στραγγιστό 0%,27.0
2024-12-10,81122,LIBRESSE Normal,17.4
2024-12-10,98097,COLGATE Total Whitening,20.3
2024-12-10,37314,FRULITE Καρότο-Φράουλα,20.7
2024-12-10,750813,NIVEA Protect & Moisture SPF50+,204.8
2024-12-10,719684,ΕΠΙΛΟΓΗ ΜΟΥ Pet,25.0
2024-12-10,722909,ΕΠΙΛΟΓΗ ΜΟΥ Ποπ Κορν,10.9
2024-12-10,715483,ΚΑΡΑΜΟΛΕΓΚΟΣ Ζέας,29.2
2024-12-10,760213,BUONDI Craft Classic Selection,49.8
2024-12-10,725884,ΕΠΙΛΟΓΗ ΜΟΥ Super Λείο 8άρι 2φ-,39.0
2024-12-10,725829,GILLETTE Flexball Manual +2 Αντ/κά,113.9
2024-12-10,700402,SANI Maxi Plus Χωρίς Άρωμα,49.9
2024-12-10,743373,GREEN Mocktails Ρόδι Ginger & Lime,28.0
2024-12-10,743808,ΖΑΓΟΡΙ Ανθρακούχο Pink Grapefruit,20.4
2024-12-10,731164,Η ΔΙΚΗ ΜΑΣ ΦΑΡΜΑ Κοτόπουλο Ολόκληρο,36.9
2024-12-10,747930,ΕΠΙΛΟΓΗ ΜΟΥ Ρύζι Γλασέ,18.9
2024-12-10,746996,ΕΛΛΗΝΙΚΕΣ ΦΑΡΜΕΣ Light & Tasty Super 5%,109.5
2024-12-10,741566,CONDITO Vegan Σαλάτα Κηπουρού,29.7
2024-12-10,771484,SLIM FIX Stevia Υγρό,37.9
2024-12-10,771568,ΕΠΙΛΟΓΗ ΜΟΥ Σιμιγδάλι Ψιλό,7.9
2024-12-10,877211,HARPIC Υγρό Καθαριστικό Μπάνιου,19.9
2024-12-10,218610,FAIRY Max Power,24.4
2024-12-10,218577,PAMPERS Active Baby Maxi No3,82.4
2024-12-10,217550,PERSIL Renew Dark Bloom (28μεζ-),50.3
2024-12-10,10199,ΜΠΟΥΤΑΡΗ Νάουσα Ερυθρό,92.0
2024-12-10,1224,Μανταρίνια Κλημεντίνες,14.9
2024-12-10,193663,Βούρτσα Στρογγυλή Ανατομική,48.0
2024-12-10,44256,MISKO Τριβελάκι,11.5
2024-12-10,48825,ΑΛΛΑΤΙΝΗ Εξτρα Δυνατό (-0-30)?,26.9
2024-12-10,67854,ΟΛΥΜΠΟΣ Ζωής Ελαφρύ 1-7%,17.8
2024-12-10,704214,ORZENE Everyday Care,63.5
2024-12-10,710410,COCA COLA Stevia Χωρίς Θερμίδες,41.6
2024-12-10,73655,VIVA Μήλο,16.8
2024-12-10,740629,FRULITE BOOST Πορτοκάλι-Μήλο-Βερίκοκο,17.9
2024-12-10,78260,ΦΑΓΕ Αγελαδίτσα 0% Οικ-Συσκ.,25.8
2024-12-10,81502,ALWAYS Dailies Ex-Protect Long Plus,20.0
2024-12-10,878800,ADORO Ημίσκληρο Τυρί Light 10%,106.0
2024-12-10,702639,Καρότα Συσκευασμένα 500γρ-,5.9
2024-12-10,875195,NIVEA Protect&Bronze SPF30,196.0
2024-12-10,713200,SOMERSBY Μηλίτης Waterlemon,16.1
2024-12-10,719737,ΕΠΙΛΟΓΗ ΜΟΥ Pet,105.9
2024-12-10,720998,PARODONTAX Extra Fresh,40.3
2024-12-10,722919,ΕΠΙΛΟΓΗ ΜΟΥ Κουκουνάρι,28.5
2024-12-10,760210,ΛΟΥΜΙΔΗΣ Παπαγάλος Εκαστος Μονοποικιλια,39.5
2024-12-10,760239,ΘΑΜΑ Μαργαρίνη,9.4
2024-12-10,728141,ALFA Κλασική 6τεμ-,22.4
2024-12-10,741089,ΓΚΡΕΚΑ Στον Τρίφτη,10.6
2024-12-10,41939,MIMIKOS Cordon Bleu,79.5
2024-12-10,635499,ΕΠΙΛΟΓΗ ΜΟΥ Ελαφριάς Ακράτειας Super,29.9
2024-12-10,746678,ΕΠΙΛΟΓΗ ΜΟΥ Σπανακόρυζο,36.5
2024-12-10,732964,Κατεψυγμένη Γαλοπούλα με Θερμόμετρο,178.5
2024-12-10,748176,ΕΠΙΛΟΓΗ ΜΟΥ Ρύζι Νυχάκι,9.9
2024-12-10,741567,CONDITO Vegan Ρώσικη Σαλάτα,21.2
2024-12-10,771215,MAXI Γκοφρέ 2φ-,9.7
2024-12-10,749211,ΠΙΝΔΟΣ Κοτομπουκιές Πανέ,62.5
2024-12-10,715471,CANDEREL Γλυκαντικό σε Στικς 100τεμ-,40.2
2024-12-10,772892,ΕΠΙΛΟΓΗ ΜΟΥ Υγρό Τουαλέτας Πεύκο,14.9
2024-12-10,772473,FAIRY Plus Deep Clean,69.7
2024-12-10,992090,PAMPERS Pants No4 Value Pack,77.2
2024-12-10,217843,BABYLINO Economy Unisex No4 7-13kg,99.8
2024-12-10,218304,OMINO BIANCO Black Care,50.9
2024-12-10,10233,APELIA Ροζέ,53.0
2024-12-10,1051,Πράσο Α,18.0
2024-12-10,114000,LIPOSAN Blister Original,31.9
2024-12-10,16369,7 ΘΑΛΑΣΣΕΣ Γαρίδα Σουρίμι,24.3
2024-12-10,196335,ZAN SOT Ν.526,13.9
2024-12-10,3020,CAMPARI Απεριτίφ,225.6
2024-12-10,44339,MISKO Πέννες Rigate,11.5
2024-12-10,46164,3ΑΛΦΑ Ρύζι Τύπου Αμερικής,46.8
2024-12-10,67437,ΟΛΥΜΠΟΣ Βούτυρο 82% Αγελαδινό,39.8
2024-12-10,67759,ΟΛΥΜΠΟΣ Επιλεγμένο Πλήρες 3-7%,14.9
2024-12-10,705175,PALETTE Semi-set Νο 8-1 Ξανθό Σαντρέ,35.4
2024-12-10,709725,ΕΠΙΛΟΓΕΣ ΚΡΗΤΙΚΟΣ Πορτοκάλια,10.4
2024-12-10,752655,ΛΑΚΩΝΙΑ Πορτοκάλι,20.9
2024-12-10,78625,ΜΕΒΓΑΛ Only Lactose Free 2% (2+1)Δ,21.2
2024-12-10,81703,LIBRESSE Maxi Goodnight,18.0
2024-12-10,856870,FRULITE BOOST Νεκταρίνι-Πορτοκάλι,17.9
2024-12-10,863089,MIMIKOS Σνίτσελ Κοτόπουλο,71.5
2024-12-10,900440,ΚΟΛΙΟΣ ΠΑΡΑΔΟΣΙΑΚΟ Ημίσκληρο Τυρί,139.5
2024-12-10,78893,ALOMA Παρφαί-Βανίλια-Σοκολάτα,161.5
2024-12-10,878048,NIVEA Trigger SPF30,204.5
2024-12-10,12019,HEINEKEN Μπύρα Lager,17.7
2024-12-10,14255,ΑΥΡΑ Φυσικό Μεταλλικό,4.2
2024-12-10,719711,ΕΠΙΛΟΓΗ ΜΟΥ Κλασσικό Pet,185.9
2024-12-10,720387,PARODONTAX Complete Protection,45.1
2024-12-10,722926,ΕΠΙΛΟΓΗ ΜΟΥ Ινδική Καρύδα,8.9
2024-12-10,741091,ΓΚΡΕΚΑ Διπλής Συμπυκ/σης 28-30%,21.0
2024-12-10,728912,NESCAFE Gold Cappuccino Decaf Sweet,34.6
2024-12-10,729069,ΕΠΙΛΟΓΗ ΜΟΥ Facial Ναυλον 2Φ,9.5
2024-12-10,725828,GILLETTE Mach3 Turbo,169.9
2024-12-10,635500,ΕΠΙΛΟΓΗ ΜΟΥ Ελαφριάς Ακράτειας Extra,24.9
2024-12-10,746680,ΕΠΙΛΟΓΗ ΜΟΥ Χάντρες,19.9
2024-12-10,743124,CONDITO Μελιτζανοσαλάτα Vegan,21.4
2024-12-10,749212,ΠΙΝΔΟΣ Φιλετάκι Πανέ Κοτόπουλο,62.6
2024-12-10,752996,ΝΙΚΑΣ Γαλοπούλα Βραστή,32.5
2024-12-10,749373,ΖΑΓΟΡΙ Ανθρακούχο Λεμόνι,38.8
2024-12-10,728721,ΖΩΓΡΑΦΟΣ Slim Line σε Σκόνη,44.9
2024-12-10,992065,ARIEL Alpine,109.5
2024-12-10,743098,GALATEA Μοτσαρέλα σε Νερό,15.5
2024-12-10,772891,ΕΠΙΛΟΓΗ ΜΟΥ Υγρό Τουαλέτας OCEAN,14.9
2024-12-10,772877,ΕΠΙΛΟΓΗ ΜΟΥ Υγρό Πιάτων Ξύδι,8.9
2024-12-10,781779,FUZE TEA Καρπούζι & Μέντα Χωρίς Ζάχαρη,16.0
2024-12-10,10265,ΕΛΛΗΝΙΚΑ ΚΕΛΛΑΡΙΑ Μαυροδάφνη,87.4
2024-12-10,1148,Πορτοκάλια Ναβαλίνες,9.5
2024-12-10,114010,LIPOSAN Blister Cherry,31.9
2024-12-10,1333,Πιπεριές Κόκκινες,43.5
2024-12-10,193747,ZAN SOT Υφασμάτινο,11.0
2024-12-10,23528,ΟΙΚ-ΣΤΕΡΓΙΟΥ Μηλόπιτα,9.3
2024-12-10,44274,MISKO Σπαγγετίνη Νο10 Ολικής Άλεσης,11.3
2024-12-10,67513,ADORO Βούτυρο Γάλακτος,42.0
2024-12-10,67761,ΟΛΥΜΠΟΣ Επιλεγμένο Ελαφρύ 1-7%,14.9
2024-12-10,704948,TOSTAKI Γαλοπούλα Καπνιστή,27.9
2024-12-10,705450,BOTANIC THERAPY Oat Milk Delicacy,30.2
2024-12-10,705492,ΚΡΙ ΚΡΙ Peppa 3 Φρούτα (2+1)Δώρο,26.7
2024-12-10,705999,ΟΛΥΜΠΟΣ Ρόδι,12.0
2024-12-10,752657,ΛΑΚΩΝΙΑ Πμβ,10.2
2024-12-10,81887,LIBRESSE Ultra Normal,13.9
2024-12-10,863090,MIMIKOS Nuggets,52.5
2024-12-10,92389,NIVEA Trigger SPF50+,224.8
2024-12-10,706478,AVA Perle Chamomile Αντλία,22.2
2024-12-10,716730,ΟΜΟ Τροπικά Λουλούδια,70.6
2024-12-10,12020,HEINEKEN Μπύρα Lager,12.8
2024-12-10,707652,ΑΠΟ ΚΑΛΗ ΣΟΔΕΙΑ Για Ολες Τις Χρήσεις,7.0
2024-12-10,719866,ΕΠΙΛΟΓΗ ΜΟΥ,122.0
2024-12-10,720388,PARODONTAX Complete Protection White,45.1
2024-12-10,721324,ΕΠΙΛΟΓΗ ΜΟΥ Φιστίκι Αράπικο Αλατισμένο,13.0
2024-12-10,876005,MASTIQUA Ανθρακούχο,16.5
2024-12-10,727142,ΕΠΙΛΟΓΗ ΜΟΥ Κλασικός,24.5
2024-12-10,731223,Γραβιέρα Κρήτης Π-Ο.Π 12μηνης Ωρίμανσης,179.6
2024-12-10,728076,Γαρίδες Προβρ- Αποφλ. με Ουρά 31/40 Κατεψυγμένες,73.5
2024-12-10,725886,ΕΠΙΛΟΓΗ ΜΟΥ Κύβος Μικρογκοφρέ 8άρι 2φ-,36.5
2024-12-10,46103,AGRINO Ρύζι Exotic Basmati,65.1
2024-12-10,746679,ΕΠΙΛΟΓΗ ΜΟΥ Αρακάς Λαδερός,36.5
2024-12-10,982727,TENA Lights Liners Long,20.2
2024-12-10,729809,GILLETTE Proglide,194.9
2024-12-10,749326,MONSTER Energy Monarch,15.3
2024-12-10,748286,SANILAC Βρεφικό Γάλα Νο1,235.5
2024-12-10,852801,ΔΕΛΤΑ Smart Με Σοκολάτα,7.9
2024-12-10,749213,ΠΙΝΔΟΣ Κοτόπουλο Πανέ,46.3
2024-12-10,749470,PRINGLES Τσιπς με Πάπρικα,33.9
2024-12-10,772900,ΕΠΙΛΟΓΗ ΜΟΥ Υγρό με Θαλασσινή Φρεσκάδα,16.5
2024-12-10,217430,BABYLINO Kids Pants Girl 4-10Υ- 20-35kg,65.7
2024-12-10,1008,Πιπεριές Πράσινες,19.5
2024-12-10,10266,ROSE BOUTARI DEMI-SEC Ροζέ,76.4
2024-12-10,16927,Κασέρι Μυτιλήνης Π-Ο.Π Κομμάτι,179.5
2024-12-10,196318,Βούρτσα Ανατομική,39.0
2024-12-10,40071,LIPTON Ice Tea Ροδάκινο,32.0
2024-12-10,4037,SMIRNOFF Red,149.5
2024-12-10,44553,ΜΕΛΙΣΣΑ Σπαγγετίνι Νο10,7.5
2024-12-10,701086,DEMAK UP Duo Expert Oval,22.9
2024-12-10,705453,BOTANIC THERAPY Honey Treasures,48.5
2024-12-10,706153,ΟΛΥΜΠΟΣ Μήλο-Πορτοκάλι-Καρότο,12.0
2024-12-10,81891,EVERY DAY Extra Long Ultra Plus,24.6
2024-12-10,877382,AMITA Πορτοκάλι,13.1
2024-12-10,23473,ΟΙΚ-ΣΤΕΡΓΙΟΥ Κέικ Ανάμεικτο,38.0
2024-12-10,421122,KLINEX Ultra Reg- (το 2ο -50%),39.9
2024-12-10,12017,AMSTEL Μπύρα Lager,10.6
2024-12-10,721481,ΕΠΙΛΟΓΗ ΜΟΥ Classico,49.9
2024-12-10,721808,ΕΠΙΛΟΓΗ ΜΟΥ Σπανακοπιτάκια με Τυρί,28.5
2024-12-10,723328,ESSEX Multi,59.6
2024-12-10,760067,ΕΠΙΛΟΓΗ ΜΟΥ Αμύγδαλο Ψημένο Ανάλατο,34.9
2024-12-10,728904,ΑΛΙΜΠΙΝΙΣΗΣ Ολικής Άλεσης (6τεμ-),20.9
2024-12-10,733381,MASTIQUA Ανθρακούχο Λεμόνι,16.5
2024-12-10,745840,ΧΩΡΙΟ Διπλή Συμπύκνωσης,19.8
2024-12-10,746003,ΜΕΒΓΑΛ Love Milk Ελαφρύ 1-5%,15.1
2024-12-10,746143,ΚΡΙ ΚΡΙ Master Rich Salted Caramel,71.2
2024-12-10,743787,MIMIKOS Cordon Bleu (-0-70Ε),72.5
2024-12-10,746676,ΕΠΙΛΟΓΗ ΜΟΥ Φασολάκια Στρογγυλά,21.9
2024-12-10,746672,ΕΠΙΛΟΓΗ ΜΟΥ Μπάμιες,51.9
2024-12-10,875312,BIC Sensitive (4+4) Δώρο,36.7
2024-12-10,942202,FAIRY Apple,29.3
2024-12-10,746729,CONDITO Χτυπητή Vegan,33.1
2024-12-10,748287,SANILAC Βρεφικό Γάλα Νο2,194.2
2024-12-10,203629,ZEWA Softis Menthol (6+2)Δ,21.1
2024-12-10,772901,ΕΠΙΛΟΓΗ ΜΟΥ Καθαριστικό Ultra Λεβάντα,16.5
2024-12-10,903051,3ΑΛΦΑ Ρύζι Μπλου Ροζ,15.0
2024-12-10,728808,PRINGLES Τσιπς Hot & Spicy,33.9
2024-12-10,965857,COLGATE Total Active Fresh,20.3
2024-12-10,217431,BABYLINO Kids Pants Boy 4-10Υ- 20-35kg,65.7
2024-12-10,10312,ΚΤΗΜΑ ΚΥΡ ΓΙΑΝΝΗ Σαμαρόπετρα Λευκό,130.2
2024-12-10,1131,Πιπεριές Φλωρίνης,39.9
2024-12-10,1158,Γκρέιπφρουτ Κόκκινα,15.5
2024-12-10,198453,ZAN SOT Μεγάλος,25.0
2024-12-10,31154,ΚΑΡΑΓΙΑΝΝΗΣ Τραχειας Χωρίς Γλυκάνισο,28.0
2024-12-10,44516,STELLA Σπαγγέτι Νο6,8.5
2024-12-10,701885,NIVEA For Men,29.1
2024-12-10,705448,BOTANIC THERAPY Honey Treasures,23.3
2024-12-10,709002,ΠΑΝΤΑΖΑΤΟΣ Κεφαλοτύρι Κεφαλονιάς,179.5
2024-12-10,851878,ALWAYS Ex-Prot.Large + 18τεμ Δώρο,34.2
2024-12-10,852874,7 ΘΑΛΑΣΣΕΣ Μύδια Ψίχα,42.5
2024-12-10,863072,ΚΟΝΤΟΓΙΑΝΝΗ 6άδα Medium,21.5
2024-12-10,905516,COOL HELLAS Βύσσινο Συμπυκνωμένο,49.0
2024-12-10,700545,ΟΙΚ-ΣΤΕΡΓΙΟΥ Κέικ Πορτοκάλι,38.0
2024-12-10,710401,SKIP Spring Fresh,77.8
2024-12-10,718270,PIZ BUIN Tan&Protect Intensifying SPF30,169.8
2024-12-10,12039,ΑΛΦΑ Μπύρα Lager,10.5
2024-12-10,719993,ΕΠΙΛΟΓΗ ΜΟΥ,53.9
2024-12-10,721806,ΕΠΙΛΟΓΗ ΜΟΥ Τυροπιτάκια,22.9
2024-12-10,724851,ΟΛΥΜΠΟΣ Του Βουνού Λεμόνι,14.7
2024-12-10,721988,NESCAFE DOLCE GUSTO Freddo Espresso Napoli,62.7
2024-12-10,733253,PEPSI Zero Sugar,52.8
2024-12-10,423422,FAIRY All in 1 Lemon,57.2
2024-12-10,864152,ΔΩΔΩΝΗ Βούτυρο Αγελάδος,45.4
2024-12-10,744828,ΕΠΙΛΟΓΗ ΜΟΥ Mini Σίκαλης,8.9
2024-12-10,745838,ΧΩΡΙΟ Ελαφρά Συμπυκνωμένος,13.4
2024-12-10,746004,ΜΕΒΓΑΛ Love Milk Πλήρες 3-5%,15.1
2024-12-10,746682,ΕΠΙΛΟΓΗ ΜΟΥ Σπανάκι σε Φύλλα,23.9
2024-12-10,729844,ΕΠΙΛΟΓΗ ΜΟΥ Large,64.5
2024-12-10,73993,MIMIKOS Φιλετίνια Πανέ,69.5
2024-12-10,729922,SOFTEX Λευκά (6+2)Δώρο,18.9
2024-12-10,748288,SANILAC Βρεφικό Γάλα Νο3,204.3
2024-12-10,743126,CONDITO Ηummus The Green Line,24.5
2024-12-10,749217,ΠΙΝΔΟΣ Φτερούγες Κοτόπουλο BBQ,32.5
2024-12-10,771720,GILLETTE Mach3 Ανταλλακτικά Ξυραφάκια,149.9
2024-12-10,790363,DETTOL Υγρά Μαντηλάκια Αντιβακτηριδια,19.1
2024-12-10,982078,PAMPERS Premium Pants No5 Jumbo,121.0
2024-12-10,809652,COLGATE Sentation White 2τεμ-,27.7
2024-12-10,10487,ΜΠΟΥΤΑΡΗ Μοσχοφίλερο,87.0
2024-12-10,1140,Λεμόνια,11.9
2024-12-10,1325,Πιπεριές Μακεδονίας,19.9
2024-12-10,198232,ZAN SOT Ν. 602,20.0
2024-12-10,23480,ΟΙΚ-ΣΤΕΡΓΙΟΥ Φέτα Κέικ Ανάμικτο,11.2
2024-12-10,44569,ΜΕΛΙΣΣΑ Μακαρόνια Τρυπητά Νο5,11.8
2024-12-10,46369,3ΑΛΦΑ Ρύζι Καρολίνα,42.7
2024-12-10,6002,MINI ΜΥΤΙΛΗΝΗΣ Ούζο,217.5
2024-12-10,709137,7 ΘΑΛΑΣΣΕΣ Θαλασσινά Ανάμεικτα,39.9
2024-12-10,709270,HEAD & SHOULDERS Cool Menthol Αντιπιτυριδικό,44.9
2024-12-10,710061,RUFFLES Τσιπς Ρίγανη,14.6
2024-12-10,75902,KERRYGOLD Regato Ιρλανδίας Light 16%,123.1
2024-12-10,863075,ΚΟΝΤΟΓΙΑΝΝΗ 6άδα Small,19.2
2024-12-10,872671,SEPTONA Sensitive Night (-1-00Ε),18.8
2024-12-10,33024,JACOBS Flavours Καραμέλα,69.9
2024-12-10,196328,AFROSO Rose Αντ/κό,18.6
2024-12-10,875117,PIZ BUIN Spray Tan&Protect SPF30,167.8
2024-12-10,718789,ΚΡΙ ΚΡΙ Super Spoon Blueberry (-0-50Ε),24.9
2024-12-10,12016,AMSTEL Μπύρα Lager,15.0
2024-12-10,719543,ΕΒΟΛ Συνεταιριστικό 3-7% Λιπαρά,20.2
2024-12-10,720728,ΕΠΙΛΟΓΗ ΜΟΥ,49.5
2024-12-10,724214,SKIP Ultimate Active Clean,101.7
2024-12-10,721807,ΕΠΙΛΟΓΗ ΜΟΥ Λουκανικοπιτάκια,21.9
2024-12-10,724852,ΟΛΥΜΠΟΣ Του Βουνού Ροδάκινο,14.7
2024-12-10,723143,ΠΙΝΔΟΣ Μπούτι Κοτόπουλο,56.5
2024-12-10,11840,FANTA Πορτοκαλάδα,48.6
2024-12-10,706522,ΘΕΟΝΗ Φυσικό Μεταλλικό,3.3
2024-12-10,744793,ΚΑΡΑΜΟΛΕΓΚΟΣ Αξιαγάπιτες 4τεμ-,24.7
2024-12-10,746681,ΕΠΙΛΟΓΗ ΜΟΥ Καλαμπόκι,14.5
2024-12-10,729847,ΕΠΙΛΟΓΗ ΜΟΥ Medium,55.9
2024-12-10,749014,Γαλοπούλα Γαλλίας Κατεψυγμένη με Θερμόμετρο 4Kg,238.0
2024-12-10,749219,ΠΙΝΔΟΣ Κοπανάκι BBQ,49.4
2024-12-10,748507,CANDEREL Γλυκαντικό Stevia,42.9
2024-12-10,103863,NIVEA MEN Αφρός Ξυρίσματος,52.2
2024-12-10,860816,ZEWA Softis Τσέπης,12.5
2024-12-10,772342,COLGATE Μέτρια 360 Black,26.9
2024-12-10,527877,STARBUCKS Espresso Caramel,34.7
2024-12-10,218589,FAIRY Ultra Original,21.9
2024-12-10,10691,ΜΠΟΥΤΑΡΗ Αγιωργίτικο Ερυθρό,80.3
2024-12-10,1229,Πιπεριές Mix,26.0
2024-12-10,199048,Κλάμερ Classic Πολύ Μεγάλο,18.5
2024-12-10,41273,Σεφταλιές Νωπές Ελληνικής Επεξεργασίας,94.5
2024-12-10,44688,ΜΕΛΙΣΣΑ Φιδές Ψιλός,8.7
2024-12-10,6023,MINI ΜΥΤΙΛΗΝΗΣ Ούζο,39.3
2024-12-10,68183,ΟΛΥΜΠΟΣ Κατσικίσιο 3-7% Λιπαρά,28.4
2024-12-10,703351,ΟΙΚ-ΣΤΕΡΓΙΟΥ Βιεννέζικο Κρέμα Σοκολάτας,10.6
2024-12-10,708499,GARNIER Moisture Bomb,15.5
2024-12-10,709269,HEAD & SHOULDERS Citrus Fresh Αντιπιτυριδικό,44.9
2024-12-10,710060,RUFFLES Τσιπς Αλάτι,14.6
2024-12-10,863074,ΚΟΝΤΟΓΙΑΝΝΗ Βιολογικά 4άδα,37.5
2024-12-10,869518,7 ΘΑΛΑΣΣΕΣ Γλώσσα Φιλέτο,74.9
2024-12-10,900497,ΦΑΓΕ Τρικαλινό Ημίσκληρο Τυρί Light,177.0
2024-12-10,196258,DUCK 3in1 Πεύκο Σε Θήκη,18.8
2024-12-10,423198,FINISH Regular,43.3
2024-12-10,12178,ΦΙΞ ΕΛΛΑΣ Μπύρα Lager,14.7
2024-12-10,721334,ΕΠΙΛΟΓΗ ΜΟΥ Κλασσικό Δοχείο,349.5
2024-12-10,724532,PIZ BUIN Hydro Infusion SPF30,164.8
2024-12-10,70240,ΠΙΝΔΟΣ Στήθος Κοτόπουλο Φιλέτο,96.5
2024-12-10,46216,AGRINO Ρύζι Λάϊς Καρολίνα,47.0
2024-12-10,744851,ΕΠΙΛΟΓΗ ΜΟΥ Κλασικός,41.5
2024-12-10,744795,ΠΑΠΑΔΟΠΟΥΛΟΥ Πολύσπορο,24.8
2024-12-10,745839,ΧΩΡΙΟ Ελαφρά Συμπυκνωμένος,16.3
2024-12-10,746683,ΕΠΙΛΟΓΗ ΜΟΥ Αρακάς,23.9
2024-12-10,746677,ΕΠΙΛΟΓΗ ΜΟΥ Φασολάκια Πλατιά,21.9
2024-12-10,729848,ΕΠΙΛΟΓΗ ΜΟΥ XLarge,73.5
2024-12-10,771705,ΟΛΥΜΠΟΣ Ice Tea Zero Ροδάκινο,15.1
2024-12-10,771656,NESTLE Μπισκοτάκια Από 6Μηνών,16.6
2024-12-10,771829,DELIGIOS Stevia Σκόνη,69.9
2024-12-10,771878,GILLETTE Series  Sensitive,41.5
2024-12-10,992082,ARIEL All In 1 Extra Clean (1+1)Δώρο,103.3
2024-12-10,219075,GOODMOOD Χαρτί Κουζίνας,17.2
2024-12-10,992092,PAMPERS Pants No5 Value Pack,77.2
2024-12-10,10721,ΡΕΠΑΝΗ Αγιωργίτικο Ερυθρό,45.0
2024-12-10,1082,ΡΟΔΙΑ ΕΧΤRA,31.9
2024-12-10,199403,ZAN SOT Μυτερές Ακρες,39.5
2024-12-10,36065,RUFFLES Heinz Κetchup,14.6
2024-12-10,46218,AGRINO Ρύζι Bella Parboiled,52.7
2024-12-10,705028,ΟΛΥΜΠΟΣ Πορτοκάλι,12.7
2024-12-10,710132,LIPOSAN Blister Hydro Care,30.3
2024-12-10,863644,ALFA Μπουγάτσα Θεσσαλονίκης Κρέμα,32.8
2024-12-10,872670,SEPTONA Sensitive Super (-1-00Ε),18.8
2024-12-10,705860,ΚΡΙ ΚΡΙ Heartmade Αγριοκέρασο (+50%),90.4
2024-12-10,1120,Λάιμς,37.9
2024-12-10,196537,DUCK 3in1 Για Το Καζανάκι,19.4
2024-12-10,13631,AMITA Βύσσινο,25.4
2024-12-10,12167,ΦΙΞ ΕΛΛΑΣ Μπύρα Lager,10.8
2024-12-10,701374,ΚΡΙ ΚΡΙ Φράουλα (-0-60Ε),32.4
2024-12-10,72017,Καβουρόψιχα Σουρίμι Απομίμηση Κατεψυγμένο,16.5
2024-12-10,944650,ΕΨΑ Πορτοκαλάδα (5+1)Δώρο,34.5
2024-12-10,500600,ΣΤΑΜΟΥ Κατσικίσιο Πλήρες 4%,29.8
2024-12-10,742812,ΕΠΙΛΟΓΗ ΜΟΥ Εξαιρετικό Παρθένο,106.8
2024-12-10,729125,ROL Quickwash,43.7
2024-12-10,745884,ΧΩΡΙΟ Ελαφρά Συμπυκνωμένος,8.4
2024-12-10,747137,ΚΡΙΣ ΚΡΙΣ Selection Classic Σταρένιο,21.6
2024-12-10,746675,ΕΠΙΛΟΓΗ ΜΟΥ Κρεμμύδι,14.9
2024-12-10,729849,ΕΠΙΛΟΓΗ ΜΟΥ 60χ90 cm,49.9
2024-12-10,942619,AVA Perle Chamomile,42.0
2024-12-10,749221,ΠΙΝΔΟΣ Φιλετάκι,68.1
2024-12-10,771830,DELIGIOS Stevia Σκόνη Sticks,20.3
2024-12-10,874178,ΒΙC Flex μιας Χρήσης,50.6
2024-12-10,219074,GOODMOOD 4Φ,35.8
2024-12-10,75000,DIROLLO Κεφαλοτύρι LIGHT 18%,119.3
2024-12-10,219189,NESCAFE Gold Blend Organic,67.5
2024-12-10,1016,Ακτινίδια,27.0
2024-12-10,1048,Πιπεριές Κέρατα,20.5
2024-12-10,10889,CALLIGA Demi Sec Ροζέ,69.7
2024-12-10,16926,ΓΑΛΑΚΤΟΚΟΜΙΚΗ ΛΕΣΒΟΥ Λαδοτύρι Π-Ο.Π,198.0
2024-12-10,36063,RUFFLES Τσιπς BBQ,14.6
2024-12-10,42286,SOLINGEN Λοξό Στενό,23.5
2024-12-10,44471,ΜΕΛΙΣΣΑ Παστίτσιο Νο2,11.8
2024-12-10,6525,SKINOS Λικέρ Mαστίχα,186.5
2024-12-10,706347,HOME CAKE Κέικ Μarble Moccacino,29.1
2024-12-10,709788,LE PETIT MARSEILLAIS Detox,24.0
2024-12-10,710404,GARNIER Micellaire,45.5
2024-12-10,71676,Φαγκρί Συσκευασμένο Κατεψυγμένο,97.1
2024-12-10,867477,ΧΡΥΣΗ ΖΥΜΗ Μπουγάτσα Θεσσαλονίκης Πραλίνα,44.3
2024-12-10,867915,ΟΛΥΜΠΟΣ Κατσικίσιο 1-7% Λιπαρά,28.4
2024-12-10,877426,ALWAYS Normal,14.0
2024-12-10,708287,ΧΡΥΣΑ ΑΥΓΑ Ασπράδι Αυγού Παστεριωμένο,37.8
2024-12-10,196308,AFROSO Passionate Rose,12.5
2024-12-10,854951,AVA Perle Chamomile & Lemon,27.8
2024-12-10,12111,KAISER Μπύρα Pilsner,19.8
2024-12-10,724531,PIZ BUIN Sensitive SPF50+,174.8
2024-12-10,78170,ΜΕΒΓΑΛ Αγελαδινό,10.4
2024-12-10,733224,ΕΨΑ Πορτοκαλάδα Μπλέ (5+1)Δώρο,34.5
2024-12-10,720888,L΄OR Espresso Ristretto,87.2
2024-12-10,729388,NEOMAT Gel Ορχιδέα,64.5
2024-12-10,747146,ΚΥΚΝΟΣ Περαστή Στο Μύλο Χάρτινο,11.5
2024-12-10,747132,ΚΡΙΣ ΚΡΙΣ Selection Brioche Toast,16.8
2024-12-10,729850,ΕΠΙΛΟΓΗ ΜΟΥ 90χ180 cm,68.9
2024-12-10,746674,ΕΠΙΛΟΓΗ ΜΟΥ Λαχανικά Ανάμεικτα,17.9
2024-12-10,67785,ΟΛΥΜΠΟΣ Πορτοκάλι,19.5
2024-12-10,748535,ΝΟΥΝΟΥ 7 Δημητριακά (-0-20Ε),55.1
2024-12-10,48030,ΓΙΩΤΗΣ Φαρίνα Κόκκινη,12.5
2024-12-10,221713,KLEENEX Allergy Box,33.5
2024-12-10,1021,Ανανάς,16.9
2024-12-10,44820,ΜΕΛΙΣΣΑ Πέννες Ριγέ Ολικής Άλεσης,13.2
2024-12-10,482151,ZAN SOT Μεσαίος Ν.642,18.5
2024-12-10,502585,ΚΤΗΜΑ ΣΠΥΡΟΠΟΥΛΟΥ Μελιαστό Βιολογικό Ροζέ,106.6
2024-12-10,531158,ΠΑΠΑΔΟΠΟΥΛΟΥ Cream Crackers,13.3
2024-12-10,70053,ΥΦΑΝΤΗΣ Πίτσα Rock N Roll,99.5
2024-12-10,706348,HOME CAKE Κέικ Vanilla - Chocolate Chips,26.8
2024-12-10,709926,FRUCTIS Δύναμη & Λάμψη,28.4
2024-12-10,710679,BIOTEN Skin Moisture,39.5
2024-12-10,305053,MR MUSCLE Gel,49.7
2024-12-10,874817,MARTINI BIANCO 14.4%,117.6
2024-12-10,12582,MYTHOS Μπύρα Lager,16.6
2024-12-10,81034,ALWAYS Dailies Fresh&Protect Normal,20.0
2024-12-10,75337,Edam Γερμανίας,79.8
2024-12-10,718511,WASA Ολικής Άλεσης,30.2
2024-12-10,721897,ΚΡΙ ΚΡΙ Babies Το Πρώτο Μου Γιαουρτάκι,21.3
2024-12-10,724534,PIZ BUIN Moisturising SPF50,174.8
2024-12-10,760690,STARBUCKS Cappuccino 6 ροφήματα,41.9
2024-12-10,700607,ΡΟΔΟΠΗ Κατσικίσιο 3-7% Λιπαρά,28.8
2024-12-10,701369,Παγκάσιους Φιλέτο Κατεψυγμένο,57.9
2024-12-10,733379,ΑΜΒΡΟΣΙΑΔΗ Μπούτι Κοτόπουλο,58.5
2024-12-10,733249,PEPSI Κουτί,54.0
2024-12-10,740057,ΕΠΙΛΟΓΗ ΜΟΥ Βανίλια-Κακάο,56.0
2024-12-10,733889,ΖΑΓΟΡΙ Athletic Go Green,5.2
2024-12-10,729390,NEOMAT Gel Rose,64.5
2024-12-10,746673,ΕΠΙΛΟΓΗ ΜΟΥ Αγκινάρες,44.9
2024-12-10,729649,SANI Pants No3 Large,190.7
2024-12-10,749225,ΠΙΝΔΟΣ Φιλέτο Στήθος Κοτόπουλο,62.5
2024-12-10,771703,ΟΛΥΜΠΟΣ Ice Tea Zero Λεμόνι,15.1
2024-12-10,748534,ΝΟΥΝΟΥ Βανίλια (-0-20Ε),55.2
2024-12-10,219230,GILLETTE Blue III Comfort,53.9
2024-12-10,445214,AVA Perle με Σαπούνι & Μαστίχα,27.8
2024-12-10,1052,Μπρόκολο,29.9
2024-12-10,44660,ΜΕΛΙΣΣΑ Μακαρόνια Τρυπητά Νο3,11.8
2024-12-10,487568,Ελαφρόπετρα Ν.152,16.0
2024-12-10,531969,ΠΑΠΑΔΟΠΟΥΛΟΥ Cream Crackers Σίκαλης,13.3
2024-12-10,700230,ΚΡΗΤΙΚΟΣ Merlot Ερυθρό,38.9
2024-12-10,707710,HOME CAKE Κέικ Σοκολάτα,7.8
2024-12-10,714476,GARNIER Micellaire 3σε1,16.6
2024-12-10,7148,ΜΕΤΑΞΑ Κονιάκ 5*,178.3
2024-12-10,75757,FINA Τυρί Ολλανδίας 10% Λιπαρά,110.9
2024-12-10,1081,Μάνγκο,36.9
2024-12-10,305964,BRASSO Mετάλλων,79.9
2024-12-10,12827,ΒΕΡΓΙΝΑ Μπύρα Lager,10.6
2024-12-10,718510,WASA Ολικής Original,28.1
2024-12-10,719359,ΥΦΑΝΤΗΣ Πίτσα Rock N Roll Μαργαρίτα,70.6
2024-12-10,718790,ΚΡΙ ΚΡΙ Super Sp-Goji Berry.-Prot.-0.5,24.9
2024-12-10,705509,NIVEA Spray Carotene SPF6,139.6
2024-12-10,703757,ALWAYS Ultra Long Plus,15.0
2024-12-10,760214,BUONDI Craft  Master Blend,49.8
2024-12-10,852875,Σουπιά Φιλέτο Shrink Κατεψυγμένο,158.0
2024-12-10,705518,ΡΟΔΟΠΗ Κατσικίσιο Ελαφρύ 1.7% Λιπαρά,28.8
2024-12-10,740056,ΕΠΙΛΟΓΗ ΜΟΥ Βανίλια-Κακάο & Φράουλα,56.0
2024-12-10,943584,ΗΠΕΙΡΟΣ Βούτυρο Λιωμένο,95.7
2024-12-10,747145,ΚΥΚΝΟΣ Περαστή Στο Μύλο,21.5
2024-12-10,743978,COCA COLA Zero Λεμόνι,42.2
2024-12-10,721602,ΚΡΙΣ ΚΡΙΣ Φέτες Ζωής Ολ-Άλεσης,18.7
2024-12-10,852689,AIM Vertical Expert Μαλακή,21.5
2024-12-10,987639,SANI Pants Sensitive No4 Extra Larg,140.3
2024-12-10,771221,ESSEX Regular Σε Σκόνη,61.8
2024-12-10,749227,ΠΙΝΔΟΣ Κοτομπουκιές,62.5
2024-12-10,771704,ΟΛΥΜΠΟΣ Ice Tea Zero Φράουλα & Δυόσμος,15.1
2024-12-10,711468,ΘΕΟΝΗ Φυσικό Μεταλλικό,2.2
2024-12-10,772974,ΕΠΙΛΟΓΗ ΜΟΥ Αποσμητικό Λεμόνι 2in1,21.9
2024-12-10,27002,ΓΙΩΤΗΣ Κορν Φλάουρ,11.3
2024-12-10,219232,GILLETTE Blue3 Plus Red,29.9
2024-12-10,1018,Αβοκάντο,51.9
2024-12-10,1036,Κουνουπίδι,19.5
2024-12-10,44651,ΜΕΛΙΣΣΑ Ρυζάκι,10.1
2024-12-10,637010,PALMOLIVE Naturals Μέλι & Γάλα Αντ/κό,18.8
2024-12-10,700229,ΚΡΗΤΙΚΟΣ Νεμέας Ημίγλυκο Ερυθρό,37.0
2024-12-10,708343,HOME CAKE Κέικ Σοκολάτα,26.8
2024-12-10,713898,BOTANIC THERAPY Maple Healer,30.2
2024-12-10,714467,JOHNSON΄S & JOHNSON΄S Daily Essent-Normal Skin -50%,32.0
2024-12-10,741539,SMIRNOFF North,165.2
2024-12-10,872642,ΠΑΠΑΔΟΠΟΥΛΟΥ Cream Crackers Χωρίς ζάχαρη,14.5
2024-12-10,305013,FORNET Για Φούρνο & Μπάρμπεκιου,40.3
2024-12-10,705640,ΟΜΟ Τροπικά Λουλούδια Σε Σκόνη,72.5
2024-12-10,718300,LIFE Πορτοκάλι,16.3
2024-12-10,12826,ΒΕΡΓΙΝΑ Μπύρα Lager,16.0
2024-12-10,73744,COCA COLA Zero Sugar,19.8
2024-12-10,721332,ΕΠΙΛΟΓΗ ΜΟΥ Κρίθινα Ολικής Άλεσης Κρήτης,18.5
2024-12-10,718360,NIVEA Protect&Play SPF50+,194.4
2024-12-10,727215,ΔΕΛΤΑ Vitaline Ροδάκινο (2+1) Δώρο,34.7
2024-12-10,703759,ALWAYS Ultra Night,15.0
2024-12-10,720914,ΚΟΛΙΟΣ ΠΑΡΑΔΟΣΙΑΚΟ Ημίσκληρο Τυρί Light,149.5
2024-12-10,71657,Πέρκα Φιλέτο Κατεψυγμένη FAO01,122.5
2024-12-10,745151,NESCAFE Gold Iced Salted Caramel Latte,34.9
2024-12-10,729258,FAIRY Hygiene,23.5
2024-12-10,742490,ΚΥΚΝΟΣ Τριμμένες Σε Γυάλινη Φιάλη,22.4
2024-12-10,721603,ΚΡΙΣ ΚΡΙΣ Τοστ Φέτες Ζωής Πολύσπορο,19.7
2024-12-10,731023,ΑΜΒΡΟΣΙΑΔΗ Στήθος Κοτόπουλο,59.5
2024-12-10,771432,SUPER FRESCO Μαργαρίνη Soft,8.4
2024-12-10,749229,ΠΙΝΔΟΣ Μπιφτέκι,49.4
2024-12-10,740310,LISTERINE Teeth & Gum Defence,46.8
2024-12-10,991958,AGRINO Quick Deli Steamed Basmati,22.0
2024-12-10,748693,ΓΙΩΤΗΣ Φρουτόκρεμα με 5 Φρούτα,55.4
2024-12-10,219231,GILLETTE Blue3 Red,55.2
2024-12-10,1043,Σπανάκι,18.5
2024-12-10,1054,Κυδώνια,19.9
2024-12-10,11034,COCA COLA Light (5+1)Δώρο,41.1
2024-12-10,44540,ΜΕΛΙΣΣΑ Πέννες Ριγέ,10.2
2024-12-10,700406,PENASOL Σανγκρία Ερυθρό,44.1
2024-12-10,702071,ΠΑΠΑΔΟΠΟΥΛΟΥ Cream Crackers Κριθάρι Βρώμη,16.6
2024-12-10,714470,JOHNSON΄S & JOHNSON΄S Normal Skin (-50%),22.5
2024-12-10,714779,ULTREX MEN Αντιπ/κό Oil Control Refr-,38.3
2024-12-10,740708,LISTERINE Cool Mint,29.6
2024-12-10,75965,ΦΑΓΕ Ημίσκληρο Τρικαλινό Τυρί Light,41.0
2024-12-10,8011,BAILEYS Λικέρ,159.5
2024-12-10,420061,DUCK 3in1 Θάλασσα,18.8
2024-12-10,875438,SANITAS Μεταλλικό Με Λαβή,12.5
2024-12-10,718301,LIFE Μήλο-Πορτοκάλι-Καρότο,14.8
2024-12-10,14522,ΣΟΥΡΩΤΗ Ανθρακούχο,7.4
2024-12-10,710739,ΕΖΑ Μπύρα Lager,12.1
2024-12-10,719607,ALFA Πίτσα Special,107.9
2024-12-10,721333,ΕΠΙΛΟΓΗ ΜΟΥ Σίκαλης Κρήτης,18.5
2024-12-10,719136,PRALEDA Πραλίνα Φουν/κιού (+50% Επ-Πρ),10.6
2024-12-10,711458,ALWAYS Platinum Ultra Super Plus,15.0
2024-12-10,718788,ΚΡΙ ΚΡΙ Superfruits Βαν--Μαν. (-0.50)Ε,24.9
2024-12-10,50164,COROΛA,115.9
2024-12-10,740059,ΕΠΙΛΟΓΗ ΜΟΥ Καϊμάκι Με Σιρόπι Βύσσινο,47.5
2024-12-10,745152,NESCAFE Gold Ice Cappuccino,34.9
2024-12-10,961705,PLANET Baby,45.5
2024-12-10,771433,SUPER FRESCO Μαργαρίνη Soft,16.5
2024-12-10,749231,ΠΙΝΔΟΣ Burger,46.3
2024-12-10,991959,AGRINO Ρύζι Quick Deli,22.0
2024-12-10,48029,ΜΥΛΟΙ ΑΓΙΟΥ ΓΕΩΡΓΙΟΥ Ζυμωτό,24.3
2024-12-10,748536,ΝΟΥΝΟΥ με 5 Φρούτα (-0-20Ε),55.2
2024-12-10,772272,GILLETTE Series Condition (+200ml) ΔΩΡΟ,56.9
2024-12-10,774289,TENA Lady Discreet Ultra Normal,26.3
2024-12-10,11739,COCA COLA Light,38.0
2024-12-10,44502,MISKO Ταλιατέλες,18.3
2024-12-10,700792,Σαπούνι Με Ελαιόλαδο,6.8
2024-12-10,708637,ΚΤΗΜΑ ΚΥΡ ΓΙΑΝΝΗ Παράγκα Ροζέ,84.3
2024-12-10,714778,ULTREX MEN Αντιπ/κό Cool Sport Menth-,38.3
2024-12-10,716739,L΄OREAL Revitalift Laser,175.6
2024-12-10,860694,STOLICHNAYA,181.5
2024-12-10,420001,TIDE Σκόνη Για Πλύσιμο Στο Χέρι,24.5
2024-12-10,420848,KLINEX Ultra Pink Power,16.0
2024-12-10,711374,ΜΑΜΟΣ Μπύρα Pilsner,16.5
2024-12-10,711461,ALWAYS Platinum Ultra Night,15.0
2024-12-10,900401,ΚERRYGOLD Cheddar Κόκκινο,117.0
2024-12-10,747693,ΕΠΙΛΟΓΗ ΜΟΥ Κρανμπερι,23.9
2024-12-10,729860,COLGATE Periogard Gum,44.6
2024-12-10,729887,ΕΠΙΛΟΓΗ ΜΟΥ Λεμόνι,32.9
2024-12-10,743055,ALFA Πολύσπορη 6τεμ-,24.0
2024-12-10,771202,ΜΠΑΡΜΠΑ ΣΤΑΘΗΣ Άνηθος,21.0
2024-12-10,771434,SUPER FRESCO Μαργαρίνη Κλασικό,8.0
2024-12-10,772099,ΠΙΝΔΟΣ Προψημένες BBQ,59.6
2024-12-10,772108,ΓΙΩΤΗΣ Φαρίν Λακτέ Μπισκότο (-0-30Ε),41.0
2024-12-10,770012,BIC Hybrid (Μηχανή+ 2 Αντ/κά)Δώρο,69.6
2024-12-10,218465,ΕΠΙΛΟΓΗ ΜΟΥ Ελαφράς Ακράτειας Super Plus,38.9
2024-12-10,218267,ΠΑΠΑΔΟΠΟΥΛΟΥ Cream Crackers Χαρούπι,16.4
2024-12-10,1475,Λωτοί,37.9
2024-12-10,44784,BARILLA Πέννες Mezze Tricolore,19.7
2024-12-10,700791,Σαπούνι Με Ελαιόλαδο,5.9
2024-12-10,712128,ΑΛΙΜΠΙΝΙΣΗΣ Λευκή 6τεμ-,19.9
2024-12-10,740557,ΕΛΛΗΝΙΚΑ ΚΕΛΛΑΡΙΑ Ερυθρό Αγιωργίτικο Νεμέας,74.4
2024-12-10,756831,L΄OREAL Dermoexpert Τριπλή δράση,51.8
2024-12-10,868804,ΤΟ ΔΕΚΑΡΑΚΙ Τσιπουρο,48.6
2024-12-10,420504,ROLI Lemon Power,14.8
2024-12-10,420574,ROL Classic Σε Σκόνη,15.4
2024-12-10,854404,AMSTEL Μπύρα Free,8.8
2024-12-10,719638,Μπαρμπούνια Κατεψυγμένα,48.5
2024-12-10,724464,NIVEA Spray Sens-Protect&Play SPF50+,235.0
2024-12-10,721978,DOUWE EGBERTS Caramel Instant,58.1
2024-12-10,745691,ΠΑΠΑΔΟΠΟΥΛΟΥ Cream Crackers Πολύσπορα,16.6
2024-12-10,733155,VIVA Πορτ- Μηλο Ροδ. Βερίκοκο,14.5
2024-12-10,743375,ΒΙΚΟΣ Cola Zero (5+1)Δώρο,31.6
2024-12-10,729293,COLGATE Sensitive Instant Relief,26.6
2024-12-10,728351,ΜΠΕΛΑΣ ΤΟΣΤΑΚΙ Ημίσκληρο Τυρί,119.5
2024-12-10,747694,ΕΠΙΛΟΓΗ ΜΟΥ Μιξ Μούρα,27.5
2024-12-10,986597,ΜΠΑΡΜΠΑ ΣΤΑΘΗΣ Μαϊντανός,18.3
2024-12-10,771240,ΔΕΛΤΑ Milko Σοκολατούχο Γάλα,17.1
2024-12-10,774027,Ανάμεικτο Μπιφτέκι Βόειο Χοιρινό Ελλην-Επεξεργασίας,88.5
2024-12-10,48106,ΜΥΛΟΙ ΑΓΙΟΥ ΓΕΩΡΓΙΟΥ,10.3
2024-12-10,772110,ΓΙΩΤΗΣ Μπισκοτόκρεμα (-0-30Ε),51.1
2024-12-10,770013,BIC Flex 5 Hybrid,99.8
2024-12-10,218466,ΕΠΙΛΟΓΗ ΜΟΥ Extra Large,84.4
2024-12-10,81001972,ECOCLEAN Πράσινο Μήλο,16.5
2024-12-10,44589,MISKO Ριγκατόνι,11.5
2024-12-10,531138,ΠΑΠΑΔΟΠΟΥΛΟΥ Cream Crackers Σίκαλης,21.2
2024-12-10,701123,ΚΑΡΑΜΟΛΕΓΚΟΣ Αξιαγάπιτες 10τεμάχια,19.0
2024-12-10,701298,ARLEM Βασιλικός Πολτός Αντλία,33.4
2024-12-10,716651,ORZENE Everyday Care,39.9
2024-12-10,740561,ΕΛΛΗΝΙΚΑ ΚΕΛΛΑΡΙΑ Cabernet Ερυθρός Ξηρός Syrah,74.4
2024-12-10,756825,L΄OREAL Revitalift,121.7
2024-12-10,877080,ΕΒΟΛ Κακάο Σε Πλαστικό Μπουκάλι,8.7
2024-12-10,2020,FAMOUS GROUSE,173.5
2024-12-10,700917,ROL Για Πλύσιμο Στο Χέρι,22.9
2024-12-10,95484,PALMOLIVE Original,18.9
2024-12-10,862690,ΑΛΦΑ Μπύρα Lager,14.5
2024-12-10,720826,DIMELLO Bold Αλεσμένος,58.0
2024-12-10,721815,ATLANTIKOS Τσιπούρα Καθαρισμένη 300-400,87.9
2024-12-10,701375,ΚΡΙ ΚΡΙ Μπανάνα (-0-60Ε),32.4
2024-12-10,725438,ALWAYS Ultra Secure Night,15.0
2024-12-10,639846,ΕΠΙΛΟΓΗ ΜΟΥ Premium Παιδική,9.9
2024-12-10,900493,ΔΙΒΑΝΗΣ Ημίσκληρο Τυρί,115.6
2024-12-10,747695,ΕΠΙΛΟΓΗ ΜΟΥ Mix Ξηρών καρπών Cranberries,27.5
2024-12-10,977667,ΒΙΚΟΣ Λεμονάδα Stevia  (5+1)Δώρο,30.1
2024-12-10,48108,ΜΥΛΟΙ ΑΓΙΟΥ ΓΕΩΡΓΙΟΥ Για όλες τις χρήσεις,18.4
2024-12-10,772106,ΓΙΩΤΗΣ Κρέμα Βανίλια (-0-30Ε),52.0
2024-12-10,945190,ΜΥΛΟΙ ΑΓΙΟΥ ΓΕΩΡΓΙΟΥ Ζην Δίκοκκο Σιτάρι (-0-30Ε),39.4
2024-12-10,218158,ΕΠΙΛΟΓΗ ΜΟΥ Large,79.5
2024-12-10,1049,Κάστανα,49.9
2024-12-10,44757,MISKO Μακαρόνια Τρυπητά Νο5,11.5
2024-12-10,531139,ΠΑΠΑΔΟΠΟΥΛΟΥ Cream Crackers Σίτου,21.2
2024-12-10,701345,ΚΑΡΑΜΟΛΕΓΚΟΣ Αξιαγάπιτες 5τεμ-,14.5
2024-12-10,711487,VINCINNI Κέικ Ανάμεικτο,23.9
2024-12-10,740556,ΕΛΛΗΝΙΚΑ ΚΕΛΛΑΡΙΑ Μαντινεία Μοσχοφίλερο,74.4
2024-12-10,854496,LE PETIT MARSEILLAIS Protect & Repair,24.0
2024-12-10,854971,POM PON Οβάλ (+60τεμ-)Δώρο,17.1
2024-12-10,861086,ΑΛΙΜΠΙΝΙΣΗΣ Πίτσα Special,93.0
2024-12-10,6000,ΑΠΑΛΑΡΙΝΑ ΧΙΟΥ Ούζο,103.4
2024-12-10,867917,ΟΛΥΜΠΟΣ Στραγγιστό  2% Freelact,27.1
2024-12-10,705867,ΚΡΙ ΚΡΙ Master Mini ΙΟΝ Αμυγδάλου,76.0
2024-12-10,421357,AJAX Expert Ανταλλακτικό,20.0
2024-12-10,873704,AMSTEL Μπύρα Radler Lemon,10.8
2024-12-10,869128,ΒΙΚΟΣ Λεμονάδα (5+1) Δώρο,30.1
2024-12-10,721485,ΕΠΙΛΟΓΗ ΜΟΥ Φυσική Γεύση,19.5
2024-12-10,124602,MADONA Μετ/κό Ασημί Ν-209 (2+1)Δώρο,15.8
2024-12-10,725683,NIVEA Protect & Moisture SPF50+,214.5
2024-12-10,900581,ΔΩΔΩΝΗ Κεφαλογραβιέρα Π-Ο.Π,164.8
2024-12-10,639847,ΕΠΙΛΟΓΗ ΜΟΥ Premium Σκληρή,7.5
2024-12-10,729317,ALWAYS Ultra Platinum Secure Night Du,24.2
2024-12-10,743759,ΕΠΙΛΟΓΗ ΜΟΥ Λεμόνι,9.5
2024-12-10,747696,ΕΠΙΛΟΓΗ ΜΟΥ Φιστίκι φλοιού Αλατισμένο,19.4
2024-12-10,901948,Κοτόπουλο Μπούτι Άρτας,56.0
2024-12-10,869630,ΚΑΛΑΘΕΡΗ Ελληνικός Καφές,24.5
2024-12-10,732883,ΚΑΜΠΟΣ ΧΙΟΥ Low Μανταρίνι Φρουτοποτό,25.0
2024-12-10,772581,SOUPLINE Βανίλια Μανταρίνι 77μεζ-,49.0
2024-12-10,964149,ΜΥΛΟΙ ΑΓΙΟΥ ΓΕΩΡΓΙΟΥ Dinkel,39.4
2024-12-10,218159,ΕΠΙΛΟΓΗ ΜΟΥ Medium,73.0
2024-12-10,11112,ΣΕΛΛΕΡΥ,18.9
2024-12-10,44896,MISKO Παστίτσιο Νο2,11.5
2024-12-10,531481,ΠΑΠΑΔΟΠΟΥΛΟΥ Cream Crackers Σίτου,39.9
2024-12-10,704239,ZAN SOT Ξύλινη,42.0
2024-12-10,705707,ΑΓΓΕΛΙΚΑ Πίτσα Μαργαρίτα,31.4
2024-12-10,851624,ΕΛΛΗΝΙΚΑ ΚΕΛΛΑΡΙΑ Αλλοτινό Ξηρό Ερυθρό,22.9
2024-12-10,861429,GLISS Ultimate Color,24.9
2024-12-10,864087,ΔΕΛΤΑ Milko Κουτί,14.0
2024-12-10,2035,JACK DANIELS,253.9
2024-12-10,421181,BIO SHOUT,54.8
2024-12-10,421002,AJAX Ασπρος Σίφουνας Classic,19.3
2024-12-10,906696,PILS HELLAS Μπύρα,13.4
2024-12-10,721551,ΕΠΙΛΟΓΗ ΜΟΥ Σταρένια Τριμμένη,7.5
2024-12-10,900232,ΣΤΑΜΟΥ Αγελάδος,12.6
2024-12-10,744935,ΚΑΝΑΚΗΣ Εξ-Παρθένο ΠΟΠ Καλαμάτας,89.5
2024-12-10,864317,AGRINO BISTRO Πιλάφι με Λαχανικά,29.3
2024-12-10,729095,ΕΠΙΛΟΓΗ ΜΟΥ Premium με Καπάκι,9.9
2024-12-10,635546,ΕΠΙΛΟΓΗ ΜΟΥ Normal,9.8
2024-12-10,746707,ΕΠΙΛΟΓΗ ΜΟΥ Chips Μπανάνας,15.9
2024-12-10,706547,ΟΡΕΙΝΕΣ ΦΑΡΜΕΣ ΚΡΗΤΗΣ Κατσικίσιο Τυρί,35.9
2024-12-10,890438,STARBUCKS Espresso Vanilla By Nespresso,34.7
2024-12-10,774267,ΚΑΜΠΟΣ ΧΙΟΥ Low Βύσσινο Κεράσι,25.0
2024-12-10,774393,FINISH All in One Λεμόνι,69.2
2024-12-10,44546,BARILLA Ριγκατόνι,17.7
2024-12-10,531909,ΠΑΠΑΔΟΠΟΥΛΟΥ Cream Crackers Σίκαλης,39.9
2024-12-10,701368,DAILY FOODS Γλαύκος Φιλέτο,59.8
2024-12-10,710972,EL SABOR Wholemeal Big Wraps,18.2
2024-12-10,851623,ΕΛΛΗΝΙΚΑ ΚΕΛΛΑΡΙΑ Αλλοτινό Ξηρό Λευκό,21.8
2024-12-10,861892,SYOSS Men Power Hold,48.0
2024-12-10,900231,ΣΤΑΜΟΥ Παραδοσιακό Πρόβειο,49.9
2024-12-10,900476,ΦΑΓΕ Τρικαλινό Ημίσκληρο Τυρί,163.5
2024-12-10,93282,BIOTEN Skin Moisture,41.9
2024-12-10,711302,GECCHELE Κέικ Ciambella Bicolore,31.5
2024-12-10,2304,BOMBAY Sapphire,239.3
2024-12-10,421588,KLINEX Lemon,19.8
2024-12-10,421668,CALGON 2σε1 Ταμπλέτες,120.6
2024-12-10,11889,COCA COLA Original Taste,13.7
2024-12-10,942083,FAIRY Ultra Lemon,23.9
2024-12-10,12788,PILS HELLAS Μπύρα,9.7
2024-12-10,721541,ΕΠΙΛΟΓΗ ΜΟΥ Λαδιού Τύπου Κυθήρων,19.5
2024-12-10,719005,NIVEA Spray Carotene SPF0,134.4
2024-12-10,729013,ORAL-B Gum & Enamel Pro Repair,28.1
2024-12-10,746379,ΔΕΛΤΑ Του Τόπου Μας Με Κακάο,16.1
2024-12-10,729626,LIBRESSE Goodnight Invisible,14.6
2024-12-10,746709,ΕΠΙΛΟΓΗ ΜΟΥ Ανανάς,28.9
2024-12-10,218431,LAVAZZA Espresso Ground Qualita Oro,124.1
2024-12-10,1046,ραδικια ιταλικα,18.5
2024-12-10,40134,LAYS Τσιπς Ολικής με Αλάτι,18.9
2024-12-10,44864,ΜΕΛΙΣΣΑ Λαζανάκια,11.8
2024-12-10,708221,TANGO Με Αμυγδαλέλαιο,19.8
2024-12-10,851625,ΕΛΛΗΝΙΚΑ ΚΕΛΛΑΡΙΑ Αλλοτινό Ξηρό Ροζέ,22.3
2024-12-10,865465,EL SABOR Big Wraps Happy Time,12.0
2024-12-10,867134,SYOSS Keratin,53.7
2024-12-10,86016,POM PON Ceramides Sens-Skin (1+1)Δώρο,37.2
2024-12-10,2030,BACARDI Breezer Watermellon,21.0
2024-12-10,421659,TOPINE Plus Μικροβιοκτόνο,19.8
2024-12-10,423143,VANISH Oxi Action,49.9
2024-12-10,11893,COCA COLA Light,13.1
2024-12-10,723620,CARROTEN Gold SPF0,209.6
2024-12-10,725846,AVA Green Lemon Charcoal,29.7
2024-12-10,725866,AIM White Now Detox Char,28.1
2024-12-10,729501,ALWAYS Ultra Normal Plus,15.0
2024-12-10,747691,ΕΠΙΛΟΓΗ ΜΟΥ Βερίκοκα,29.9
2024-12-10,771430,ΔΕΛΤΑ Του Τόπου Μας με Κακάο 3-7%,25.9
2024-12-10,705194,ΡΟΔΟΠΗ Γραβιέρα Αγελάδος,119.5
2024-12-10,217640,BUON CAFE FRAPECAFE,28.5
2024-12-10,1055,Χόρτα Αγρια,18.3
2024-12-10,44958,BARILLA Σπαγγετόνι Νο7,14.4
2024-12-10,70327,ΧΡΥΣΗ ΖΥΜΗ Σφολιάτα για Πίτες και Γλυκά,42.0
2024-12-10,707924,Σολομός Φιλέτο Σε Μερίδες Vacuum Κατεψυγμένο,103.5
2024-12-10,708704,DETTOL Χαμομήλι Αντλία,23.8
2024-12-10,710729,SENSODYNE Repair & Protect Extra Soft,41.7
2024-12-10,851626,ΕΛΛΗΝΙΚΑ ΚΕΛΛΑΡΙΑ Αλλοτινό Ημίγλυκο Ερυθρό,24.6
2024-12-10,868850,PALETTE Semi-set Νο 2 Mαύρο,35.4
2024-12-10,878802,ΗΠΕΙΡΟΣ ΟΙΚΟΓΕΝΕΙΑΚΟ Ημίσκληρο Τυρί,122.8
2024-12-10,36060,LAYS Τσιπς Aλάτι & ξύδι,19.5
2024-12-10,716748,GARNIER Express 2ΣΕ1 Διφασικό,27.3
2024-12-10,2012,BACARDI Breezer Orange,21.0
2024-12-10,421092,KLINEX,19.8
2024-12-10,423518,VANISH Oxi Action Crystal White,49.9
2024-12-10,11892,COCA COLA Zero Sugar,14.2
2024-12-10,869149,ΕΖΑ Μπύρα Pilsner,14.0
2024-12-10,747692,ΕΠΙΛΟΓΗ ΜΟΥ Δαμάσκηνα,28.9
2024-12-10,72089,ΜΠΑΡΜΠΑ ΣΤΑΘΗΣ Αγκινάρες Αλά Πολίτα,84.8
2024-12-10,219188,NESCAFE Gold Blend Decafeine,66.2
2024-12-10,218470,FAIRY Platinum Quickwash,20.0
2024-12-10,81004976,SAPORI ANTICHI Οικογενειακή Ιταλική Πίτσα,70.8
2024-12-10,1059,Παντζάρια,16.5
2024-12-10,44594,ΜΕΛΙΣΣΑ Σπαγγέτι Νο6,7.5
2024-12-10,700286,ΟΛΥΜΠΟΣ Γραβιέρα Πρόβεια,159.5
2024-12-10,708686,PANSOAP Αλόη,12.7
2024-12-10,711489,VINCINNI Κέικ Στρατσιατέλα,23.9
2024-12-10,8596,ASTI MARTINI,115.9
2024-12-10,870043,GLISS Ultimate Repair,32.4
2024-12-10,718505,CLAN MACGREGOR 40% (-1.50)E,131.2
2024-12-10,125122,SAMSON Ψιλό Ν-70,10.6
2024-12-10,421843,KLINEX Ultra Fresh,17.7
2024-12-10,701185,CALGON 2σε1 Σκόνη,59.9
2024-12-10,103003,NIVEA Normal Skin,35.0
2024-12-10,11011,COCA COLA Light,19.0
2024-12-10,750580,LAYS Τσιπς Bbq,19.5
2024-12-10,740122,STARBUCKS Espresso Original Colombia,34.9
2024-12-10,725242,SENSODYNE Sensitive & Gum Soft,41.7
2024-12-10,725685,NIVEA Protect & Dry Touch SPF50,204.8
2024-12-10,747697,ΕΠΙΛΟΓΗ ΜΟΥ Χουρμάδες,15.9
2024-12-10,771241,ΔΕΛΤΑ Milko Free Σοκολατούχο Γάλα,17.1
2024-12-10,709267,LIBRESSE Ultra Long,19.9
2024-12-10,72039,ΜΠΑΡΜΠΑ ΣΤΑΘΗΣ Αρακάς με Αγγινάρες,69.9
2024-12-10,81006287,ΜΥΛΟΙ ΚΟΜΟΤΗΝΗΣ Κίτρινο Αλεύρι,17.8
2024-12-10,1088,Φασόλια Μπαρμπούνια,39.9
2024-12-10,757322,ZAN SOT Από Τούλι Μεσαίο,15.9
2024-12-10,871077,GLISS Ultimate Repair,24.9
2024-12-10,878107,ALFA Φύλλο Κρούστας Πολίτικο,23.1
2024-12-10,906493,ΕΛΛΗΝΙΚΑ ΚΕΛΛΑΡΙΑ Μαυροδάφνη,49.0
2024-12-10,705623,HOME CAKE Κέικ Vanilla - Chocolate Chips,7.8
2024-12-10,864994,MARIE BRIZARD Λικέρ,52.0
2024-12-10,421185,ΑΠΟΣΜΙΝΗ Υγρό Πολυκαθαριστικό,34.0
2024-12-10,11144,COCA COLA,10.7
2024-12-10,103889,L΄OREAL Διφασικό Για Μάτια&Χείλη,46.2
2024-12-10,40135,LAYS Τσιπς Ολικής με Πιπέρι,18.9
2024-12-10,940283,COLGATE Slim Soft Charcoal Μαλακή,21.3
2024-12-10,854438,ΒΕΡΓΙΝΑ Μπύρα Weiss,14.9
2024-12-10,744768,ΕΠΙΛΟΓΗ ΜΟΥ Mix 3 Τυριών,26.9
2024-12-10,746708,ΕΠΙΛΟΓΗ ΜΟΥ Αμύγδαλο Ψημένο Αλατισμένο,36.5
2024-12-10,748254,JACOBS Cappuccino,25.0
2024-12-10,771800,XENIA Ελαιόλαδο Εξαιρετικό Παρθένο,131.5
2024-12-10,771946,ΜΠΑΡΜΠΑ ΣΤΑΘΗΣ Φασολάκια Πλατιά,33.8
2024-12-10,709266,LIBRESSE Ultra Normal Wing,19.9
2024-12-10,445158,AVA Perle με Σαπούνι & Μαστίχα,14.1
2024-12-10,44960,ΜΕΛΙΣΣΑ Κανελόνια,12.6
2024-12-10,73746,COCA COLA Zero,11.1
2024-12-10,75023,ΠΙΝΔΟΣ Ημίσκληρο Τυρί,114.5
2024-12-10,814851,Κλάμερ Καμπυλοειδές Classic Μεγάλο,19.5
2024-12-10,871690,ELVIVE Δράση Αργινίνης,39.8
2024-12-10,878106,ALFA Φύλλο Χωριάτικο Κιχί Κοζάνης,24.8
2024-12-10,705920,ΚΤΗΜΑ ΑΒΑΝΤΙΣ Syrah Ερυθρό,141.4
2024-12-10,23523,ΟΙΚ-ΣΤΕΡΓΙΟΥ Τσουρεκάκι,10.3
2024-12-10,1033,Φασόλια Τσαούλια,38.1
2024-12-10,421351,AJAX Expert Αντλία,23.7
2024-12-10,708396,SOUPLINE Mistral (-1-50Ε) 39μεζ.,64.4
2024-12-10,758042,ΚΑΡΑΜΟΛΕΓΚΟΣ Ψίχα Ολ-Άλεσης Σίτου & Σίκαλης,19.9
2024-12-10,724625,AVA Perle Chamomile,14.1
2024-12-10,725243,SENSODYNE Sensitivity & Gum,45.9
2024-12-10,750585,CHEETOS Pizza,11.2
2024-12-10,724998,PIZ BUIN Moisturising SPF15,154.8
2024-12-10,747455,LAVAZZA Qualita Rossa,39.5
2024-12-10,747936,AFAIA Αμύγδαλα Ψίχα Ωμά,33.6
2024-12-10,717756,ΣΤΑΜΟΥ Κρέμα 1-5%,12.5
2024-12-10,771948,ΜΠΑΡΜΠΑ ΣΤΑΘΗΣ Φασολάκια Στρογγυλά,30.5
2024-12-10,747989,XENIA Ελαιόλαδο Εξαιρετικό Παρθένο,238.5
2024-12-10,777824,LIBRESSE Ultra Night,19.9
2024-12-10,781788,VIVA FRESH Μήλο (5+1)Δώρο,28.5
2024-12-10,34048,NESCAFE Gold Caramel Latte,34.9
2024-12-10,44948,STELLA Σπαγγετίνη Νο10,8.5
2024-12-10,531161,ΠΑΠΑΔΟΠΟΥΛΟΥ Pick Kλασικά,11.2
2024-12-10,715543,ALFA Φύλλο Καταΐφι Το Δικό Μας,31.6
2024-12-10,814853,Λάστιχο Μαλλιών Υφασμάτινο,10.0
2024-12-10,873122,GARNIER COLOR SENSATION Νο1-0 Μαύρο,39.2
2024-12-10,10110,ΚΤΗΜΑ ΛΑΖΑΡΙΔΗ Αμέθυστος Λευκό,142.6
2024-12-10,421970,KLINEX Ultra Fresh,26.6
2024-12-10,11414,COCA COLA Light,10.3
2024-12-10,865808,WYBOROWA 37.5%,145.7
2024-12-10,719230,LIPOSAN Blister Vanilla Butter,31.9
2024-12-10,758041,ΚΑΡΑΜΟΛΕΓΚΟΣ Ψίχα Σταρένιο,19.9
2024-12-10,724626,AVA White Vinegar& Gr-Apple,12.9
2024-12-10,733150,MYTHOS Μπύρα Ice,12.5
2024-12-10,733248,PEPSI Cola,9.0
2024-12-10,747938,AFAIA Καρύδια Ψίχα Ωμά,34.2
2024-12-10,763573,ΣΤΟΥΠΑΚΗ Ανθρακούχο Λεμόνι Τζίντζερ,17.4
2024-12-10,70961,Βόειο Σνίτσελ Ελληνικό,149.5
2024-12-10,51115,ΜΙΝΕΡΒΑ Με Βούτυρο Γάλακτος,32.4
2024-12-10,555674,ΘΑΛΕΡΟΝ Ρόδι,17.0
2024-12-10,15449,SUNSWEET Αποξηραμένα Δαμάσκηνα,51.9
2024-12-10,45009,ΜΕΛΙΣΣΑ Αστράκι,10.1
2024-12-10,531559,ΠΑΠΑΔΟΠΟΥΛΟΥ Pick Bacon,11.2
2024-12-10,76034,MILNER Τυρί,43.0
2024-12-10,843458,Λίμα Νυχιών Χάρτινη,11.0
2024-12-10,873126,GARNIER COLOR SENSATION Νο 4/0 Καστανό,39.2
2024-12-10,10656,ΚΤΗΜΑ ΚΥΡ ΓΙΑΝΝΗ Τέσσερις Λίμνες Λευκό,167.4
2024-12-10,421645,KLINEX,11.7
2024-12-10,860016,VANISH Oxi Action White (3+1)Δώρο,29.4
2024-12-10,710411,COCA COLA Stevia,8.7
2024-12-10,2015,TEACHER΄S 40%,187.7
2024-12-10,712018,PANINI Κρουασάν Dolce,13.1
2024-12-10,727246,ΚΑΡΑΓΙΑΝΝΗΣ Λαδιού,29.8
2024-12-10,714673,L΄OREAL Wrinkle Expert 45+,73.9
2024-12-10,760685,STARBUCKS Espresso Roast,32.8
2024-12-10,715784,ΙΣΤΟΡΙΕΣ ΦΟΥΡΝΟΥ Τύπου Brioche,16.3
2024-12-10,714420,ΡΟΔΟΠΑΚΙ (+50ml) Δώρο,14.1
2024-12-10,878030,ΦΙΞ ΕΛΛΑΣ Μπύρα  Lager (-0-80Ε),52.8
2024-12-10,740060,ΕΠΙΛΟΓΗ ΜΟΥ Βανίλια Με Επικ-Σοκ.Ξυλάκι,67.0
2024-12-10,741550,GLYKAKI Γλυκό Ψυγείου Μιλφέϊγ,25.0
2024-12-10,41041,ΧΡΥΣΑ ΑΥΓΑ Ελαιών ^Σκούρτη^ Με Ω3 4άδα,38.8
2024-12-10,731352,Βοείο Χτένι Ελληνικό,142.0
2024-12-10,51281,ΜΙΝΕΡΒΑ Καλαμποκέλαιο,30.0
2024-12-10,774448,PALMOLIVE Exotic Orchid,15.7
2024-12-10,555673,ΘΑΛΕΡΟΝ Ρόδι,54.0
2024-12-10,11013,COCA COLA Light,8.2
2024-12-10,44895,ΜΕΛΙΣΣΑ Κοφτάκι,10.5
2024-12-10,75065,Edam Ολλανδίας,98.0
2024-12-10,873134,GARNIER COLOR SENSATION Νο 6-60 Σκ.Ξανθό Εντ. Κόκκινο,39.2
2024-12-10,718350,MONTELLIANA Prosecco,100.4
2024-12-10,421836,AJAX Ultra Λεμόνι,21.1
2024-12-10,872996,ΕΥΡΗΚΑ (+250γρ-)Δώρο,49.2
2024-12-10,2022,ABSOLUT,182.0
2024-12-10,721809,ΕΠΙΛΟΓΗ ΜΟΥ Μπανάνα & Κακάο Ξυλάκι,22.9
2024-12-10,727247,ΕΠΙΛΟΓΗ ΜΟΥ Με Σουσάμι,13.0
2024-12-10,874808,SEPTONA Στρογγυλοί +60τεμ Δώρο,17.1
2024-12-10,731231,Γλυκοπατάτες Κόκκινες,21.5
2024-12-10,717048,ΡΟΔΟΠΑΚΙ Σοκολατούχο (-0-50Ε),20.5
2024-12-10,702634,ΕΥΡΗΚΑ Anti-Kalk (1+1)Δ,88.2
2024-12-10,728142,ALFA Grilled 6τεμ-,23.4
2024-12-10,733572,ΑΜΒΡΟΣΙΑΔΗ Φτερούγες Κοτόπουλο,31.5
2024-12-10,746543,GLYKAKI Γλυκό Ψυγείου Πάστα Αμυγδάλου,25.0
2024-12-10,763534,COOLVIT Βιταμινούχο Blueberry Passion,19.0
2024-12-10,731353,Βοείο Σπαλαμίτα Ελληνική,145.5
2024-12-10,746215,L΄OR Espresso Lungo Profondo,87.2
2024-12-10,960043,NUTRIA Ηλιέλαιο,44.9
2024-12-10,985055,FAIRY Max Power Λεμόνι,20.0
2024-12-10,555507,ΘΑΛΕΡΟΝ Αρώνια Βιο,26.0
2024-12-10,44951,MISKO Σπαγγέτι Νο7,8.5
2024-12-10,470517,ΝΟΥΝΟΥ Gouda,29.7
2024-12-10,64872,Τζίντζερ,28.9
2024-12-10,702226,NESCAFE Gold Mocha,34.4
2024-12-10,851974,MONETTI Bruschette Pizza,10.5
2024-12-10,867666,ΚΑΝΑΚΙ Σφολιάτα (-20%),48.8
2024-12-10,871341,PALMOLIVE Naturals Μέλι & Γάλα (3+1)Δώρο,24.3
2024-12-10,873137,GARNIER COLOR SENSATION Nο 9-13 Κρυστάλλινο Ξανθό,39.2
2024-12-10,901257,ARISTON Με 5% Βούτυρο Γάλακτος,30.2
2024-12-10,97381,COLGATE 6-9 Ετών Ηπια Γεύση,14.5
2024-12-10,10005,ΚΤΗΜΑ ΤΣΕΛΕΠΟΥ Μαντίνεια,110.4
2024-12-10,422578,KLINEX Spray 4σε1,25.9
2024-12-10,875055,CALGON 2σε1 Gel,69.9
2024-12-10,73747,COCA COLA Zero,8.7
2024-12-10,721487,PANINI Κρουασάν Dolce Double,13.1
2024-12-10,724976,ΜΕΤΑΞΑ Κονιάκ 3* 33%,129.5
2024-12-10,727248,ΕΠΙΛΟΓΗ ΜΟΥ Ολικής Με Σουσάμι,13.5
2024-12-10,724358,SEPTONA Υαλουρονικό&Βιταμίνη Β5 (1+1)Δ,23.2
2024-12-10,724629,AVA Chamomile & Lemon,14.1
2024-12-10,711087,ΜΑΜΟΣ Μπύρα Pilsner,16.6
2024-12-10,740054,ΕΠΙΛΟΓΗ ΜΟΥ Βανίλια-Κακάο Πύραυλος,45.4
2024-12-10,771201,ΣΥΝΕΡΓΑΣΙΑ Κρήτης Δαμάσκηνα,38.4
2024-12-10,746544,GLYKAKI Γλυκό Ψυγείου Μπισκοτίνο,23.0
2024-12-10,771549,ΕΠΙΛΟΓΗ ΜΟΥ Ρόφημα Γάλακτος Σοκολάτα,12.3
2024-12-10,763535,COOLVIT Βιταμινούχο Aκτινίδιο Μάνγκο,16.5
2024-12-10,774689,FRULITE Αναν- Σταφ. Μπαν. Λεμόνι,17.0
2024-12-10,218476,ALWAYS Ultra Long Plus,24.2
2024-12-10,45211,MISKO Τορτελίνι με Τυριά,40.5
2024-12-10,851976,MONETTI Bruschette Tomato Olives,10.5
2024-12-10,871343,PALMOLIVE Naturals Ελιά (3+1) Δώρο,24.3
2024-12-10,873127,GARNIER COLOR SENSATION Nο 4-15 Παγωμένο Σοκολατί,39.2
2024-12-10,717067,COLGATE Extra Clean Μέτρια,9.7
2024-12-10,421159,PALMOLIVE Lemon Lime,13.3
2024-12-10,875053,CALGON 2σε1 Ταμπλέτες,69.9
2024-12-10,701428,ΤΣΑΝΤΑΛΗ KANENAS Ερυθρό,151.9
2024-12-10,874916,COCA COLA Zero - Caffeine Free,8.7
2024-12-10,721999,ΕΠΙΛΟΓΗ ΜΟΥ Τσουρεκάκι Πραλίνα,8.2
2024-12-10,718892,LAVAZZA Decaf Αλεσμένος,71.1
2024-12-10,721590,TSANOS Με Φρέσκο Τυρί,15.8
2024-12-10,706587,ΝΗΣΟΣ Μπύρα Pilsner,13.5
2024-12-10,743665,SPRITE (-0-70Ε),37.4
2024-12-10,747706,ΚΑΤΣΕΛΗΣ Ψωμί Διπλοζυμωτό Σταρένιο,16.8
2024-12-10,746545,GLYKAKI Γλυκό Ψυγείου Σοκολατόπιτα,23.0
2024-12-10,771459,ΓΥΠΑΡΑΚΗ Γραβιέρα Κρήτης ΠΟΠ,189.5
2024-12-10,772556,NOYNOY Φυτικό Ρόφημα Αμυγδάλου,29.5
2024-12-10,219450,COROΛA Αραβοσιτέλαιο (-0-50Ε),18.5
2024-12-10,221662,ALWAYS Ultra Normal Plus,24.2
2024-12-10,1143,Κολοκύθες,14.5
2024-12-10,16652,ΧΑΒΕΛΑΣ Φύλλο Ζύμης Ζαγορίσιο,35.6
2024-12-10,45841,ΜΕΛΙΣΣΑ Τορτελίνι με 5 Τυριά,18.9
2024-12-10,873131,GARNIER COLOR SENSATION Νο 6-0 Ξανθό Σκούρο,39.2
2024-12-10,875128,DETTOL Sensitive (3+1) Δώρο,31.8
2024-12-10,711006,TASTY Pop Corn Butter,10.5
2024-12-10,423552,CILLIT BANG Spray Αλατα & Λάμψη,39.4
2024-12-10,875054,CALGON 2σε1 Σκόνη,109.9
2024-12-10,706577,ΚΤΗΜΑ ΑΒΑΝΤΙΣ Λευκό,88.0
2024-12-10,11012,COCA COLA,8.3
2024-12-10,721998,ΕΠΙΛΟΓΗ ΜΟΥ Τσουρεκάκι,7.0
2024-12-10,727243,ΚΑΡΑΓΙΑΝΝΗΣ Λαδιού Με Ρίγανη,29.8
2024-12-10,3548,HAVANA CLUB Anejo Reserva,247.1
2024-12-10,725343,BIOTEN Skin Moisture,32.8
2024-12-10,12836,PERONI Μπύρα Nastro Azzurro,18.9
2024-12-10,733763,ΑΜΒΡΟΣΙΑΔΗΣ Μπούτια Κοτόπουλο,46.0
2024-12-10,744733,ILLY Iperespresso Classico,105.0
2024-12-10,746738,ΗΠΕΙΡΟΣ Ημίσκληρο Τυρί  Ελαφρύ,126.7
2024-12-10,741424,ΚΑΤΣΕΛΗΣ Γευσηκρατορας Σταρένια,21.6
2024-12-10,741553,GLYKAKI Γλυκό Ψυγείου Ποντικάκι Πάστα,25.0
2024-12-10,631770,SCOTCH BRITE Σύρμα Μεταλλικό 3τεμ-,25.3
2024-12-10,731357,Βόειο Στήθος Ελληνικό Μ/Ο,99.5
2024-12-10,772555,NOYNOY Φυτικό Ρόφημα Βρώμης,29.5
2024-12-10,221663,ALWAYS Ultra Normal Plus,40.0
2024-12-10,1075,Μανιτάρια Πλευρώτους,24.9
2024-12-10,36208,TASTY Pop Corn Classic,10.5
2024-12-10,45814,BARILLA Λαζάνια,25.5
2024-12-10,873138,GARNIER COLOR SENSATION Νο 110 Κατάξανθο Φυσικό,39.2
2024-12-10,875129,DETTOL Sensitive Αντ/κό,36.2
2024-12-10,97143,AIM Ultra Reach Μέτρια,24.8
2024-12-10,716452,FANTA Πορτοκαλάδα (-0-30Ε),16.4
2024-12-10,423692,CILLIT BANG Spray Λίπη & Λάμψη,35.1
2024-12-10,874101,FORKAL Status Normal Ασημί,6.9
2024-12-10,2580,MOET & CHANDON Brut Imperial,560.5
2024-12-10,724977,ΜΕΤΑΞΑ Κονιάκ 3* 33%,67.4
2024-12-10,733349,ΝΗΣΟΣ Βιολογική Μπύρα All Day Lager,25.5
2024-12-10,725748,SEPTONA Oval Με Ραμμένες Άκρες,12.2
2024-12-10,741426,ΚΑΤΣΕΛΗΣ Γευσηκρατορας Σταρένια,21.6
2024-12-10,717755,ΣΤΑΜΟΥ Ρυζόγαλο 1-5%,12.7
2024-12-10,771293,ΒΟΣΚΟΤΟΠΙ Σκληρό Τυρί,24.9
2024-12-10,772557,NOYNOY Φυτικό Ρόφημα Αμυγδάλου,29.5
2024-12-10,81000087,NESCAFE Azera Decafeine,64.4
2024-12-10,11252,PEPSI Zero Sugar,12.1
2024-12-10,45214,MISKO Τορτελίνι με Τυριά,23.0
2024-12-10,710420,OHONOS Pop Corn Classic,11.2
2024-12-10,884879,SHARK COLOR Μεσαίο,16.0
2024-12-10,881873,COLGATE Max White Optic,21.0
2024-12-10,423970,PRONTO Glory (+250ml)Δώρο,35.8
2024-12-10,878282,ΕΥΡΗΚΑ Color Block (+ 10τεμ-)Δώρο,25.1
2024-12-10,14071,ΒΙΟΣ Μπουκάλα για Ψύκτη,26.4
2024-12-10,724192,PENASOL Σανγκρία Λεύκο,44.1
2024-12-10,727559,ELITE Status Σίτου,20.8
2024-12-10,733348,ΝΗΣΟΣ Μπύρα 7 Μποφόρ,28.5
2024-12-10,741565,ALPRO Χωρίς Ζάχαρη,32.5
2024-12-10,725860,NIVEA Cellular Filler Spf15,116.5
2024-12-10,744864,ΕΠΙΛΟΓΗ ΜΟΥ Κεφαλοτύρι,29.9
2024-12-10,741302,ΚΑΡΑΜΟΛΕΓΚΟΣ Για Σάντουιτς 6τεμ-,23.9
2024-12-10,770036,NIVEA Sun Face Luminous 630 SPF50,194.8
2024-12-10,752941,MIMIKOS Φτεργούγες Κοτόπουλο,40.9
2024-12-10,741548,GLYKAKI Τύπου Bueno,23.0
2024-12-10,749593,NESCAFE Frappe Stick σε Ποτήρι,4.9
2024-12-10,221665,ALWAYS Ultra Night,24.2
2024-12-10,218592,FAIRY Μήλο,21.9
2024-12-10,707829,Μανιτάρια Giant,24.9
2024-12-10,75937,Κεφαλοτύρι Αμφιλοχίας,169.0
2024-12-10,896088,ZAN SOT Από Λούφα Αιγύπτου,22.0
2024-12-10,97965,COLGATE 360 Μέτρια,23.7
2024-12-10,18128,ALPRO Natural,29.7
2024-12-10,700430,KLINEX Λεβάντα,17.7
2024-12-10,709621,TOPINE Gel Ultra Λεμόνι (-0.60Ε),20.8
2024-12-10,93691,VANISH Oxi Action (3+1)Δώρο,29.5
2024-12-10,421115,PALMOLIVE Lemon Lime,18.9
2024-12-10,11177,PEPSI Zero Sugar,8.8
2024-12-10,33027,JACOBS Flavours Φουντούκι,69.9
2024-12-10,707569,PENASOL Σανγκρία Ερυθρό Pet,51.7
2024-12-10,727941,ΕΠΙΛΟΓΗ ΜΟΥ Χριστουγεννιάτικο Τσουρέκι,25.5
2024-12-10,725719,SEPTONA Οβάλ (+25τεμ)Δώρο,19.4
2024-12-10,731017,ΑΜΒΡΟΣΙΑΔΗΣ Φτερούγες  Νωπές,34.5
2024-12-10,746793,ΕΠΙΛΟΓΗ ΜΟΥ Φύλλο Χωριάτικο Ηπείρου,27.9
2024-12-10,747704,ΚΑΤΣΕΛΗΣ Ψωμί Διπλοζυμωτό Ολικής,17.5
2024-12-10,741546,GLYKAKI Γλυκό Ψυγείου Εκμέκ,23.0
2024-12-10,221666,ALWAYS Ultra Night,40.0
2024-12-10,18129,ALPRO Σοκολάτα,34.5
2024-12-10,700811,ΜΕΛΙΣΣΑ Σπαγγέτι Χωρίς Γλουτένη,23.6
2024-12-10,862422,Τυρί Αυστρίας Σκληρό 45% Λιπαρά,116.5
2024-12-10,867326,FOFIKO Καλαμπόκι Φυστίκι Φουντούκι,11.2
2024-12-10,887829,ZAN SOT Απλό,11.0
2024-12-10,896089,ZAN SOT Από Λούφα Αιγύπτου,31.9
2024-12-10,98409,AQUAFRESH Flex Inter Espaces Medium,15.8
2024-12-10,700727,OVERLAY Express Multi Lemon,29.9
2024-12-10,11016,PEPSI Cola,9.0
2024-12-10,719696,SOUPLINE Λεβάντα 13μεζ-,20.0
2024-12-10,876623,SOKOS Μαλαγουζιά Λευκό,84.1
2024-12-10,725845,AVA Green Lemon Charcoal,15.4
2024-12-10,900238,ΣΤΑΜΟΥ Πρόβειο,17.0
2024-12-10,733497,ΜΗΛΟΚΛΕΦΤΗΣ Μηλίτης Cherry,14.3
2024-12-10,729240,GARNIER Hyaluronic Aloe,37.6
2024-12-10,746795,ΕΠΙΛΟΓΗ ΜΟΥ Φύλλο Κρούστας,19.8
2024-12-10,763854,Φιλέτο Στήθος Γαλοπούλας Νωπό Ελληνικό,118.0
2024-12-10,741547,GLYKAKI Γλυκό Ψυγείου Προφιτερόλ,23.0
2024-12-10,219395,NIVEA Sun Triple Protect SPF50+,186.0
2024-12-10,218434,L΄OR Espresso Lungo Colombia,65.9
2024-12-10,221711,EVERYDAY Fresh Care Υγρό,30.0
2024-12-10,11001,SPRITE,17.4
2024-12-10,23103,7DAYS Κέικ Κακάο,14.4
2024-12-10,29863,ΚΑΡΑΜΟΛΕΓΚΟΣ Πολύσπορο Ολικής Αλεσης,15.0
2024-12-10,706398,ΜΕΛΙΣΣΑ Pasta Kids Peppa Pig,11.9
2024-12-10,878552,COLGATE Slim Soft Ultra Compact Head,21.3
2024-12-10,90772,ORZENE Oil Balance,43.4
2024-12-10,914712,ΣΩΤΗΡΙΟΥ Δίχρωμη Με Αραιά Δόντια,13.9
2024-12-10,36206,TASTY Πιτσίνια,14.9
2024-12-10,702570,BREF Βlue Activ Hygiene,19.4
2024-12-10,719695,SOUPLINE Mistral 13μεζ-,20.0
2024-12-10,720682,ΜΠΕΛΑΣ Καπνιστή Γραβιέρα,181.4
2024-12-10,876626,SOKOS Σαββατιανό Λευκό,56.3
2024-12-10,746794,ΕΠΙΛΟΓΗ ΜΟΥ Φύλλο Κουρού,27.9
2024-12-10,763855,Μπούτι Γαλοπούλας Με Οστο Νωπό Ελληνικό,52.5
2024-12-10,741551,GLYKAKI Γλυκό Ψυγείου Cheese Cake,23.0
2024-12-10,742476,L΄OR Espresso Barista,46.0
2024-12-10,444938,ALWAYS Ultra Platinum Night,40.0
2024-12-10,271765,ΔΟΥΜΠΙΑ Ανθρακούχο Περγαμόντο,40.7
2024-12-10,81000591,FAIRY Platinum Λεμόνι,53.4
2024-12-10,11859,SPRITE,42.4
2024-12-10,23401,ΟΙΚ-ΣΤΕΡΓΙΟΥ Σταφιδόψωμο,23.6
2024-12-10,706396,ΜΕΛΙΣΣΑ Λιγκουίνι Ολικής Άλεσης,11.9
2024-12-10,877302,AIM Vertical Expert Μέτρια,21.5
2024-12-10,90773,ORZENE Everyday Care,43.4
2024-12-10,914706,ΣΩΤΗΡΙΟΥ Κομμωτηρίου Μονόχρωμη,12.5
2024-12-10,704866,KLINEX Spray Κατά Της Μούχλας,25.9
2024-12-10,879776,JUMBO Γαριδάκια,11.2
2024-12-10,723173,ΕΠΙΛΟΓΗ ΜΟΥ Μασσαλίας Με Άρωμα Λουλουδιών,27.9
2024-12-10,732910,TOSTI Cuore,97.9
2024-12-10,741563,ALPRO Natural Χωρίς Ζάχαρη,29.9
2024-12-10,733871,ΒΕΡΓΙΝΑ Μπύρα Alcohol Free (5+1) Δώρο,28.8
2024-12-10,725282,BIOTEN Hyaluronic Gold,107.9
2024-12-10,900494,ΔΙΒΑΝΗΣ Ημίσκληρο Τυρί,139.0
2024-12-10,747663,ΛΟΥΜΙΔΗΣ Παπαγάλος Χωρίς Καφεΐνη,33.8
2024-12-10,746796,ΕΠΙΛΟΓΗ ΜΟΥ Φύλλο Σφολιάτας,22.9
2024-12-10,701865,ΠΙΝΔΟΣ Μπούτι Κοτόπουλο Φιλέτο,93.0
2024-12-10,218609,FAIRY Λεμόνι,21.9
2024-12-10,729631,EVERYDAY Ultra Plus Sensitive Economy,25.3
2024-12-10,729949,ΘΕΟΝΗ Φυσικό Μεταλλικό Tetrapack,7.8
2024-12-10,14029,ΣΟΥΡΩΤΗ Φιάλη,5.4
2024-12-10,16850,ΑΛΙΜΠΙΝΙΣΗΣ Τηγανόψωμο Ευβοίας,34.8
2024-12-10,18130,ALPRO Βανίλια,34.5
2024-12-10,710367,ΜΑΚΒΕΛ Σπαγγετίνη Νο10,10.7
2024-12-10,862522,7DAYS Κρουασάν Κακάο,15.0
2024-12-10,874824,COLGATE Total Advanced Interdental,21.4
2024-12-10,91125,ELVIVE Color Vive,66.3
2024-12-10,93075,DETTOL Sensitive Αντλία,23.8
2024-12-10,125126,SAMSON Συρμάτινος,9.4
2024-12-10,709193,TOPINE Gel Ultra Λεβάντα (-0.40Ε),13.4
2024-12-10,712667,ΚΑΤΣΕΛΗΣ Σταρένιο Με Σίκαλη,18.9
2024-12-10,11008,SPRITE,10.3
2024-12-10,723172,ΕΠΙΛΟΓΗ ΜΟΥ Για Μαύρα Ρούχα,31.1
2024-12-10,949108,JUMBO Country Parmesan Gluten Free,18.1
2024-12-10,708558,ΕΛΛΗΝΙΚΑ ΚΕΛΛΑΡΙΑ Λευκός Κύκνος Μοσχοφίλερο,59.0
2024-12-10,741916,ΜΠΕΛΑΣ ΤΟΣΤΑΚΙ Ημίσκληρο Τυρί Light,119.5
2024-12-10,744848,ΕΠΙΛΟΓΗ ΜΟΥ Φουντούκι,43.5
2024-12-10,854381,POM PON (+25τεμ-)Δώρο,19.7
2024-12-10,70236,ΠΙΝΔΟΣ Κοτόπουλο Ολόκληρο,39.5
2024-12-10,711027,ΑΛΙΜΠΙΝΙΣΗΣ Τυροπιτάρι Ευβοίας,29.9
2024-12-10,711670,L΄OR Espresso Supremo,46.0
2024-12-10,864970,MISKO Κριθαράκι Ολικής Άλεσης,13.6
2024-12-10,869702,ΟΙΚ-ΣΤΕΡΓΙΟΥ Κρουασάν Πραλίνα,11.2
2024-12-10,875337,SENSODYNE Repair & Protect Whitening,48.7
2024-12-10,92400,ELVIVE Color Vive,39.8
2024-12-10,93449,DETTOL Λεβάντα Αντλία,27.4
2024-12-10,709104,TOPINE Gel Ultra Λεμόνι (-0.40Ε),13.4
2024-12-10,11002,SPRITE,7.4
2024-12-10,724190,PERSIL Express Σκόνη Πλ/μο Στο Χέρι,18.9
2024-12-10,949106,JUMBO Τσιπς Country Pepper,18.1
2024-12-10,727162,ΟΛΥΜΠΟΣ Με Κακάο,11.3
2024-12-10,947451,ΕΛΛΗΝΙΚΑ ΚΕΛΛΑΡΙΑ Μαύρος Κύκνος Ερυθρό Αγιωργ/κο,59.0
2024-12-10,741264,ELITE Με Χαρούπι,21.7
2024-12-10,744772,ΕΠΙΛΟΓΗ ΜΟΥ Gouda,24.9
2024-12-10,743384,ATHLOS Μπύρα Lager (4+2) Δώρο,57.2
2024-12-10,985487,ΧΑΛΒΑΤΖΗΣ Κους Κους,29.9
2024-12-10,70238,ΠΙΝΔΟΣ Ελληνικό Συσκ/νο,59.5
2024-12-10,746292,ALPRO Βρώμης Χωρίς Ζάχαρη,29.9
2024-12-10,733427,ΑΥΡΑ Φυσικό Μεταλλικό,43.2
2024-12-10,218980,FINISH Quantum All in One Lemon,48.0
2024-12-10,70330,NIKOLOPOULOU,39.6
2024-12-10,705204,ALPRO Μαύρη Σοκολάτα,34.6
2024-12-10,706557,ΚΡΙΣ ΚΡΙΣ Αφράτο Σταρένιο,20.7
2024-12-10,75920,MILNER Τυρί,29.6
2024-12-10,871124,ELITE Crackers Ντομάτα Βασιλικός,15.0
2024-12-10,872494,SENSODYNE Complete Protection,47.9
2024-12-10,92656,GLISS Ultimate Color,32.4
2024-12-10,11004,7UP Γκαζόζα,14.7
2024-12-10,22024,ΟΙΚ-ΣΤΕΡΓΙΟΥ Λουκουμάδες,13.8
2024-12-10,44263,MISKO Ρυζάκι,11.5
2024-12-10,871442,BREF Power Activ Ocean,18.1
2024-12-10,719429,IBERIA Revolution Sec Στεγνό Καθαρ-,63.9
2024-12-10,732911,CELLAR Syrah Grenache Ρόζε,39.8
2024-12-10,868818,ΨΥΧΗΣ Λικέρ Μαστίχας Χίου Π.Γ.Ε,154.6
2024-12-10,985486,ΧΑΛΒΑΤΖΗΣ Ρεβύθια & Κινόα,29.9
2024-12-10,748253,JACOBS Cappuccino Milka,27.8
2024-12-10,729241,L΄OREAL Wrinkle Expert 55+,73.9
2024-12-10,218978,FINISH Ultra All In One Lemon,69.2
2024-12-10,81000174,PERRIER Λεμόνι,36.5
2024-12-10,705203,ALPRO Χωρίς Ζάχαρη,30.4
2024-12-10,706556,ΚΡΙΣ ΚΡΙΣ Αφράτο Σταρένιο,20.7
2024-12-10,854392,SENSODYNE Repair & Protect Extra Fresh,46.7
2024-12-10,871127,ELITE Crackers Ρίγανη και Φέτα,15.0
2024-12-10,93919,DOVE Beauty Cream - Ανταλλακτικό,18.7
2024-12-10,709167,MISKO Πέννες Rigate Ολικής Άλεσης,13.6
2024-12-10,717062,AJAX Boost Μαγειρική Σόδα & Λεμόνι,19.5
2024-12-10,725218,DETTOL Κλασικό Με Άρωμα Λάιμ,47.9
2024-12-10,760577,ADORO Gouda Light 10% Λιπαρά,24.2
2024-12-10,760215,COFFEEWAY Vanilla Hazelnut,55.9
2024-12-10,732913,CELLAR Select Ροδίτης-Μοσχοφιλ.Λευκός,44.6
2024-12-10,13104,FANTA Πορτοκαλάδα,8.2
2024-12-10,741280,TSANOS Με Κουρκουμά & Κόλιανδρο,13.8
2024-12-10,985488,ΧΑΛΒΑΤΖΗΣ Πληγούρι & Κινόα,29.9
2024-12-10,942081,FAIRY Λεμόνι,53.4
2024-12-10,14720,ΒΙΚΟΣ Φυσικό Μεταλλικό (5+1) Δώρο,17.5
2024-12-10,13103,FANTA Πορτοκαλάδα,19.4
2024-12-10,702689,ALPRO,33.0
2024-12-10,71528,AIM White Now,21.5
2024-12-10,96010,PALMOLIVE Naturals Μέλι & Γάλα Αντλία,13.5
2024-12-10,709918,FRUCTIS Coconut Water,28.4
2024-12-10,871125,ELITE Crackers με Σουσάμι,15.0
2024-12-10,718809,ΜΑΚΒΕΛ Σπαγγέτι Νο6 5 Δημητριακά,13.6
2024-12-10,724365,DETTOL Crisp Linen,43.1
2024-12-10,725217,DETTOL Λεμόνι,47.9
2024-12-10,73172,ΠΙΝΔΟΣ Εντόσθια Κοτόπουλο,37.0
2024-12-10,732912,CELLAR Ροδιτής-Σαββατίανο Λεύκος,37.5
2024-12-10,725371,DIXAN Ocean,120.0
2024-12-10,741284,TSANOS Με Σπόρους Chia & Μάραθο,13.8
2024-12-10,742783,COSTA COFFEE Signature Blend Dark Roast,52.9
2024-12-10,860233,ΛΕΒΕΤΙ Κασέρι Π-Ο.Π,187.5
2024-12-10,757631,L΄OREAL Κρέμα Ματιών Revitalift,121.7
2024-12-10,218979,FINISH Ultra All In One Lemon,50.0
2024-12-10,711642,ΜΠΕΛΑΣ Κασέρι Π-Ο.Π,182.5
2024-12-10,712502,ALPRO Βρώμη Αμύγδαλο,30.4
2024-12-10,713318,ΚΡΙΣ ΚΡΙΣ Αφράτα Brioche,23.9
2024-12-10,716453,FANTA Πορτοκαλάδα Μπλε (-0-30Ε),16.4
2024-12-10,872325,COREGA Extradent 3min 48δίσκια,75.4
2024-12-10,711726,ECHO Με Olive- Aloe Vera & Vitamin,20.6
2024-12-10,107824,PALETTE Semi-set No 7 Ξανθό,35.4
2024-12-10,73445,DETTOL Spring Waterfall Air,43.1
2024-12-10,44123,ΜΕΛΙΣΣΑ Σπαγγέτι Ολικής Άλεσης,10.3
2024-12-10,724000,ΟΙΚΟΓΕΝΕΙΑ ΣΤΕΡΓΙΟΥ Τσουρέκι με Μαστίχα Χίου,26.8
2024-12-10,721992,ELITE Crackers Σπανάκι & Άνηθος,15.0
2024-12-10,10659,ΚΤΗΜΑ ΡΟΥΒΑΛΗΣ Ασπρολίθι Ροδίτης Λευκό,80.1
2024-12-10,743696,ΒΕΡΓΙΝΑ Μπύρα Lager -20%,41.0
2024-12-10,984720,BIOTEN Hyaluronic Tissue Mask,14.3
2024-12-10,219959,BUON CAFE Quality Blend 100% Arabica,29.9
2024-12-10,11954,FANTA Πορτοκαλάδα Μπλε,19.4
2024-12-10,32002,ΛΟΥΜΙΔΗΣ Παπαγάλος Σκούρος,20.8
2024-12-10,851957,ALPRO,30.4
2024-12-10,875974,COREGA Neutral,79.8
2024-12-10,875174,DETTOL Λεβάντα Αντ/κο,36.2
2024-12-10,757579,KLINEX Advance,31.9
2024-12-10,873654,ΜΕΛΙΣΣΑ Κριθαράκι Μέτριο Ολικής,13.2
2024-12-10,724001,ΟΙΚΟΓΕΝΕΙΑ ΣΤΕΡΓΙΟΥ Τσουρέκι με Πραλίνα,36.6
2024-12-10,875985,ΕΟΣ ΣΑΜΟΥ Ψηλές Κορφές Λευκό,91.1
2024-12-10,704054,ΤΟ ΜΑΝΝΑ Κομμένη,38.4
2024-12-10,771870,ΡΟΔΟΠΗ Ρυζόγαλο,11.1
2024-12-10,205009,POM PON Eyes & Face,37.2
2024-12-10,774983,PARRANO Robusto Σκληρό τυρί,35.5
2024-12-10,867718,ΣΥΝΕΡΓΑΣΙΑ Κρήτης Σταφίδα Μαύρη Κορινθιακ,20.3
2024-12-10,715690,COREGA Super,85.4
2024-12-10,110455,TAI Ασετόν 85%,14.8
2024-12-10,716510,PANTENE Pro-V Απαλά & Μεταξένια 2min,64.9
2024-12-10,854937,KLINEX Για Ευαίσθητες Επιφάνειες,17.7
2024-12-10,11027,FANTA Πορτοκαλάδα,9.6
2024-12-10,44247,MISKO Πενάκι,11.5
2024-12-10,721434,BRAVO Καφεκοπτείο (-0-50E),28.9
2024-12-10,733378,ΜΟΝΗ ΤΟΠΛΟΥ Κελάρι Ερυθρό,69.3
2024-12-10,744868,ΕΠΙΛΟΓΗ ΜΟΥ Regato,27.9
2024-12-10,2165,JOSE CUERVO Especial Silver,249.5
2024-12-10,771868,ΡΟΔΟΠΗ Κρέμα Βανίλια,11.1
2024-12-10,992350,BIOTEN Hyaluronic Gold,39.5
2024-12-10,11860,FANTA Πορτοκαλάδα,40.8
2024-12-10,861138,ΠΑΠΑΔΟΠΟΥΛΟΥ Pick Batonettes,7.0
2024-12-10,869263,EXCELLENCE Creme Νο 7-77 Σοκολατί Φωτεινό,74.6
2024-12-10,854938,KLINEX Λεμόνι,17.7
2024-12-10,708645,SIDIFRESH Antibacterial,12.9
2024-12-10,720732,ΕΠΙΛΟΓΗ ΜΟΥ Bucatini Νο5,7.8
2024-12-10,721655,ΟΛΥΜΠΟΣ Καρπός Αμυγδάλου Protein,25.0
2024-12-10,941894,DETTOL,79.9
2024-12-10,10760,MOSTRA Λευκό Ξηρό,24.4
2024-12-10,744932,LACTA Big Time Cheesecake Φράουλα,39.9
2024-12-10,2359,CAPTAIN MORGAN Black,198.6
2024-12-10,771953,ΜΕΒΓΑΛ Κρέμα Βανίλια (-0-15Ε),9.9
2024-12-10,75204,ADORO Τυρί Τριμμένο,14.9
2024-12-10,527878,NESCAFE GOLD Latte Vanilla,27.9
2024-12-10,712712,ΟΛΥΜΠΟΣ Καρπός Αμυγδάλου,22.7
2024-12-10,13050,ΗΒΗ Πορτοκαλάδα,20.2
2024-12-10,873606,PANTENE Αναδόμησης 2λεπτών,64.9
2024-12-10,718421,JACOBS Espresso Ristretto 12,40.0
2024-12-10,870400,BREF Power Activ Nature Pine,18.1
2024-12-10,531624,ΠΑΠΑΔΟΠΟΥΛΟΥ Pick Mini Barbeque,7.2
2024-12-10,720737,ΕΠΙΛΟΓΗ ΜΟΥ Μακαρονάκι Κοφτό,7.8
2024-12-10,193329,ZAN SOT,39.9
2024-12-10,10764,MOSTRA Ερυθρό Ξηρό,25.0
2024-12-10,746705,ALFA Τυροπιτάκια Σφολιάτας,38.1
2024-12-10,748062,FOLIE Κρουασάν Κακάο (+25%),8.5
2024-12-10,724729,ΝΥΜΦΗ Μπύρα Lager,16.5
2024-12-10,711539,KERRYGOLD Regato,52.6
2024-12-10,771785,ΕΠΙΛΟΓΗ ΜΟΥ Μουσταλευριά,8.9
2024-12-10,772571,ΕΠΙΛΟΓΗ ΜΟΥ Δίσκοι Ντεμακιγιάζ,13.5
2024-12-10,712713,ΟΛΥΜΠΟΣ Καρπός Αμυγδάλου,22.7
2024-12-10,716741,ELVIVE Dream Long,39.8
2024-12-10,872402,DETTOL Spray Power & Pure +250ml,20.4
2024-12-10,718852,ΠΑΠΑΔΟΠΟΥΛΟΥ Pick Μini Barbeque,16.6
2024-12-10,13714,FANTA Πορτοκαλάδα Μπλε,8.2
2024-12-10,720731,ΕΠΙΛΟΓΗ ΜΟΥ Παστίσιο Νο2,7.8
2024-12-10,917396,ZAN SOT Από Τούλι Μικρό,12.6
2024-12-10,715787,ΙΣΤΟΡΙΕΣ ΦΟΥΡΝΟΥ Τύπου Brioche Mini,19.4
2024-12-10,725870,VANISH Oxi Action Pink Gel,49.9
2024-12-10,10762,MOSTRA Ροζέ Ξηρό,25.0
2024-12-10,700208,HENNINGER Μπύρα Lager,50.0
2024-12-10,863314,ΝΟΥΝΟΥ Gouda Σε Φέτες,43.3
2024-12-10,733360,ΒΙΚΟΣ Πορτοκαλάδα (-0-30Ε),14.7
2024-12-10,771869,ΡΟΔΟΠΗ Κρέμα Σοκολάτα,11.1
2024-12-10,771200,POM PON Ιntensive Skin Care (1+1)Δ,37.2
2024-12-10,531031,ΑΛΛΑΤΙΝΗ Κρακεράκια,4.3
2024-12-10,75266,ARLA Μοτσαρέλα,36.6
2024-12-10,873060,ΗΒΗ Πορτοκάλι μπλε,20.2
2024-12-10,716747,FRUCTIS Hydra Aloe,28.4
2024-12-10,720736,ΕΠΙΛΟΓΗ ΜΟΥ Βίδες,7.8
2024-12-10,124025,ZAN SOT Για Κυτταρίτιδα Μεγάλο Ν.108,33.3
2024-12-10,760682,STARBUCKS Espresso Pike Place,32.8
2024-12-10,10617,ΚΤΗΜΑ ΓΕΡΟΒΑΣΙΛΕΙΟΥ Λευκό,152.5
2024-12-10,725713,ΕΥΡΗΚΑ Quich White Σκόνη (-1ε),19.4
2024-12-10,729118,AJAX FDFleurs Γιασεμί 1+1 Δώρο,33.9
2024-12-10,749153,SOMERSBY Μηλίτης Mango & Lime Φιάλη,16.1
2024-12-10,729107,ORAL-B Ανταλλακτικά Kids,77.3
2024-12-10,723057,ΠΙΝΔΟΣ Στήθος Κοτόπουλο Φιλέτο,84.5
2024-12-10,742385,ΟΛΥΜΠΟΣ Καρπός Βρώμης με Φουντούκι,23.3
2024-12-10,771951,ΜΕΒΓΑΛ Ρυζόγαλο Πολίτικο (-0-15)Ε,9.3
2024-12-10,531004,ΑΛΛΑΤΙΝΗ Μπισκότα Νακ,4.3
2024-12-10,715628,BALOCCO Panettone,57.5
2024-12-10,13112,ΗΒΗ Λεμονίτα,20.2
2024-12-10,873132,GARNIER COLOR SENSATION Νο 6-35 Ζεστό Καφέ,39.2
2024-12-10,421064,AJAX Triple Action Ανταλλακτικό,24.9
2024-12-10,720741,ΕΠΙΛΟΓΗ ΜΟΥ Φιογκάκι,8.8
2024-12-10,944752,L΄OR Espresso Ristretto Decaf,46.0
2024-12-10,124024,ZAN SOT Extra Soft N.104,21.0
2024-12-10,717921,ELVIART 10τεμ-,15.0
2024-12-10,733147,TOSTI Pink,95.0
2024-12-10,729087,ΕΠΙΛΟΓΗ ΜΟΥ Σε Σκόνη,32.9
2024-12-10,744866,ΕΠΙΛΟΓΗ ΜΟΥ Ημίσκληρο Τυρί,24.9
2024-12-10,6009,12 Ούζο 40%,35.9
2024-12-10,12697,PAULANER HEFFEWEISS Μπύρα,24.1
2024-12-10,723060,Κοτόπουλο Μπούτι Ελληνικό Συσκευασμένο,58.5
2024-12-10,743206,ΟΛΥΜΠΟΣ Καρπός Αμυγδάλου Κακάο,8.3
2024-12-10,772955,ΚΑΡΑΒΑΣΙΛΗΣ Σύκα Ξηρά Βιτάλων,63.5
2024-12-10,219412,CARROTEN Anti Age Spot SPF50,169.5
2024-12-10,865016,ΛΟΓΑΔΙ ΗΠΕΙΡΟΣ Ημίσκληρο Τυρί,30.9
2024-12-10,711669,L΄OR Espresso Ristretto,46.0
2024-12-10,107828,PALETTE Semi-set Νο 7-1 Ξανθό Σαντρέ,35.4
2024-12-10,424688,AJAX FDFleurs Αγριολούλουδα 1+1 Δ,33.9
2024-12-10,421024,AJAX Classic,22.9
2024-12-10,124153,ZAN SOT Διπλό Μεσαίο,34.7
2024-12-10,719459,ELVIART Καλμποκιού,15.8
2024-12-10,729086,ΕΠΙΛΟΓΗ ΜΟΥ Σε Ταμπλέτες 15τεμ-,29.9
2024-12-10,733100,MONTELLIANA Prosecco Rose,97.8
2024-12-10,744796,DANVITA Crisp Bread Με Τυρί,21.0
2024-12-10,743699,MAVRAKIS LIMONCELLO,86.0
2024-12-10,985290,ΦΑΓΕ Total 2% Φράουλα (2+1 Δ-),29.4
2024-12-10,733361,ΒΙΚΟΣ Λεμονάδα (-0-30Ε),14.7
2024-12-10,771997,ΜΕΒΓΑΛ Creme Καϊμάκι Βύσσινο,12.4
2024-12-10,890428,CLEAN & CLEAR Exfolianting,59.8
2024-12-10,32008,ΛΟΥΜΙΔΗΣ Παπαγάλος Σκούρος,41.9
2024-12-10,703473,PALETTE Semi-set Νο 6-88 Εντονο Σοκολ.,35.4
2024-12-10,421144,AJAX Antistatic Ανταλλακτικό,24.9
2024-12-10,718770,ΟΛΥΜΠΟΣ Καρπός Αμυγδάλου με Κακάο,14.8
2024-12-10,36079,EL SABOR Nacho Chips Chili,12.1
2024-12-10,720738,ΕΠΙΛΟΓΗ ΜΟΥ Κριθαράκι Μέτριο,7.8
2024-12-10,844825,ZAN SOT Παιδικό 10.332,21.0
2024-12-10,721899,ΝΟΥΝΟΥ Mix Pizza and Pasta,32.8
2024-12-10,11172,ΛΟΥΞ Γκαζόζα (5+1) Δώρο,33.6
2024-12-10,70693,ELVIART Κλασικές 10τεμ-,18.6
2024-12-10,729088,ΕΠΙΛΟΓΗ ΜΟΥ Πλυντηρίου Ρούχων Gel 3Σε1,32.9
2024-12-10,741276,TSANOS Με Φρέσκο Παντζάρι,13.8
2024-12-10,743434,ΤΥΡΝΑΒΟΥ Ρόδοινος Λευκό,49.6
2024-12-10,771916,CAJOLINE Λίλιουμ Φρούτα Δάσους 28μεζ-,23.5
2024-12-10,749397,PELLITO Peanuts Barbeque,13.9
2024-12-10,218912,COLGATE Μαλακή 2-6 ετών,30.0
2024-12-10,714775,ULTREX MEN Αντιπ/κό Classic Act-2in1,38.3
2024-12-10,422711,AJAX Triple Action Αντλία,29.9
2024-12-10,36085,EL SABOR Nacho Chips Cheese,12.1
2024-12-10,719464,MAXWELL House (-1-00E),37.9
2024-12-10,720730,ΕΠΙΛΟΓΗ ΜΟΥ Πέννες Ρίγε Ολικής Άλεσης,8.8
2024-12-10,124049,ZAN SOT Πετσέτα και Κυτταρίτιδα,57.5
2024-12-10,715963,ΚΑΤΣΕΛΗΣ Το Παραδοσιακό Με Πολύσπορο,19.4
2024-12-10,742748,TIPIAK Με Τυρί & Ρίγανη,13.8
2024-12-10,743438,ΟΙΝΑΝΘΗ Λευκό,46.4
2024-12-10,729385,NEOMAT Gel Λωτός Του Μπαλί,64.5
2024-12-10,771252,MOLTO Κρουασάν Πραλίνα,8.9
2024-12-10,1035,Μανιτάρια Μανιτάρια Giant,46.9
2024-12-10,724605,ΟΛΥΜΠΟΣ Καρπός Αμυγδάλου,14.0
2024-12-10,771912,CAJOLINE Blue Fresh 28μεζ-,23.5
2024-12-10,749398,PELLITO Peanuts Oregano,13.9
2024-12-10,752127,ΕΠΙΛΟΓΗ ΜΟΥ Μοτσαρέλα σε Φέτες,22.9
2024-12-10,219415,CARROTEN SPF30,169.5
2024-12-10,772472,MILKA Choco,7.9
2024-12-10,218916,POM PON Natura (1+1) Δώρο,41.0
2024-12-10,871317,ΛΟΥΞ Cola (-0-60E),11.9
2024-12-10,107835,PALETTE Semi-set Νο 6-65 Εντονο Κόκκιν,35.4
2024-12-10,422712,AJAX Antistatic Αντλία,29.9
2024-12-10,719107,POPZ Pop Corn Salt,6.9
2024-12-10,36081,EL SABOR Nacho Chips BBQ,12.1
2024-12-10,720735,ΕΠΙΛΟΓΗ ΜΟΥ Σπαγγετίνι Νο10,7.8
2024-12-10,721373,ΕΛ ΓΚΡΕΚΟ Κλασικός,32.4
2024-12-10,124598,ZAN SOT Για Κυτταρίτιδα & Μαλακό,54.0
2024-12-10,743240,Ντακάκια Κρίθινα Με Προζ&Θυμάρι Αρχάνες Κρήτης,19.9
2024-12-10,743437,ΟΙΝΑΝΘΗ Ροζέ,46.9
2024-12-10,729651,ESSEX Touch,45.0
2024-12-10,746950,ΕΠΙΛΟΓΗ ΜΟΥ Πίτσα Special Γίγας,46.9
2024-12-10,771253,MOLTO Πραλίνα (3+1) Δώρο,38.6
2024-12-10,749157,BUDWEISER Μπύρα,21.9
2024-12-10,771058,PRESIDENT Cheddar,24.6
2024-12-10,772325,ARLA Protein Πουτίγκα Καραμέλα,18.4
2024-12-10,36040,EL SABOR Cheese,18.0
2024-12-10,718368,KLINEX Αιθέρια Άνοιξη,17.7
2024-12-10,719108,POPZ Pop Corn Butter,6.9
2024-12-10,720740,ΕΠΙΛΟΓΗ ΜΟΥ Πέννες Ριγέ,7.8
2024-12-10,721480,ΕΠΙΛΟΓΗ ΜΟΥ Classico,27.5
2024-12-10,94856,DOVE Fine Silk Αντ/κό,18.7
2024-12-10,944653,ΕΨΑ Λεμονάδα (5+1) Δώρο,33.0
2024-12-10,740000,ΚΡΙΣ ΚΡΙΣ Brioche 4τεμ-,23.9
2024-12-10,743241,Ντακάκια Με Χαρούπι Νύβριτο Κρήτης,23.9
2024-12-10,724404,PORTES Κτήμα Σκούρα Merlot Ερυθρό,110.4
2024-12-10,964228,ΕΥΡΗΚΑ Newborn,23.9
2024-12-10,985293,ΦΑΓΕ Fruyo Φράουλα (2+1Δ-),29.4
2024-12-10,746951,ΕΠΙΛΟΓΗ ΜΟΥ Πίτσα Μαργαρίτα & Special 2τμχ,59.9
2024-12-10,763940,ΒΕΡΓΙΝΑ Μπύρα Radler (3+1)Δώρο,28.3
2024-12-10,772326,ARLA Protein Πουτίγκα Φουντούκι,18.4
2024-12-10,719190,L΄OREAL Fine Flowers Ξηρή/Ευαίσθητη,46.2
2024-12-10,774981,PARRANO Robusto Σκληρό τυρί,31.5
2024-12-10,36087,EL SABOR Salsa,16.1
2024-12-10,700783,ΟΛΥΜΠΟΣ Κεφαλοτύρι,32.8
2024-12-10,865386,TASSIMO Crema Classico,55.9
2024-12-10,305005,OVERLAY Spray,37.4
2024-12-10,720729,ΕΠΙΛΟΓΗ ΜΟΥ Σπαγγέτι Νο6 Ολικής Άλεσης,8.8
2024-12-10,193628,ZAN SOT Χταποδάκι - Classic Μεγάλο,13.5
2024-12-10,744826,ΕΠΙΛΟΓΗ ΜΟΥ Σταρένιο,13.5
2024-12-10,948597,TIPIAK Για Σαλάτα Caesar,10.2
2024-12-10,10998,ΜΙΚΡΟΣ ΒΟΡΙΑΣ Κρασί Λευκό Ρούβαλη,85.9
2024-12-10,743900,ΕΠΙΛΟΓΗ ΜΟΥ Cola,21.6
2024-12-10,729711,ROL Μασσαλίας,48.1
2024-12-10,985289,ΦΑΓΕ Total 2% με Μέλι 2+1Δ,29.4
2024-12-10,771257,7DAYS Κρουασάν Κακάο,15.9
2024-12-10,772327,ARLA Protein Πουτίγκα Σοκολάτα,18.4
2024-12-10,855188,BIOTEN Calcium,107.9
2024-12-10,107841,WELLAFLEX Silk Finish & Hold,38.5
2024-12-10,719515,ΕΠΙΛΟΓΗ ΜΟΥ Cola,8.4
2024-12-10,720734,ΕΠΙΛΟΓΗ ΜΟΥ Σπαγγέτι Νο6,7.8
2024-12-10,864179,Γραβιέρα Ηπείρου,198.5
2024-12-10,865423,ZAN SOT Λοξή,32.9
2024-12-10,743562,ΚΟΥΡΤΑΚΗ Apelia Ασκός Λευκό Ξηρό,87.6
2024-12-10,741305,ΚΑΡΑΜΟΛΕΓΚΟΣ Για Hamburger 6τεμ,23.9
2024-12-10,729827,SOUPLINE Αντιβακτηριδιακό,53.8
2024-12-10,985295,ΦΑΓΕ Fruyo 0% Ροδάκινο 2+1Δ,29.4
2024-12-10,975326,DIMELLO Intenso,42.0
2024-12-10,771258,7DAYS Κρουασάν Μιλφέιγ,15.9
2024-12-10,749309,STRONGBOW Red Berries Cider (-0-30E),12.0
2024-12-10,903207,ΣΤΑΜΟΥ Ροδάκινο,11.4
2024-12-10,964194,JOHNSON^S Face Care (50%),32.0
2024-12-10,91882,WELLAFLEX Curls Definition,38.5
2024-12-10,719513,ΕΠΙΛΟΓΗ ΜΟΥ Cola Χωρίς Ζάχαρη,7.8
2024-12-10,720739,ΕΠΙΛΟΓΗ ΜΟΥ Κριθαράκι Χονδρό,7.8
2024-12-10,720962,ASTIR Πραλίνες Δίφουντες,39.5
2024-12-10,721823,AGRINO Ρυζογκοφρέτες Ρίγανη,19.8
2024-12-10,625713,ZAN SOT,69.5
2024-12-10,725659,BREF Power Active Pine,28.9
2024-12-10,741282,TSANOS Με Κινόα & Δενδρολίβανο,13.8
2024-12-10,746550,ΔΕΛΤΑ Ρόφημα Αμυγδάλου Protein Plus,34.9
2024-12-10,2726,VINA ESMERALDA Torres,93.0
2024-12-10,747454,LAVAZZA Qualita Oro Arabica,41.7
2024-12-10,715612,ARLA Μοτσαρέλα,31.2
2024-12-10,748350,ΚΑΡΑΜΟΛΕΓΚΟΣ Σταρένιο & Ολικής Μισό- Μισό,16.2
2024-12-10,1477,Μανιτάρια Πλευρώτους Φιλέ,78.9
2024-12-10,903210,ΣΤΑΜΟΥ Κρέμα Σοκολάτα,13.0
2024-12-10,445452,BIOTEN Hydro X-Cell,15.5
2024-12-10,711672,L΄OR Espresso Lungo Profondo,46.0
2024-12-10,865018,DIROLLO Τυρί Classic,23.6
2024-12-10,900230,ΣΤΑΜΟΥ Παραδοσιακό Πρόβειο,33.9
2024-12-10,705446,BOTANIC THERAPY Honey Treasures,30.2
2024-12-10,719516,ΕΠΙΛΟΓΗ ΜΟΥ Γκαζόζα,9.0
2024-12-10,705899,BREF Escapes Hawaii Sensation,18.1
2024-12-10,721447,MISKO Λιγκουίνι Ολικής Άλεσης,13.6
2024-12-10,721825,AGRINO Ρυζογκοφρέτες Επτάσπορες,15.7
2024-12-10,875056,DETTOL Classic,10.6
2024-12-10,962210,CELLAR Μοσχοφίλερο,49.0
2024-12-10,771126,ΚΡΙΣ ΚΡΙΣ Selection Ολικ-Άλεσης,23.8
2024-12-10,984714,ΕΥΡΗΚΑ Quick White Βάζο,67.9
2024-12-10,752409,ΔΕΛΤΑ Ρόφημα Αμυγδάλου,40.0
2024-12-10,774571,ΔΕΛΤΑ Vitaline Πουτίγκα Βανίλια,19.8
2024-12-10,729264,BIOTEN Vitamin C,14.3
2024-12-10,718839,ΔΕΛΤΑ Φυτικό Ρόφημα Αμυγδάλου,29.5
2024-12-10,719517,ΕΠΙΛΟΓΗ ΜΟΥ Λεμονάδα,9.0
2024-12-10,720827,DIMELLO Mild Αλεσμένος,58.0
2024-12-10,720971,BREF Blue Activ Floral,19.4
2024-12-10,900236,ΣΤΑΜΟΥ Πρόβειο 2% Σε Πήλινο,18.6
2024-12-10,706609,Γραβιέρα Νάξου Π-Ο.Π. Κομμάτι,49.3
2024-12-10,727220,AGRINO Ρυζογκοφρέτες Καλαμπόκι,15.7
2024-12-10,743656,ΡΕΠΑΝΗ Αγιωργίτικο Ροζέ ΠΓΕ,55.9
2024-12-10,742859,ΕΒΓΑ Μηλόπιτα,10.1
2024-12-10,763859,AMSTEL Μπύρα Radler Lemon,43.2
2024-12-10,771373,ROL Black Υγρό Πλυντηρίου,49.9
2024-12-10,777865,ΔΕΛΤΑ Vitaline Πουτίγκα Σοκολάτα,19.8
2024-12-10,984718,BIOTEN Tissue mask,14.3
2024-12-10,713647,GREEN Cola,33.3
2024-12-10,718838,ΔΕΛΤΑ Φυτικό Ρόφημα Αμυγδάλου,29.5
2024-12-10,721814,ΜΕΒΓΑΛ Κατσικίσιο Παραδοσιακό,14.7
2024-12-10,725096,DUCK Active Clean Pine,26.4
2024-12-10,760404,AGRINO Ρυζογκοφρέτες Κλασική,15.7
2024-12-10,725678,DETTOL Soothe Λεβάντα Αντ/κό,27.3
2024-12-10,470518,ΝΟΥΝΟΥ Gouda Light 11%,29.7
2024-12-10,745052,Παξιμάδια Λαδιού Κυθήρων Κορωναίος,32.9
2024-12-10,747404,STARBUCKS Espresso Italian Roast,32.8
2024-12-10,960566,MOSTRA Ροζέ Ημίγλυκο,25.0
2024-12-10,742860,ΕΒΓΑ Κερασόπιτα,10.1
2024-12-10,771914,CAJOLINE Gold 28μεζ-,23.5
2024-12-10,219423,CARROTEN Milk Hyaluronic,129.5
2024-12-10,717636,GREEN Πορτοκαλάδα,21.6
2024-12-10,421850,AJAX FDFleurs Ανθη Πασχαλιάς 1+1 Δ,33.9
2024-12-10,719845,PANTENE Pro-V Color Protect 2min-,64.9
2024-12-10,940639,ΜΕΛΙΣΣΑ Κριθαράκι Μέτριο 2τεμ (-0-50Ε),19.4
2024-12-10,719474,DUCK Active Clean Marine,26.4
2024-12-10,900229,ΣΤΑΜΟΥ Παραδοσιακό Πρόβειο,18.6
2024-12-10,760405,AGRINO Ρυζογκοφρέτες Κανέλα,19.8
2024-12-10,725714,NATURA Βανίλια Καραμέλα (-0-45Ε),14.9
2024-12-10,728911,NESCAFE Gold Vanilla Latte,34.9
2024-12-10,728656,ΚΡΙΣ ΚΡΙΣ Selection Premium 8τεμ-,22.9
2024-12-10,721813,ΔΕΛΤΑ Φυτικό Ρόφημα Βρώμη & 3 Σπόροι,29.5
2024-12-10,2514,ΚΤΗΜΑ ΑΜΠΕΛΩΝΑΣ ΒΙΟ CHARDONNAY ΛΕΥΚΟ,106.6
2024-12-10,771915,CAJOLINE Gold 52μεζ-,38.5
2024-12-10,746917,ΗΠΕΙΡΟΣ Οικογενειακό Ελαφρύ,29.4
2024-12-10,771917,CAJOLINE Λίλιουμ Φρούτα Δάσους 52μεζ-,38.5
2024-12-10,716568,HEINEKEN Μπύρα Lager (3+1)Δώρο,38.4
2024-12-10,719089,GREEN Λεμονάδα,14.2
2024-12-10,107823,PALETTE Semi-set Nο 6 Ξανθό Σκούρο,35.4
2024-12-10,945484,OVERLAY Express Multi Baking Soda,29.9
2024-12-10,711405,ΜΑΚΒΕΛ Κριθαράκι Μέτριο,11.9
2024-12-10,742545,LACIATE Πλήρες 3-5% Λιπαρά,11.2
2024-12-10,740002,ΚΡΙ ΚΡΙ 2% Χωρίς Λακτόζη (2+1)Δ,23.3
2024-12-10,725715,NATURA Almond Cream Αντ/κό (-0-45),14.9
2024-12-10,742367,AGRINO Ρυζογκοφρέτες Μαύρη Σοκολάτα,21.2
2024-12-10,10611,SANTO WINES Santorini Ασύρτικο Λευκό Ξηρό,275.3
2024-12-10,747635,STARBUCKS Espresso Breakfast Blend,32.8
2024-12-10,748168,ΑΡΤΟΠΟΥΛΟΣ Μεγάλη σταρένια,18.5
2024-12-10,752126,ΕΠΙΛΟΓΗ ΜΟΥ Μοτσαρέλα Mix Τριμμένη,23.5
2024-12-10,749298,ΜΑΜΟΣ Μπύρα Αφιλτράριστη,14.4
2024-12-10,67880,ΜΕΒΓΑΛ,13.6
2024-12-10,876271,GREEN Cola,6.8
2024-12-10,873135,GARNIER COLOR SENSATION Νο 7-0 Ξανθό,39.2
2024-12-10,720791,KLINEX Ultra Plus Gold,26.6
2024-12-10,44144,ΜΕΛΙΣΣΑ Σπαγγετίνι Νο7,7.5
2024-12-10,725802,NATURA Aegean Breeze Plus (-0-45Ε),14.9
2024-12-10,742366,AGRINO Ρυζογκοφρέτες Σοκ/τα Γάλακτος,21.2
2024-12-10,742075,ΔΩΔΩΝΗ Παραδ/κό Κατσικίσιο,15.0
2024-12-10,742152,ΕΠΙΛΟΓΗ ΜΟΥ Φίλτρα Καφέ,10.9
2024-12-10,743123,CREMONA Grana Padano,25.0
2024-12-10,743957,ΖΟΡΜΠΑΣ Ροζέ Γυάλινη Φιάλη,25.5
2024-12-10,992066,ARIEL Colour Fresh Touch of Lenor,109.5
2024-12-10,774094,AMSTEL Μπύρα Free Slk,26.4
2024-12-10,704147,TUBORG Σόδα Λεμόνι (5+1)Δώρο,33.8
2024-12-10,861462,BRAVO Κλασικός,39.9
2024-12-10,105742,KOLESTON Καστανό Ανοιχτό Νο 5/0,54.0
2024-12-10,44514,STELLA Κριθαράκι Μέτριο,7.8
2024-12-10,720792,KLINEX Ultra Plus Silver,26.6
2024-12-10,863383,ΜΕΒΓΑΛ Φράουλα,17.1
2024-12-10,865796,JUMBO Τσιπς Cuba Honakia,28.3
2024-12-10,741156,KERRYGOLD Cheddar,27.1
2024-12-10,728769,ΣΤΑΜΟΥ Η Κατσικούλα μας,16.5
2024-12-10,743958,ΖΟΡΜΠΑΣ Λευκό Γυάλινη Φιάλη,24.5
2024-12-10,743131,ΟΙΚΟΓΕΝΕΙΑ ΣΤΕΡΓΙΟΥ Muffin με Αλατισμένη Καραμέλα,11.2
2024-12-10,992074,ARIEL All In 1 Alpine,109.5
2024-12-10,774108,CORONA EXTRA Μπύρα,23.9
2024-12-10,13708,TUBORG Τόνικ,29.2
2024-12-10,105743,KOLESTON Ξανθό Σκούρο Νo 6/0,54.0
2024-12-10,723165,ΕΠΙΛΟΓΗ ΜΟΥ Λιποκαθαριστικό λεμόνι,24.9
2024-12-10,727271,L΄OR Espresso Colombia,48.9
2024-12-10,724318,ADORO Creamy Gouda,25.2
2024-12-10,742547,JUMBO Τσιπς με Αλάτι Κυματιστά,27.1
2024-12-10,95065,ΚΑΡΑΒΑΚΙ ΠΑΠΟΥΤΣΑΝΗΣ Λευκό,7.6
2024-12-10,743959,ΖΟΡΜΠΑΣ Ερυθρό Ημίγλυκο Γυάλινη Φιάλη,30.0
2024-12-10,746624,ΜΕΒΓΑΛ Κατσικίσιο,11.9
2024-12-10,752806,ΣΤΑΜΟΥ Αγελάδος 2% Πλαστικό,12.6
2024-12-10,747379,ΚΡΙΣ ΚΡΙΣ Selection Sandwich,23.8
2024-12-10,748465,ΟΙΚΟΓΕΝΕΙΑ ΣΤΕΡΓΙΟΥ Κέικ Λεμόνι Τζίντζερ,11.2
2024-12-10,992077,ARIEL Colour Fresh Touch of Lenor,109.5
2024-12-10,774159,FIX Άνευ Λεμόνι,27.2
2024-12-10,774681,ΣΤΑΜΟΥ Κρέμα Σοκολάτα,10.6
2024-12-10,757905,ΜΕΒΓΑΛ 1-5% Λιπαρά,12.9
2024-12-10,860616,LEERDAMMER Τυρί Light Life,33.9
2024-12-10,13109,TUBORG Σόδα,5.0
2024-12-10,105726,KOLESTON Ξανθό Μεσαίο Νο 7.0,54.0
2024-12-10,718665,ΑΝΔΡΙΤΣΑΙΝΑ Παπαρδέλες,27.0
2024-12-10,622111,Ι&Β Υδροχλωρικό Οξύ,9.9
2024-12-10,715789,ΙΣΤΟΡΙΕΣ ΦΟΥΡΝΟΥ Σίτου,15.3
2024-12-10,742548,JUMBO Με bbq Κυματιστά,27.1
2024-12-10,742703,BRAVO Κλασικός (-0-80E),51.9
2024-12-10,875057,DETTOL Sensitive,10.6
2024-12-10,743960,ΖΟΡΜΠΑΣ Λευκό Ημίγλυκο Γυάλινη Φιάλη,29.5
2024-12-10,752745,ΣΤΑΜΟΥ Γιαούρτι Πρόβειο 2%,17.0
2024-12-10,748472,ΟΙΚΟΓΕΝΕΙΑ ΣΤΕΡΓΙΟΥ Κέικ Κανέλλα Καρύδι,11.2
2024-12-10,774205,CARLSBERG Μπύρα,37.2
2024-12-10,76301,LA VACHE QUI RIT Cheddar,26.0
2024-12-10,860620,ΟΛΥΜΠΟΣ,15.1
2024-12-10,105746,KOLESTON Σοκολατί Ανοιχτό Νο 7.77,54.0
2024-12-10,724179,ΒΙΚΟΣ Σόδα (4+2)Δώρο,20.8
2024-12-10,715783,ΟΙΚΟΓΕΝΕΙΑ ΚΑΛΟΙΔΑ Σίτου με Σουσάμι,15.3
2024-12-10,718666,ΑΝΔΡΙΤΣΑΙΝΑ Χυλοπίτες,27.0
2024-12-10,725443,KLINEX 1 For All Cotton,35.6
2024-12-10,740016,HEALTHY HABITS Pitatakia Pizza,7.9
2024-12-10,992069,ARIEL Pods Extra Clean,106.0
2024-12-10,219542,ΕΠΙΛΟΓΗ ΜΟΥ Gold,39.9
2024-12-10,774206,ΦΙΞ ΕΛΛΑΣ Μπύρα Λεμόνι Retro,9.7
2024-12-10,706499,ARLA Protein Choco 50% Less Sugar,25.6
2024-12-10,865882,ΗΒΗ Πορτοκαλάδα Χωρίς Ζάχαρη,20.2
2024-12-10,719958,MAXWELL House Φουντούκι (-1-00E),41.9
2024-12-10,105729,KOLESTON Ξανθό Ανοιχτό Νο 8/0,54.0
2024-12-10,725437,ROL Υφασμάτων Quickguard,40.2
2024-12-10,740197,ΠΑΝΑΓΟΥ Χυλοπίτες Φαρδιές Πηλίου,22.9
2024-12-10,729007,ΑΡΚΑΔΙ Αντλία,41.1
2024-12-10,744770,ΕΠΙΛΟΓΗ ΜΟΥ Edam,24.9
2024-12-10,742835,HEALTHY HABITS Chips Ρυζιού Γεύση Pizza,12.2
2024-12-10,724664,LE COQ Cosmopolitan,29.9
2024-12-10,771405,ΟΙΚΟΓΕΝΕΙΑ ΣΤΕΡΓΙΟΥ Κέικ Κανέλλα Καρύδι,38.0
2024-12-10,771646,PRODERM Βρεφικό (-20%),53.8
2024-12-10,718388,ARLA Protein Vanilla 50% Less Sugar,26.6
2024-12-10,863996,TASSIMO Cappuccino Classico,73.0
2024-12-10,105727,KOLESTON Ξανθό Σαντρέ Νο 7.1,54.0
2024-12-10,720992,ΦΑΓΕ Τρικαλινό Τυρί Light,68.6
2024-12-10,725618,ROLI X-press Λεβάντα (+250ml)Δώρο,17.8
2024-12-10,740160,ΚΑΡΑΠΕΤΣΑΣ Γλυκός Τραχανάς Λαμίας,26.5
2024-12-10,729059,BIOTEN Xpress Absorb,21.9
2024-12-10,742837,HEALTHY HABITS Chips Ρυζιού Γεύση Τυρί,12.2
2024-12-10,749063,SCHWEPPES Ρόδι,46.2
2024-12-10,752558,ΚΡΙ ΚΡΙ Babies Grow Αλεσμ-Δημητριακά,21.3
2024-12-10,749199,ΜΑΜΟΣ Μπύρα Pilsner (6+2) Δώρο,70.2
2024-12-10,772252,ΕΠΙΛΟΓΗ ΜΟΥ Σόδα Πλύσεως,13.5
2024-12-10,34009,NESCAFE Classic Decaf,51.3
2024-12-10,105744,KOLESTON Σοκολατί Νο 6.7,54.0
2024-12-10,725656,AJAX Απολυμαντικό Ocean Fresh,22.0
2024-12-10,740161,ΚΑΡΑΠΕΤΣΑΣ Ξινός Τραχανάς Λαμίας,26.5
2024-12-10,744858,ΕΠΙΛΟΓΗ ΜΟΥ Αλμυρά Κράκερ Σχήμα Μπρέτσελ,12.2
2024-12-10,93564,DOVE Αντλία Cream Wash,15.7
2024-12-10,746048,ΕΠΙΛΟΓΗ ΜΟΥ Κασέρι Μυτιλήνης Π-Ο.Π,51.8
2024-12-10,719194,LE COQ Margarita,29.9
2024-12-10,772257,ΕΠΙΛΟΓΗ ΜΟΥ Υπερλευκαντικό Ρούχων,4.2
2024-12-10,774042,Τοματίνια Ελληνικής Γης,19.9
2024-12-10,774106,SCHWEPPES Indian Tonic Water,39.5
2024-12-10,521773,AMSTEL Free,35.2
2024-12-10,40628,LIPTON Λεμόνι,18.0
2024-12-10,709913,ΚΟΛΙΟΣ Κεφαλοτύρι,35.0
2024-12-10,720117,NEW WAVE Strong Rock & Hold,39.4
2024-12-10,741777,ARLA Protein Shake Chocolate,18.0
2024-12-10,744857,ΕΠΙΛΟΓΗ ΜΟΥ Κρακεράκια Αλμυρά Σχήμα Ψαράκι,18.9
2024-12-10,729094,ΕΠΙΛΟΓΗ ΜΟΥ Αντλία Μέλι & Γάλα,13.5
2024-12-10,865998,ΓΕΡΟΒΑΣΙΛΕΙΟΥ Μαλαγουζιά,179.5
2024-12-10,719195,LE COQ Mojito,29.9
2024-12-10,772959,ΕΠΙΛΟΓΗ ΜΟΥ Σκόνη Χειρός,16.5
2024-12-10,774095,AMSTEL Free Lemon (3+1) Δώρο,28.1
2024-12-10,218227,STARBUCKS Toffee Nut,33.5
2024-12-10,40528,LIPTON Ice Tea Ροδάκινο,18.0
2024-12-10,704852,PALETTE Semi-set Νο 6-60 Σκ. Σοκολατί,35.4
2024-12-10,727258,ΜΕΒΓΑΛ High Protein Φράουλα,18.6
2024-12-10,871187,TOPINE Αντλία,19.9
2024-12-10,744859,ΕΠΙΛΟΓΗ ΜΟΥ Κρακεράκια Αλμυρά Mix,12.2
2024-12-10,604353,ZAN SOT Στρογγυλό Από Λούφα Αιγύπτου,21.9
2024-12-10,729917,ΕΠΙΛΟΓΗ ΜΟΥ Ημίγλυκος Pet,22.4
2024-12-10,719196,LE COQ Pina Colada,29.9
2024-12-10,712398,ΚΟΛΙΟΣ Στραγγιστό Εδεσμα Cuisine,32.7
2024-12-10,771658,HOME CAKE Κέικ Chocolate&Hazelnut Cream,29.1
2024-12-10,771555,NESCAFE Gold Toffee Latte,34.9
2024-12-10,772883,ΕΠΙΛΟΓΗ ΜΟΥ Rose Valley 30μεζ-,35.5
2024-12-10,774139,HEINEKEN 0-0 Χωρίς Αλκοόλ (-1.00Ε),32.7
2024-12-10,12103,SOL Μπύρα Exotic Lager,21.2
2024-12-10,75964,ΦΑΓΕ Ημίσκληρο Τυρί Τρικαλινό,39.8
2024-12-10,719581,ΜΕΒΓΑΛ High Protein Κακάο,18.6
2024-12-10,873129,GARNIER COLOR SENSATION Νο 5-0 Φωτεινό Καστανό Ανοιχτό,39.2
2024-12-10,721801,ΛΟΥΜΙΔΗΣ Παπαγάλος Κουπάτος,31.8
2024-12-10,728543,ΤΗΣ ΒΑΣΙΛΙΚΗΣ Ξινός Τραχανάς Κορίνθου,35.0
2024-12-10,733275,LIPTON Green Lemon Κουτι Slk,67.2
2024-12-10,744856,ΕΠΙΛΟΓΗ ΜΟΥ Αλμυρά Κράκερ Σχήμα Ψαράκι,3.3
2024-12-10,745814,ΚΡΙ ΚΡΙ Pj Masks Φράουλα&Choco (-0-60),29.8
2024-12-10,729918,ΕΠΙΛΟΓΗ ΜΟΥ Ερυθρό Pet,22.4
2024-12-10,749270,ΚΑΛΟΠΙΟΤΟ Τσιπουρο,36.0
2024-12-10,772889,ΕΠΙΛΟΓΗ ΜΟΥ Λεβάντα,19.9
2024-12-10,12564,KAISER Μπύρα,20.5
2024-12-10,728544,ΤΗΣ ΒΑΣΙΛΙΚΗΣ Γλυκός Τραχανάς Κορίνθου,35.0
2024-12-10,733273,LIPTON Ice Tea Ροδάκινο,67.2
2024-12-10,733831,AJAX 4 ΣΕ 1 Αντλία,23.7
2024-12-10,744875,ΕΠΙΛΟΓΗ ΜΟΥ Gouda,26.9
2024-12-10,745875,ΕΠΙΛΟΓΗ ΜΟΥ Sticks,13.9
2024-12-10,729431,ΕΠΙΛΟΓΗ ΜΟΥ,18.5
2024-12-10,728009,ΤΟ ΜΑΝΝΑ Κρητωνάκια Σταρένια(+25% Πρ-),16.4
2024-12-10,747451,LAVAZZA Crema Gusto Classico,39.5
2024-12-10,729919,ΕΠΙΛΟΓΗ ΜΟΥ Λευκό Pet,21.4
2024-12-10,749271,ΚΑΛΟΠΙΟΤΟ Τσιπουρο,79.5
2024-12-10,771105,ΜΕΒΓΑΛ Πρόβειο ΠΤ,18.3
2024-12-10,742799,FOLIE Κρουασάν Red Velvet,13.2
2024-12-10,772890,ΕΠΙΛΟΓΗ ΜΟΥ Blue Sensation,19.9
2024-12-10,502591,NESCAFE Classic Decaf,29.5
2024-12-10,708472,ΣΤΑΜΟΥ Αγελάδος 2%,16.4
2024-12-10,869459,DIROLLO Emmental Light,25.6
2024-12-10,742544,LACIATE Ελαφρύ 1-5% Λιπαρά,11.2
2024-12-10,728545,ΤΗΣ ΒΑΣΙΛΙΚΗΣ Χυλοπιτάκι Κορίνθου,35.0
2024-12-10,733271,LIPTON Ice Tea Λεμόνι,67.2
2024-12-10,733827,DUCK Θήκη Aqua Blue (1+1)Δ,25.8
2024-12-10,745853,ΕΠΙΛΟΓΗ ΜΟΥ Τσιπς με Ρϊγανη,9.9
2024-12-10,733245,ΤΟ ΜΑΝΝΑ Λαδοπαξίμαδα Σταρένια,37.9
2024-12-10,729921,ΕΠΙΛΟΓΗ ΜΟΥ Ροζέ Pet,21.4
2024-12-10,2262,JAGERMEISTER Απεριτίφ,199.0
2024-12-10,743130,ΠΑΠΑΔΟΠΟΥΛΟΥ Με Σίκαλη,24.7
2024-12-10,772872,ΕΠΙΛΟΓΗ ΜΟΥ Υγρό Πλυντηρίου Blue Fresh,35.5
2024-12-10,67620,OLDENBURGER Πλήρες,8.2
2024-12-10,706550,BUON GUSTO CAFE Espresso Lungo,34.5
2024-12-10,708473,ΣΤΑΜΟΥ Η Κατσικούλα Μας,18.1
2024-12-10,725968,TOPINE Total Power Green Apple Floor,28.3
2024-12-10,745855,ΕΠΙΛΟΓΗ ΜΟΥ Τσιπς με Αλάτι,9.9
2024-12-10,745300,ΤΟ ΜΑΝΝΑ Κρητωνάκια Κριθαρένια(+25% Πρ),16.4
2024-12-10,729716,SEPTONA Dermasoft Honey Refill,19.3
2024-12-10,875423,ΜΠΟΥΤΑΡΗ  Σημείο Στίξης Ροζέ,73.4
2024-12-10,733907,LE COQ Blue Lagoon,29.9
2024-12-10,872752,7DAYS Κρουασάν Βερίκοκο,6.7
2024-12-10,772035,ESTRELLA Galicia Μπύρα Especial,16.1
2024-12-10,781773,LIPTON Sparkling Lemon,67.1
2024-12-10,777873,ΕΠΙΛΟΓΗ ΜΟΥ Τυρί Ρεγκάτο,32.9
2024-12-10,67117,ΝΟΥΝΟΥ Πλήρες,12.0
2024-12-10,710171,ΦΙΞ ΕΛΛΑΣ Μπύρα Ανευ (5+1)Δώρο,44.0
2024-12-10,724371,SYOSS Matt Fiber,46.7
2024-12-10,719437,ΔΕΛΤΑ Complet 2% Γιαούρτι (-1.45)Ε,40.8
2024-12-10,725967,TOPINE Total Power Floral Floor,19.8
2024-12-10,743122,CREMONA Parmigiano Reggiano,31.6
2024-12-10,732322,RICE UP Ρυζογκοφρέτες 7 Super Seeds,9.6
2024-12-10,729869,ECHO Antibact Σωληνάριο,20.6
2024-12-10,725937,ΕΛΛΗΝΙΚΑ ΚΕΛΛΑΡΙΑ Flowers Μαλαγουζιά Λευκό Ξηρό,77.4
2024-12-10,748242,NESCAFE DOLCE GUSTO Espresso Βuondi,62.8
2024-12-10,985173,CHAMPION Κρουασάν Μιλφλειγ,5.3
2024-12-10,772884,ΕΠΙΛΟΓΗ ΜΟΥ Λεβάντα,17.9
2024-12-10,781775,LIPTON Sparkling Zero Lemon,67.1
2024-12-10,34029,JACOBS Decaf,70.6
2024-12-10,67124,ΝΟΥΝΟΥ Light,12.0
2024-12-10,729168,ROLI Xpress Antibacterial,24.6
2024-12-10,732462,RICE UP Ρυζογκοφρέτες Himalayan Salt,9.6
2024-12-10,760093,ΑΜΑΡΙ Γραβιέρα,179.2
2024-12-10,729941,LUX Magical Orch Αντ/κο,25.5
2024-12-10,875421,ΜΠΟΥΤΑΡΗ  Σημείο Στίξης Λευκό,70.6
2024-12-10,749367,ΚΑΡΔΑΣΗ Τσιπουρο,126.9
2024-12-10,772885,ΕΠΙΛΟΓΗ ΜΟΥ Rose,17.9
2024-12-10,781771,LIPTON Sparkling Peach,67.1
2024-12-10,40105,LIPTON Ice Tea Λεμόνι,16.0
2024-12-10,706549,BUON GUSTO CAFE Espresso Gourmet,34.5
2024-12-10,710170,ΦΙΞ Μπύρα Ανευ,8.8
2024-12-10,721994,ΕΠΙΛΟΓΗ ΜΟΥ,13.9
2024-12-10,12076,AMSTEL Μπύρα Lager (5+1) Δώρο,53.0
2024-12-10,729195,WC NET Gel Crystal Blue Fresh,19.8
2024-12-10,742836,HEALTHY HABITS Chips Ρυζιού Αλάτι Πιπέρι,12.2
2024-12-10,719290,ΚΡΙ ΚΡΙ Σπιτικό 2% (-0-70?),30.5
2024-12-10,763526,ΜΕΣΕΝΙΚΟΛΑ Από Δυο Χωριά Ροζέ Ημίξηρο,141.4
2024-12-10,742753,LEADER Gouda Light Σε Φέτες,17.9
2024-12-10,772886,ΕΠΙΛΟΓΗ ΜΟΥ Purity,17.9
2024-12-10,401192,LIPTON Λεμόνι,32.0
2024-12-10,704536,ΝΟΥΝΟΥ,75.6
2024-12-10,305425,SILVO Ασημικών,79.9
2024-12-10,482959,MERITO,38.1
2024-12-10,724739,ELVIVE Extra Jojoba,39.8
2024-12-10,742151,ΕΠΙΛΟΓΗ ΜΟΥ Φίλτρα Καφέ,9.9
2024-12-10,869270,BARILLA Σπαγγέτι Νο5 2x500gr (-0-50Ε),23.8
2024-12-10,753961,SCHWEPPES Πορτοκαλάδα Orangeade No Sugar,37.0
2024-12-10,744771,ΕΠΙΛΟΓΗ ΜΟΥ Gouda,43.9
2024-12-10,747263,AGRINO Ρυζογκοφρέτες Mini με Τυρί,10.6
2024-12-10,743427,FISCHER Κουτί,75.6
2024-12-10,719293,ΚΡΙ ΚΡΙ Σπιτικό 5% (0-70?),30.5
2024-12-10,749175,ΛΑΓΥΝΟΣ Ούζο,88.9
2024-12-10,763532,ΜΠΛΕ ΤΡΑΚΤΕΡ Ροζέ,105.4
2024-12-10,40106,LIPTON Ροδάκινο,16.0
2024-12-10,724697,HERBAL ESSENCES Argan Oil,23.6
2024-12-10,744808,ΜΕΛΙΣΣΑ Σπαγγέτι με Καρότο,12.3
2024-12-10,729144,ΕΠΙΛΟΓΗ ΜΟΥ Τριαντάφυλλο Solid,9.9
2024-12-10,745518,ΝΟΥΝΟΥ Light,29.1
2024-12-10,747264,AGRINO Ρυζογκοφρέτες Mini με Bbq,10.6
2024-12-10,747629,ΠΑΠΑΔΟΠΟΥΛΟΥ Thins Classic,23.7
2024-12-10,752438,ΚΟΛΙΟΣ Στραγγιστό Ελλ-Γάλα 5%(-0.50?),26.5
2024-12-10,770055,ΕΠΙΛΟΓΗ ΜΟΥ Απλό,12.5
2024-12-10,749176,ΛΑΓΥΝΟΣ Ούζο,32.9
2024-12-10,771836,EL SABOR Wraps Family Time 8 Τεμάχια,21.5
2024-12-10,763514,ΚΑΛΛΕΡΓΗΣ Ζωηρός Ροζέ Ξηρό,59.1
2024-12-10,872264,ARLA Σκληρό Τυρί,29.8
2024-12-10,219382,SOUPLINE Καρύδα και Λευκά Ανθη 77μεζ-,49.0
2024-12-10,774249,ΜΗΛΟΚΛΕΦΤΗΣ Tropical,14.3
2024-12-10,218438,JACOBS Cappuccino Φουντούκι,26.9
2024-12-10,78105,ΦΑΓΕ Total Στραγγιστό 2%,48.8
2024-12-10,40042,LIPTON Green,32.0
2024-12-10,727141,ΕΠΙΛΟΓΗ ΜΟΥ Κλασικός,10.5
2024-12-10,725077,WELLAFLEX Invisible Hold,17.7
2024-12-10,744876,ΕΠΙΛΟΓΗ ΜΟΥ Gouda Light,25.9
2024-12-10,729145,ΕΠΙΛΟΓΗ ΜΟΥ Θαλάσσια Αύρα Solid,9.9
2024-12-10,745520,ΝΟΥΝΟΥ Πλήρες,29.1
2024-12-10,747687,DORITOS Sweet Chilli,11.9
2024-12-10,770056,ΕΠΙΛΟΓΗ ΜΟΥ Με Λάδι,13.5
2024-12-10,771821,ALFA Καλαμπόκι 25cm,27.6
2024-12-10,763515,ΚΑΛΛΕΡΓΗΣ Διπλή Κορφή Ερυθρό Ξηρό,59.1
2024-12-10,772895,ΕΠΙΛΟΓΗ ΜΟΥ Μάλλινα και Ευαίσθητα 16μεζ-,19.9
2024-12-10,40874,LIPTON Green,16.0
2024-12-10,704537,ΝΟΥΝΟΥ Light,75.6
2024-12-10,715567,JACOBS Gold,54.8
2024-12-10,725240,TRESEMME Keratin Smooth,31.4
2024-12-10,729190,OVERLAY Express Ακαταμάχητη Φρεσκάδα,25.4
2024-12-10,711541,DIROLLO Cheese Mix,23.9
2024-12-10,752437,ΚΟΛΙΟΣ Γιαούρτι Στραγγιστό 2%(-0-50Ε),26.5
2024-12-10,771822,ALFA Τορτίγιες Ολικής Αλεσης,24.0
2024-12-10,763509,MARTINI Sparkling Prosecco,32.2
2024-12-10,772896,ΕΠΙΛΟΓΗ ΜΟΥ Πολυκαθαριστικό,35.9
2024-12-10,774351,SOMERSBY Φράουλα & Lime 0%,13.9
2024-12-10,704538,ΝΟΥΝΟΥ Kid,79.8
2024-12-10,874289,LIPTON Black Lemon Zero Sugar,18.2
2024-12-10,744850,ΕΠΙΛΟΓΗ ΜΟΥ Decafeine,41.5
2024-12-10,729357,DR-BECKMANN Ψυγείων & Μικροκυμάτων,59.5
2024-12-10,770087,DOVE Μπλε,10.5
2024-12-10,984458,MARTINI Sparkling Prosecco,94.9
2024-12-10,743250,LEADER Regato,39.1
2024-12-10,960552,SOUPLINE Λεβάντα 50μεζ-,64.4
2024-12-10,774421,ΦΙΞ Μπύρα Μαύρη (3+1) Δώρο,52.8
2024-12-10,555912,ΜΑΓΙΚΟΣ ΚΗΠΟΣ Λόλλα,9.9
2024-12-10,704539,ΝΟΥΝΟΥ Noulac 2ης Βρεφικής Ηλικίας,79.8
2024-12-10,76009,LA VACHE QUI RIT Μαλακό Τυρί Light,26.0
2024-12-10,874286,LIPTON Green Lemon Zero Sugar,35.9
2024-12-10,729009,BREF Blue Active Hygiene Duo,31.6
2024-12-10,702248,MISKO Λαζάνια (-0-50E),28.0
2024-12-10,743698,MAVRAKIS Λικέρ Mαστίχα,90.5
2024-12-10,772034,MINI CHIC Αφρώδης Οίνος,23.8
2024-12-10,994551,LENOR Bliss Ruby Jasmine,38.4
2024-12-10,219988,FINEZZELO Espresso Lungo,22.9
2024-12-10,555913,ΜΑΓΙΚΟΣ ΚΗΠΟΣ Γαλλική Σαλάτα,9.9
2024-12-10,16463,ΝΟΥΝΟΥ Light,7.5
2024-12-10,874285,LIPTON Green Lemon Zero Sugar,18.2
2024-12-10,747415,ΜΕΛΙΣΣΑ Σπαγγετίνη Νο10 Ολικής Αλεσης,10.3
2024-12-10,729733,AJAX Για τα Τζάμια,20.9
2024-12-10,771146,ΚΟΛΙΟΣ Ημίσκληρο Τυρί,25.9
2024-12-10,725796,Εμποτισμένα Μαντηλάκια Με Λοσιόν Διάφ-,14.9
2024-12-10,772043,ΟΙΝΑΝΘΗ Ερυθρό,50.0
2024-12-10,219393,SOUPLINE Care Fresh 56μεζ-,37.5
2024-12-10,219987,FINEZZELO Espresso Decafeine,22.9
2024-12-10,763942,ΒΕΡΓΙΝΑ Μπύρα Radler,12.6
2024-12-10,67115,ΝΟΥΝΟΥ Πλήρες,7.5
2024-12-10,720991,ΦΑΓΕ Ημίσκληρο Τυρί Τρικαλινό,63.5
2024-12-10,757599,ΜΕΛΙΣΣΑ Ταλιατέλες,17.2
2024-12-10,729510,AFROSO Στέρεο Forest Sensation,13.2
2024-12-10,873736,LIPTON Black Peach Zero Sugar,35.9
2024-12-10,772230,ΡΕΠΑΝΗ Νεμέα ΠΟΠ Ερυθρό,61.8
2024-12-10,988444,L΄OR Espresso Caramel,51.2
2024-12-10,219385,LENOR Aute Couture,43.9
2024-12-10,271565,ΝΥΜΦΗ Μπύρα Lager,46.8
2024-12-10,862576,ΝΟΥΝΟΥ,12.6
2024-12-10,878868,LIPTON Black Peach Zero Sugar,18.2
2024-12-10,706551,BUON GUSTO CAFE Espresso Ristretto,34.5
2024-12-10,743121,CREMONA Grana Padano,53.1
2024-12-10,729262,TOPINE Total Power Spring Valley,29.0
2024-12-10,984798,OLMECA Tequila Reposado 35%,252.7
2024-12-10,10999,ΜΙΚΡΟΣ ΒΟΡΙΑΣ Κρασί Ερυθρό Ρούβαλη,77.4
2024-12-10,772584,SOUPLINE Αύρα Ηρεμίας 50μεζ-,37.5
2024-12-10,446015,ΝΗΣΟΣ Pilsner Κουτί (5+1)Δώρο,63.7
2024-12-10,715578,ΝΟΥΝΟΥ Γεύσεις Σπιτικές,10.7
2024-12-10,75128,ΗΠΕΙΡΟΣ Κεφαλογραβιέρα Π-Ο.Π,30.3
2024-12-10,944646,ΕΨΑ Πορτοκαλάδα (-0.30)Ε,11.8
2024-12-10,965808,AJAX Για όλες τις Επιφάνειες,20.9
2024-12-10,770170,PANSOAP Σαπούνι Γάλα Γαϊδούρας,13.8
2024-12-10,705919,ΑΜΥΓΔΑΛΙΕΣ Aβαντις  Ροζέ,88.0
2024-12-10,772588,SOUPLINE Mistral 77μεζ-,49.0
2024-12-10,555401,ΑΛΦΑ Μπύρα με Θαλασσινό Αλάτι,13.8
2024-12-10,716301,FUZE TEA Passionfruit Χωρίς Ζάχαρη,16.0
2024-12-10,852931,ΝΟΥΝΟΥ Κid,13.3
2024-12-10,714890,ΝΟΥΝΟΥ Emmental,25.2
2024-12-10,721531,ΕΠΙΛΟΓΗ ΜΟΥ Decaf,32.5
2024-12-10,725766,ULTREX MEN Αντιπ/κό Legend Ronaldo,38.3
2024-12-10,746186,ΚΡΙ ΚΡΙ Super Spoon Λευκό (-0-50),24.9
2024-12-10,742331,MISKO Ριγκατόνι Ολικής Άλεσης,13.6
2024-12-10,747935,TSAKIRIS Sticks με Αλάτι,15.8
2024-12-10,424780,KLINEX Spray 4σε1 Λεμόνι,25.9
2024-12-10,740324,ΚΤΗΜΑ ΧΑΤΖΗΓΕΩΡΓΙΟΥ Λύμνια Γη Λευκός,105.4
2024-12-10,555405,ΑΛΦΑ Μπύρα με Θαλασσινό Αλάτι,69.5
2024-12-10,555514,FISCHER Μπύρα Pilsner (3+1)Δώρο,41.2
2024-12-10,75668,ΦΑΓΕ Κεφαλοτύρι,42.5
2024-12-10,854458,ΝΟΥΝΟΥ Noulac 2ης Βρεφικής Ηλικίας,13.3
2024-12-10,861463,BRAVO Κλασικός,20.9
2024-12-10,944647,ΕΨΑ Λεμονάδα (-0.30)Ε,11.3
2024-12-10,852770,ΠΑΠΑΔΟΠΟΥΛΟΥ Σταρένιες (3+1) Δώρο,18.6
2024-12-10,763901,BACARDI Anejo  Cuatro Παλαιωμένο,232.8
2024-12-10,774013,ΧΑΤΖΗΓΕΩΡΓΙΟΥ Λήμνια Γη Ερυθρό Ξηρό,110.4
2024-12-10,777855,NEOMAT Σκόνη Αγριο Τριαντάφυλλο,64.5
2024-12-10,716319,FUZE TEA Λεμόνι & Λουίζα Χωρίς Ζάχαρη,13.4
2024-12-10,75771,ΦΑΓΕ Gouda,35.6
2024-12-10,862578,ΝΟΥΝΟΥ Light,12.6
2024-12-10,747836,ΑΡΒΑΝΙΤΙΔΟΥ Πληγούρι,20.2
2024-12-10,984121,AGRINO Ρυζογκοφρέτες Salted Caramel,23.8
2024-12-10,741209,KLINEX Ultra Pink Power,26.6
2024-12-10,771644,LUX Σαπούνι Soft & Glow,8.5
2024-12-10,774015,LAMBRUSCO Rosato Di Bacco Rose,65.5
2024-12-10,772303,DIXAN Spring Fresh,64.2
2024-12-10,219989,FINEZZELO Espresso Ristretto,22.9
2024-12-10,33143,JACOBS Αλεσμένος,63.2
2024-12-10,716320,FUZE TEA Ροδάκινο Ιβίσκος Χωρίς Ζάχαρη,13.4
2024-12-10,724130,LE PETIT MARSEILLAIS Coconut,24.0
2024-12-10,750961,ΒΛΑΧΑΣ Πλήρες,75.6
2024-12-10,980895,AGRINO Ρυζογκοφρέτες Μini Pizza,10.6
2024-12-10,770022,ACTIVEL Χεριών & Επιφανειών,16.9
2024-12-10,78142,ΜΕΒΓΑΛ Πρόβειο Γιαούρτι Ελαφρύ,14.5
2024-12-10,851856,LEERDAMMER Special Toast,26.1
2024-12-10,807982,GANCIA ASTI Docg,113.7
2024-12-10,994635,SCHWEPPES Mojito,46.8
2024-12-10,772574,SOUPLINE Τέλειο Σιδέρωμα Δροσιάς 56μεζ-,37.5
2024-12-10,555404,ΑΛΦΑ Με Θαλασσινό Αλάτι (5+1)Δώρο,47.9
2024-12-10,750962,ΒΛΑΧΑΣ Ελαφρύ,75.6
2024-12-10,725918,SYOSS Repair,26.9
2024-12-10,984119,AGRINO Ρυζογκοφρέτες Γιαούρτι Φράουλα,23.8
2024-12-10,749263,FUZE Ροδάκινο & Ιβίσκος,26.4
2024-12-10,721973,ΙΕΡΑ ΜΟΝΗ ΜΑΚΑΡΙΩΤΙΣΗΣ Στραγγιστό Ελαφρύ 2%,14.7
2024-12-10,729199,TOPINE 5In1 Green Apple Trigger,22.3
2024-12-10,774081,NICO LAZARIDI Χρυσός Λέων Cabern,104.2
2024-12-10,772575,SOUPLINE Μανόλια και Λεβάντα 56μεζ-,37.5
2024-12-10,774408,GRAN PASTA Σκληρό Τυρί,17.7
2024-12-10,445171,NESCAFE Gold Caramel Brownie Mocha,24.4
2024-12-10,906700,ΦΙΞ ΕΛΛΑΣ Μπύρα Lager,58.8
2024-12-10,731248,Γραβιέρα Αμφιλοχίας Light,174.8
2024-12-10,725917,SYOSS Colorist,26.9
2024-12-10,742375,COSTA COFFEE Espresso Lungo Signature Blend,45.1
2024-12-10,753951,SCHWEPPES Lemonade Περγαμόντο & Ιβίσκος,37.0
2024-12-10,743154,ΕΠΙΛΟΓΗ ΜΟΥ Πλήρες 7-5%,8.4
2024-12-10,771212,ΕΠΙΛΟΓΗ ΜΟΥ Ντακάκια Χαρούπι,23.5
2024-12-10,742771,ΙΕΡΑΣ ΜΟΝΗΣ Κατσικίσιο Στραγγιστό Γιαούρτι,21.0
2024-12-10,771304,DORITOS 3D Bugles Cheese,14.9
2024-12-10,729509,AFROSO Solid Enzymes,13.2
2024-12-10,988535,ΠΑΠΟΥΤΣΑΝΗΣ ΚΑΡΑΒΑΚΙ Κρεμοσάπουνο Χαμομήλι,24.9
2024-12-10,806141,MINI CHIC Rasberry,23.8
2024-12-10,772304,DIXAN Ocean,84.6
2024-12-10,725920,SYOSS Men Clean & Cool,23.1
2024-12-10,743155,ΕΠΙΛΟΓΗ ΜΟΥ Ελαφρύ 4%,8.4
2024-12-10,748388,ΕΠΙΛΟΓΗ ΜΟΥ Κριθαράκι Ολικής Άλεσης,8.8
2024-12-10,771188,ΤΟ ΜΑΝΝΑ Παξιμάδια Λαδιού Mini Κυθήρων,37.3
2024-12-10,747823,KRAMBALS Μπρουσκέτες Ντομάτα & Μοτσαρέλ,9.0
2024-12-10,771797,AJAX Κατά της Μούχλας,23.7
2024-12-10,771812,ΕΠΙΛΟΓΗ ΜΟΥ Καρύδα Refill Pack,9.9
2024-12-10,772914,ΕΠΙΛΟΓΗ ΜΟΥ Καραμέλα,43.5
2024-12-10,852450,ΦΙΛΙΩΜΑ Ερυθρό Αγιωργίτικο,43.0
2024-12-10,772576,SOUPLINE Λεβάντα 77μεζ-,49.0
2024-12-10,81000194,ΦΑΓΕ Gouda,135.6
2024-12-10,67118,ΝΟΥΝΟΥ,18.8
2024-12-10,717797,AMSTEL Μπύρα Free Κουτί (5+1)Δώρο,44.0
2024-12-10,760561,BRAVO Πολίτικος,42.7
2024-12-10,733457,LIFE Earl Grey Λεμόνι,14.2
2024-12-10,725572,GLISS Split Hair,32.4
2024-12-10,771401,ΔΕΛΤΑ Complet 10% Γιαούρτι (-1.45)Ε,40.8
2024-12-10,747824,KRAMBALS Μπρουσκέτες με Tυρί,9.0
2024-12-10,771927,BIONOL Πολυκαθαριστικό Spray,28.6
2024-12-10,855159,ARLEM Βασιλικός Πολτός,30.1
2024-12-10,852451,ΦΙΛΙΩΜΑ Λευκό Ξηρό,33.9
2024-12-10,772587,SOUPLINE Mistral 42μεζ-,30.0
2024-12-10,81000215,ΚΡΗΤΗΣ Γραβιέρα,55.9
2024-12-10,2006,BACARDI Breezer Lemon,21.0
2024-12-10,33018,JACOBS Flavours Βανίλια,69.9
2024-12-10,67013,ΒΛΑΧΑΣ,17.3
2024-12-10,725921,SYOSS Men Power,23.1
2024-12-10,733464,LIFE Λεμόνι & Ginger,14.2
2024-12-10,748389,ΕΠΙΛΟΓΗ ΜΟΥ Πεπονάκι,7.8
2024-12-10,771615,ΝΟΥΝΟΥ Γιαούρτι Στραγγιστο 1-5%,21.7
2024-12-10,772960,ΕΠΙΛΟΓΗ ΜΟΥ Ταμπλέτες Για Καζανάκι,18.5
2024-12-10,219078,TAI Ασετόν Αντλία με Λάδι,29.9
2024-12-10,10631,ΝΕΜΕΑ RESERVE Αγιωργίτικο Ερυθρό,99.4
2024-12-10,772577,SOUPLINE Λεβάντα 60μεζ-,40.0
2024-12-10,81003717,Κατσικίσιο Τυρί Μυλοποτάμου,167.9
2024-12-10,2017,BACARDI BREEZER Lime,21.0
2024-12-10,760071,ΒΛΑΧΑΣ Πλήρες 7-5%,12.6
2024-12-10,906665,HENNINGER Μπύρα,11.7
2024-12-10,729021,GLISS Split Hair Miracle,24.9
2024-12-10,44802,DEVETA Σπαγγέτι Νο10,6.2
2024-12-10,771305,TASTY Γαριδάκια Crunchy Max,14.9
2024-12-10,771323,ΠΑΠΑΔΟΠΟΥΛΟΥ Φρυγανίες Ολικής Άλεσης,18.1
2024-12-10,772961,ΕΠΙΛΟΓΗ ΜΟΥ Υγρά Πανάκια Καθαρισμού Lemon,16.8
2024-12-10,219079,TAI Ασετόν Αντλία 85%,29.9
2024-12-10,743516,ΤΣΙΜΠΙΔΗΣ Βόλτες Ροζέ,65.9
2024-12-10,772582,SOUPLINE Βανίλια & Μανταρίνι,37.5
2024-12-10,218437,JACOBS Cappuccino Βανίλια,27.8
2024-12-10,769193,Τυρί Mix Τριμμένο,18.8
2024-12-10,760072,ΒΛΑΧΑΣ Ελαφρύ 4%,12.6
2024-12-10,744849,ΕΠΙΛΟΓΗ ΜΟΥ Βανίλια,43.5
2024-12-10,733785,FISCHER Κουτί (3+1)Δώρο,56.7
2024-12-10,752544,ΓΥΠΑΡΑΚΗ Γραβιεράκι Καπνιστό,197.3
2024-12-10,44867,DEVETA Σπαγγέτι Νο6,6.2
2024-12-10,771306,DORITOS 3D Bungles Πάπρικα,14.9
2024-12-10,771922,DUCK Active Gel Φρεσκάδα Θάλασας,18.9
2024-12-10,219069,PALMOLIVE Μέλι & Γάλα Ανταλλακτικό,19.8
2024-12-10,743550,ΤΣΙΜΠΙΔΗΣ Βόλτες Λευκός,65.9
2024-12-10,772585,SOUPLINE Paradise Εκρητική Απόλαυση,37.5
2024-12-10,725008,MR.MAGNET (+10 Φύλλα) Δώρο,23.9
2024-12-10,729053,BOTANIC THERAPY Avocado Oil & Shea Butter,30.2
2024-12-10,743999,ΝΥΜΦΗ Μπύρα Lager (5+1) Δώρο,58.5
2024-12-10,44806,DEVETA Κριθαράκι Μέτριο,6.2
2024-12-10,771584,ΜΕΒΓΑΛ HARMONY GOURMET Πορτοκάλι & Σοκολάτα,16.8
2024-12-10,748687,STARBUCKS Espresso Roast Caps,55.9
2024-12-10,772893,ΕΠΙΛΟΓΗ ΜΟΥ Υγρό Τζαμιών Refill,12.5
2024-12-10,743578,ΤΣΙΜΠΙΔΗΣ Βόλτες Ερυθρό,65.9
2024-12-10,219068,PALMOLIVE Hygiene Ανταλλακτικό,19.8
2024-12-10,781778,POWERADE Mountain Blast Zero,14.8
2024-12-10,81006023,LEADER Gouda,27.6
2024-12-10,12068,POWERADE Solar Flare,14.8
2024-12-10,718098,ΕΥΡΗΚΑ Color Block (20T+20T)Δ,39.8
2024-12-10,721483,MILK TIME Caramel 6% Λιπαρά,21.0
2024-12-10,729097,ΕΠΙΛΟΓΗ ΜΟΥ Για Ολους Τους Τύπους,18.0
2024-12-10,44821,DEVETA Πέννες Ριγέ,6.2
2024-12-10,772894,ΕΠΙΛΟΓΗ ΜΟΥ Υγρό Τζαμιών Αντλία,16.5
2024-12-10,774208,IRIDA Cabernet Sauvignon Ερυθρό,76.9
2024-12-10,219067,PALMOLIVE Αμύγδαλο Ανταλλακτικό,19.8
2024-12-10,728603,DIMELLO Espresso Forte Lungo (-0-70E),35.0
2024-12-10,900550,ΔΩΔΩΝΗ Γραβιέρα,134.8
2024-12-10,12750,RED BULL Χωρίς ζάχαρη,13.2
2024-12-10,729096,ΕΠΙΛΟΓΗ ΜΟΥ Βαμμένα Μαλλιά,18.0
2024-12-10,748055,LAYS Chips Ολικής Ντομάτα & Πιπεριά,18.9
2024-12-10,991200,ΚΡΙ ΚΡΙ Ροδάκινο (2+1) Δώρο,25.3
2024-12-10,772909,ΕΠΙΛΟΓΗ ΜΟΥ Χλωρίνη Κλασική,12.5
2024-12-10,774209,IRIDA Sauvignon Blanc Λευκό,76.9
2024-12-10,774427,FRESH Blossom Love Αντλία,12.9
2024-12-10,769197,Ημίσκληρο Τυρί Σε Φέτες,32.9
2024-12-10,873844,JACOBS Εκλεκτός,59.1
2024-12-10,948791,HELL Apple,8.4
2024-12-10,723127,ΣΤΑΜΟΥ Παστεριωμένο Ελαφρύ 1-5%,18.0
2024-12-10,717815,ΟΜΟ Λεβάντα,70.6
2024-12-10,743120,CREMONA Parmigiano Reggiano,49.8
2024-12-10,725755,HD Ultra Strong,28.9
2024-12-10,748655,CHEETOS Lotto,14.9
2024-12-10,772906,ΕΠΙΛΟΓΗ ΜΟΥ Χλωρίνη Ultra Regular,9.5
2024-12-10,995523,IRIDA Αγιωργίτικο Syrah Ροζέ,76.9
2024-12-10,774429,FRESH Tropical Love Αντλία,12.9
2024-12-10,701106,CASARITO Moscato D?Asti,79.5
2024-12-10,717611,HELL Red Grape,8.4
2024-12-10,940314,ELVIVE Colorvive,53.8
2024-12-10,747370,BRAVO Χρυσή Επιλογή,42.7
2024-12-10,965956,ARIEL Tol Colour (1+1)Δώρο,112.4
2024-12-10,985307,ΜΑΚΒΕΛ Ταλιατέλες Ριγέ,10.5
2024-12-10,772869,JUMBO Τσιπς Crunchy Χωρίς Αλάτι,15.9
2024-12-10,772873,ΕΠΙΛΟΓΗ ΜΟΥ Χλωροκαθαριστικό Spray,22.5
2024-12-10,218906,ΕΠΙΛΟΓΗ ΜΟΥ Υγρομάντηλα large Ενηλίκων,14.9
2024-12-10,769196,Gouda Σε Φέτες,27.9
2024-12-10,717898,PINOT GRIGIO Delle Venezie Λευκό Ξηρό,62.1
2024-12-10,724389,HELL Classic,9.9
2024-12-10,727143,ΕΠΙΛΟΓΗ ΜΟΥ Σκούρος,11.5
2024-12-10,772870,JUMBO Τσιπς Crunchy Ρίγανη,15.9
2024-12-10,772882,ΕΠΙΛΟΓΗ ΜΟΥ Υγρό Ultra Hygiene,18.5
2024-12-10,218913,ΜΕΓΑ Κρεμοσάπουνο Παιδικό,16.0
2024-12-10,774930,DIROLLO Mozzarella,97.0
2024-12-10,81000443,CARLSBERG Κουτί,62.6
2024-12-10,749325,MONSTER Zero Ultra Fiesta,15.3
2024-12-10,770080,SOUPLINE Λεβάντα,27.5
2024-12-10,771609,ΕΠΙΛΟΓΗ ΜΟΥ Φιδές,7.8
2024-12-10,772871,JUMBO Τσιπς με Αλάτι Crunchy,15.9
2024-12-10,772887,ΕΠΙΛΟΓΗ ΜΟΥ Spray Μπάνιου 4in1,23.5
2024-12-10,769192,Μοτσαρέλα Σε Φέτες,29.0
2024-12-10,81000986,NESCAFE DOLCE GUSTO Lungo,63.2
2024-12-10,729251,PANTENE Rosewater Lift & Volume,37.6
2024-12-10,743435,ΤΥΡΝΑΒΟΥ Ρόδοινος Ημίγλυκο Ερυθρό,49.6
2024-12-10,771902,ΔΕΛΤΑ Advance Λευκό,22.3
2024-12-10,772888,ΕΠΙΛΟΓΗ ΜΟΥ Spray Κουζίνας 4in1,23.5
2024-12-10,774107,MONSTER Zero Sugar,15.3
2024-12-10,529156,ΜΕΓΑ Κρεμοσάπουνο Pouch Ρόδι,17.6
2024-12-10,218473,ARIEL Extra Clean (1+1)Δώρο,112.4
2024-12-10,769195,Gouda Τριμμένη,16.4
2024-12-10,445968,JACOBS Εκλεκτός,24.5
2024-12-10,33017,TASSIMO Espresso Ristretto,69.8
2024-12-10,724613,MONSTER Energy Mango Loco,15.3
2024-12-10,10101,ΚΤΗΜΑ ΑΛΦΑ Λευκό,211.2
2024-12-10,772305,DIXAN Spring Fresh,84.6
2024-12-10,219563,LAYS Crackers Στο Φούρνο Ντομάτα,12.0
2024-12-10,769097,ΑΜΦΙΛΟΧΙΑΣ Γραβιέρα,149.0
2024-12-10,33035,MELITTA Compleat Υποκ- Κρέμας Σαντιγί,29.8
2024-12-10,724610,ARIZONA Πράσινο Με Μέλι,15.8
2024-12-10,729434,ΕΠΙΛΟΓΗ ΜΟΥ Για Ολους τους Τύπους,21.5
2024-12-10,743676,ΕΟΣ ΣΑΜΟΥ Ποικιλιακό Λευκό,85.7
2024-12-10,991199,ΚΡΙ ΚΡΙ Φράουλα (2+1) Δώρο,25.3
2024-12-10,772022,MISKO Πενάκι Ριγκάτε Τρικολόρε,17.4
2024-12-10,219564,LAYS Crackers Στο Φούρνο Πάπρικα,12.0
2024-12-10,772344,AJAX Ξύλο & Παρκέ,25.6
2024-12-10,221703,TESORI Hammam,37.3
2024-12-10,769191,Μοτσαρέλα Τριμμένη,19.9
2024-12-10,81001451,ΑΛΦΑ Χωρίς Αλκόολ Retro Φιάλη,10.1
2024-12-10,758258,VANISH Για Πλύσιμο Στο Χέρι,99.9
2024-12-10,724611,ARIZONA Πράσινο Με Ρόδι,14.9
2024-12-10,729433,ΕΠΙΛΟΓΗ ΜΟΥ Βαμμένα Μαλλιά,21.5
2024-12-10,771543,ΕΠΙΛΟΓΗ ΜΟΥ Κριτσίνια Ολικής Με Σουσάμι,9.8
2024-12-10,771899,ΔΕΛΤΑ Advance Φαρίν Λακτέ,22.3
2024-12-10,772226,PAUL BERNARD Demi Sec,41.9
2024-12-10,219614,CRISPY KING Καλαμπογκοφρέτες,14.2
2024-12-10,219779,ΟΡΕΙΝΕΣ ΦΑΡΜΕΣ Γραβιέρα Αγελάδος,24.9
2024-12-10,988218,ESSEX Touch,61.8
2024-12-10,217623,12 GODS Eus,39.6
2024-12-10,81002416,ΔΙΑΣ Μπύρα 4.5%,8.9
2024-12-10,44082,ΒΛΑΧΑ Με Αυγά,19.6
2024-12-10,728943,ΦΑΓΕ Total Στραγγιστό 2% (-0-50Ε),43.8
2024-12-10,729585,ELVIVE Extraordinary Oil,37.0
2024-12-10,772227,PAUL BERNARD Brut,41.9
2024-12-10,914305,ELITE Crackers Παρμεζάνα,15.0
2024-12-10,772345,AJAX 4σε1 Λεμόνι Αντλία,23.7
2024-12-10,772301,DIXAN Ocean,80.9
2024-12-10,217624,13 GODS Aphrodite,39.6
2024-12-10,769194,Gouda Light Σε Φέτες,29.8
2024-12-10,44243,MISKO Σπαγγέτι Νο6,8.5
2024-12-10,871318,ΛΟΥΞ Γκαζόζα (-0-60?),11.9
2024-12-10,728944,ΦΑΓΕ Total Στραγγιστό 5% (-0-50Ε),43.8
2024-12-10,729586,ELVIVE Dream Long,37.0
2024-12-10,760560,ΜΕΒΓΑΛ Lactose Free Με Ροδάκινο,17.6
2024-12-10,771545,ΕΠΙΛΟΓΗ ΜΟΥ Κριτσίνια Καλαμποκιού,14.5
2024-12-10,914306,ELITE Crackers Πατάτα Θυμάρι,15.0
2024-12-10,221716,SKIP Spring Fresh,119.8
2024-12-10,769198,Κεφαλοτύρι Τριμμένο,22.9
2024-12-10,745752,ILLY Iperespresso Lungo,105.0
2024-12-10,44513,ΒΛΑΧΑ Γλυκός,23.6
2024-12-10,729587,ELVIVE Colorvive,37.0
2024-12-10,771595,ΣΤΑΜΟΥ Κεφίρ,12.0
2024-12-10,771546,ΕΠΙΛΟΓΗ ΜΟΥ Κριτσίνια Πολύσπορα,16.0
2024-12-10,772321,DIXAN Spring Fresh,80.9
2024-12-10,772273,BIONOL Κρέμα Καθαρισμού,48.7
2024-12-10,219862,SALZA Bredo Rolls Pizza,7.5
2024-12-10,774380,ΑΛΛΙΩΤΙΚΟ Μαλαγ--Ασυρτ. Λευκό,95.0
2024-12-10,769094,ΑΜΦΙΛΟΧΙΑΣ Κεφαλογραβιέρα Π.Ο.Π,169.0
2024-12-10,81001207,L΄OR Espresso Hazelnut,51.2
2024-12-10,711640,ΜΠΕΛΑΣ Καπνιστό Τυρί Βερμίου,141.5
2024-12-10,729430,ΕΠΙΛΟΓΗ ΜΟΥ Extra Strong,26.5
2024-12-10,771596,ΣΤΑΜΟΥ Κεφίρ Με Κόκκινα Φρούτα,13.6
2024-12-10,772850,ΜΕΒΓΑΛ Frutomaniacs Μπανάνα (-0-80Ε),30.7
2024-12-10,218981,KLINEX Gel Ocean (-50%),17.8
2024-12-10,219974,CRISP CORN Τσιπς Καλαμποκιού με Αλάτι,9.0
2024-12-10,774381,ΑΛΛΙΩΤΙΚΟ Ημίξηρο Ροζέ,52.5
2024-12-10,420225,ΕΥΡΗΚΑ Υπερλευκαντικό (-1Ε),54.6
2024-12-10,81001208,L΄OR Colombia Decaf,48.9
2024-12-10,16333,ΟΛΥΜΠΟΣ Βιολογικό Ελαφρύ,23.5
2024-12-10,44527,ΜΕΛΙΣΣΑ,10.4
2024-12-10,744865,ΕΠΙΛΟΓΗ ΜΟΥ Κεφαλοτύρι Ελασσόνας,44.5
2024-12-10,772852,ΜΕΒΓΑΛ Frutomaniacs Φράουλα (-0-80Ε),30.7
2024-12-10,219975,CRISP CORN Τσιπς Καλαμποκιού με Πάπρικα,9.0
2024-12-10,774382,ΑΛΛΙΩΤΙΚΟ Ημίγλυκο Λευκό,50.5
2024-12-10,785512,TUBOFLO Αποφρακτικό,10.2
2024-12-10,964226,ΕΥΡΗΚΑ Express (-0-50Ε),23.6
2024-12-10,45816,ΜΕΛΙΣΣΑ Τρικολόρε,19.6
2024-12-10,51946,BECEL ProActiv Ημιαπ/νο 1.8% Λιπαρά,27.7
2024-12-10,712002,LUCOZADE Πορτοκάλι,12.5
2024-12-10,621789,Ι&Β 0.09% 450ml,5.5
2024-12-10,729832,SYOSS Repair Balm,109.1
2024-12-10,219985,ΠΑΠΑΔΟΠΟΥΛΟΥ Pick Mix (-0-50Ε),15.1
2024-12-10,774383,TRUFFLE HUNTER Leda Blush Ροζέ,69.3
2024-12-10,445394,ΕΥΡΗΚΑ Για Ευαίσθητες Επιδερμίδες,68.1
2024-12-10,67081,ΔΕΛΤΑ Advance,21.5
2024-12-10,710366,ΜΑΚΒΕΛ Σπαγγέτι Νο6,6.9
2024-12-10,92287,WELLAFLEX Heat Protection Extra Hold,38.5
2024-12-10,772904,ΕΠΙΛΟΓΗ ΜΟΥ Ultra Fresh,12.5
2024-12-10,270310,RICE UP BBQ,7.8
2024-12-10,774386,CONTENDA Grenache Ροζέ,49.0
2024-12-10,81003571,COSTA COFFEE Espresso Colombian Roast,84.7
2024-12-10,66859,ΝΟΥΝΟΥ Calci Plus,23.4
2024-12-10,13110,TUBORG Τόνικ,7.3
2024-12-10,948954,ΜΑΚΒΕΛ Λαζάνια,10.5
2024-12-10,92443,WELLAFLEX Shine & Hold,38.5
2024-12-10,771900,ΔΕΛΤΑ Advance Αχλάδι - Βερίκοκο,22.3
2024-12-10,749704,LAYS Pizza Hut,19.5
2024-12-10,774387,CONTENDA Sauvignon Blanc Λεύκο,49.0
2024-12-10,218014,ARIEL Alpine (1+1) Δώρο,112.4
2024-12-10,81003573,COSTA COFFEE Espresso Αλεσμένος Crema Blend,50.9
2024-12-10,67782,ΟΛΥΜΠΟΣ Βιολογικό Πλήρες,23.5
2024-12-10,749705,RUFFLES KFC,14.6
2024-12-10,774388,CONTENDA Merlot Ερυθρό,49.0
2024-12-10,217842,OMO Λεβάντα,39.9
2024-12-10,81003574,LAVAZZA Qualita Oro,115.8
2024-12-10,710762,ΟΛΥΜΠΟΣ Mεγαλώνω Κατσικίσιο Βιολογικό,33.7
2024-12-10,742153,ΚΡΙ ΚΡΙ Pj Masks Μπαν-Με Σοκ/κια -0.60,29.8
2024-12-10,729170,PLANET Καθαριστικό & Απολυμαντικό,41.0
2024-12-10,720330,COCA COLA Zero Sugar,46.7
2024-12-10,727124,ΜΕΒΓΑΛ HARMONY 1% Φράουλα (2+1)Δώρο,27.2
2024-12-10,875422,ΜΠΟΥΤΑΡΗ  Σημείο Στίξης Ερυθρό,71.1
2024-12-10,945153,WASA Delikate Thin Sea Salt,22.6
2024-12-10,218586,SKIP Trio Active Clean,83.9
2024-12-10,81005259,NESCAFE DOLCE GUSTO Kit Kat,65.8
2024-12-10,862920,ΟΛΥΜΠΟΣ Μεγαλώνω Αγελαδινό Βιολογικό,28.3
2024-12-10,44272,MISKO Κοφτό Μακαρονάκι Ολικής Άλεσης,13.6
2024-12-10,720328,COCA COLA,44.3
2024-12-10,772649,ΜΕΒΓΑΛ HARMONY 1% Λεμόνι (2+1)Δώρο,27.2
2024-12-10,906496,ΜΠΟΥΤΑΡΗ ΚΡΗΤΙΚΟΣ Ερυθρό,61.1
2024-12-10,218809,EXTRA Γαριδάκια με Φυστίκι,9.6
2024-12-10,988290,ADORO Με Cheddar,19.0
2024-12-10,81005299,L΄OR Imola Ristretto,49.7
2024-12-10,862921,ΟΛΥΜΠΟΣ Αγελάδος Freelact 1-5% Ελαφρύ,28.3
2024-12-10,729528,BREF Deluxe Magnolia,31.6
2024-12-10,772650,ΜΕΒΓΑΛ HARMONY Φρούτα Δάσους (2+1)Δώρο,27.2
2024-12-10,700358,CALLIGA Cabernet Ερυθρό,69.7
2024-12-10,218812,CHIPITA Αλάτι,9.6
2024-12-10,221715,OMINO BIANCO Nature Fresh,53.9
2024-12-10,81005300,L΄OR Espresso Maranello,49.7
2024-12-10,106091,STUDIO FX Special Extra Strong,51.9
2024-12-10,863484,ΕΒΟΛ Βιολογικό Κατσικίσιο 3-5%,20.2
2024-12-10,729529,BREF Blue Active Floral Duo,31.6
2024-12-10,774032,ΒΙΚΟΣ Cola (-0-30E),13.5
2024-12-10,772648,ΜΕΒΓΑΛ HARMONY Στρατσιατέλα (2+1)Δώρο,27.2
2024-12-10,988707,ΕΟΣ ΣΑΜΟΥ ΒΑΒΕΛ Ημιξήρο Ροζέ,98.8
2024-12-10,218813,CHIPITA Ρίγανη,9.6
2024-12-10,768971,Mix Gouda & Edam Τριμμένο,26.9
2024-12-10,81005301,L΄OR Espresso Beans Maranello,134.2
2024-12-10,107074,FRUCTIS Style Για Μπούκλες,39.6
2024-12-10,877182,ΔΕΛΤΑ μμμMilk Χωρίς Λακτόζη,28.5
2024-12-10,771920,DUCK Active Clean Marine (1+1),26.4
2024-12-10,772647,ΜΕΒΓΑΛ HARMONY Ροδάκινο (2+1)Δώρο,27.2
2024-12-10,219337,ΕΠΙΛΟΓΗ ΜΟΥ Τορτελίνια με Τυρί,18.5
2024-12-10,706464,FEVER TREE Ginger Beer,14.1
2024-12-10,218982,LAYS Τσίπς 50% Λιγότερο Αλάτι,19.5
2024-12-10,774575,CALLIGA Ασύρτικο Ροδίτης Λευκός,69.7
2024-12-10,768972,MILKY VALLEY Gouda,104.5
2024-12-10,219389,LENOR Unstoppables Gold Orchid,54.9
2024-12-10,81005313,BRISTOT Espresso Αλεσμένος Bio,85.0
2024-12-10,710764,ΟΛΥΜΠΟΣ Κατσικίσιο Freelact 1.5%,34.5
2024-12-10,711666,FEVER TREE Ginger Ale,14.1
2024-12-10,218814,EXTRA Πικάντικα Αστεράκια,9.6
2024-12-10,555829,CANTI Chardonnay Stelvin Λευκό,62.5
2024-12-10,768884,ΝΟΥΝΟΥ Gouda,33.5
2024-12-10,81000214,LENOR Relax Amethyst & Floral (1+1)Δ,61.1
2024-12-10,81005315,BRISTOT Arabica,122.0
2024-12-10,861891,SYOSS Max Hold,48.0
2024-12-10,67434,ΔΕΛΤΑ Advance Παιδικό Χωρίς Λακτόζη,25.3
2024-12-10,772316,ACTIVIA Τραγανή Απόλαυση,14.1
2024-12-10,774197,FEVER TREE Pink Grapefruit Soda,14.1
2024-12-10,218810,CHIPITA Τσιπς με Ρίγανη,5.8
2024-12-10,555830,CANTI Merlot Ερυθρό,62.5
2024-12-10,768885,MILNER Τυρί,38.1
2024-12-10,81000216,LENOR Ανοιξιάτικη Αύρα,41.2
2024-12-10,81005319,BRISTOT Φίλτρου Αλεσμένος,75.0
2024-12-10,873136,GARNIER COLOR SENSATION Νο 8-0 Φωτεινό Ξανθό Ανοιχτό,39.2
2024-12-10,772318,ACTIVIA Τραγανή Απόλαυση Μέλι Αμύγδαλα,13.9
2024-12-10,716172,BARILLA Πέννες Χωρίς Γλουτένη,37.1
2024-12-10,774325,FANTA Πορτοκαλάδα Μπλε,48.6
2024-12-10,218983,LAYS Τσιπς 0% Προσθήκη Αλατιού,19.5
2024-12-10,218946,KLINEX Φρεσκάδα Ωκεανού,17.5
2024-12-10,555831,CANTI Merlot Ροζέ,62.5
2024-12-10,769095,ΑΜΦΙΛΟΧΙΑΣ Κεφαλοτύρι,169.0
2024-12-10,81000217,LENOR Passion Jasmine & Rose,43.9
2024-12-10,81006315,STARBUCKS Toffee Nut Latte,23.9
2024-12-10,716296,FUZE Lemongrass Pet,44.7
2024-12-10,107799,WELLAFLEX Silk Finish & Hold,37.4
2024-12-10,704687,ΚΡΙ ΚΡΙ SCOOBY DOO Μπισκότο (-0-60Ε),32.2
2024-12-10,218811,CHIPITA Τσιπς με Αλάτι,5.8
2024-12-10,221707,BREF Blue Active Floral Trio,42.6
2024-12-10,260032,PAUL BERNARD Rose,45.0
2024-12-10,81000219,LENOR Relax Floral Bouquet,43.9
2024-12-10,82002618,BRISTOT Espresso Arabica,46.7
2024-12-10,716297,FUZE Peach & Hibiscus Pet,44.7
2024-12-10,705874,ΟΛΥΜΠΟΣ Βιολογικό Κατσικίσιο 3-7%,32.9
2024-12-10,725754,HD Πολύ Δυνατό Κράτημα,31.5
2024-12-10,772332,ΔΕΛΤΑ Απλά Στραγγάτο 5%,29.8
2024-12-10,218412,ΕΠΙΛΟΓΗ ΜΟΥ Λιγκουίνι,7.8
2024-12-10,555869,ΤΟ ΚΡΑΣΙ ΤΗΣ ΠΑΡΕΑΣ Λευκό Ημίγλυκο,42.0
2024-12-10,785509,ΕΥΡΗΚΑ Για Μάρμαρα και Πλακάκια,23.0
2024-12-10,81000385,LENOR Joy Gold Orchid (1+1)Δ,61.1
2024-12-10,67153,ΝΟΥΝΟΥ Kid,20.5
2024-12-10,710763,ΟΛΥΜΠΟΣ Βιολογικό Κατσικίσιο 1-7%,32.6
2024-12-10,772317,ACTIVIA Τραγανή Απόλαυση Δημητριακά,42.4
2024-12-10,218416,ΧΑΙΡΕΤΗΣ Τραχανάς Ξινόχοντρος,55.0
2024-12-10,555870,ΤΟ ΚΡΑΣΙ ΤΗΣ ΠΑΡΕΑΣ Ροζέ,37.4
2024-12-10,729476,OVERLAY Για Ξύλινα Πατώματα,26.2
2024-12-10,81000470,LENOR Fresh Ocean Escape,43.9
2024-12-10,727159,ΝΟΥΝΟΥ Family Χωρίς Λακτόζη,26.0
2024-12-10,725729,PANTENE Λάδι Μαλλιών,64.9
2024-12-10,527950,LAYS Λαχανικά,12.0
2024-12-10,743674,PINOT GRIZIO Blush Delle Venezie,69.6
2024-12-10,218144,ΜΕΛΙΣΣΑ Χρυσή Επιλογή Πέννες Ριγέ,12.7
2024-12-10,907509,WC NET Gel Extra White Λεμόνι,19.8
2024-12-10,81000473,LENOR Indulge Gold Orchid,43.9
2024-12-10,706502,DANONE Super Mario Φράουλα-Σοκολατά,23.3
2024-12-10,11545,SPRITE (5+1) Δώρο,37.0
2024-12-10,724353,ELVIVE Color Vive Purple,39.8
2024-12-10,727694,ΜΕΒΓΑΛ Only Lactose Free 1-5%,27.1
2024-12-10,727947,ΟΛΥΜΠΟΣ Καρπός Αμύγδαλο - Φράουλα,11.5
2024-12-10,218265,CRISP CORN Τυρί & Βασιλικός,20.0
2024-12-10,987591,TALLERO Prosecco Frizzante,74.9
2024-12-10,218145,ΜΕΛΙΣΣΑ Χρυσή Επιλογή Λιγκουίνι,11.1
2024-12-10,81000383,LENOR Fresh Ocean Escape,61.7
2024-12-10,13106,FANTA Λεμονίτα,7.5
2024-12-10,742862,ΔΕΛΤΑ Βιολογικό Του Τόπου Μας 1.5%,22.9
2024-12-10,982430,ELVIVE Full Resist,37.0
2024-12-10,774390,ASTIR Mati Fortuna Αγιωργίτικο,82.8
2024-12-10,217608,MCVITIES Smokey Barbeque,14.9
2024-12-10,13133,FANTA (3+1)Δώρο,15.6
2024-12-10,742863,ΔΕΛΤΑ Βιολογικό Του Τόπου Μας 3.7%,22.9
2024-12-10,218147,ΜΕΛΙΣΣΑ Χρυσή Επιλογή Σπαγγετόνι Νο6,11.1
2024-12-10,774391,ASTIR Mati Fortuna Μοσχοφίλερο,82.8
2024-12-10,217609,MCVITIES Sour Cream & Chive,14.9
2024-12-10,81000382,LENOR Passion Ruby Jasmine,61.7
2024-12-10,869152,ΒΙΚΟΣ Λεμονάδα,6.0
2024-12-10,728973,ΟΛΥΜΠΟΣ Μεγαλώνω Κατσικίσιο,30.2
2024-12-10,985498,SYOSS Deep Repair,26.9
2024-12-10,555959,SEMELI Piccolo Mondo Ροζέ,78.7
2024-12-10,217610,MCVITIES Thai Sweet Chili,14.9
2024-12-10,81000381,LENOR Passion Ruby Jasmine,61.7
2024-12-10,742341,STARBUCKS Toffee Nut Latte,44.0
2024-12-10,743001,ΟΛΥΜΠΟΣ Μεγαλώνω Αγελαδινό,23.5
2024-12-10,733480,SEMELI Piccolo Mondo Λευκό,78.7
2024-12-10,217573,TSAKIRIS Τσιίπς με Αλάτι,18.0
2024-12-10,81001975,ECOCLEAN Alpine 50μεζ.,44.5
2024-12-10,733267,ΗΒΗ Σόδα Λεμόνι,47.4
2024-12-10,745710,ΝΟΥΝΟΥ Βιολογικό Family Light,21.6
2024-12-10,900208,ΚΡΙ ΚΡΙ Αγελάδος 3-85%,37.3
2024-12-10,740159,BARILLA Τορτελίνι Prosciutto & Formagg,36.3
2024-12-10,733481,SEMELI Piccolo Mondo Ερυθρό,73.2
2024-12-10,217528,AGRINO Rice chips,13.4
2024-12-10,81001980,ECOCLEAN Άγρια Ορχιδέα,29.0
2024-12-10,13277,FANTA Λεμονίτα,7.3
2024-12-10,985600,ELVIVE Hydra Hyaluronic,66.3
2024-12-10,771204,ΟΛΥΜΠΟΣ Freelact 3-5% Πλήρες,28.3
2024-12-10,421852,PRONTO Για Παρκέ με Σαπούνι,35.5
2024-12-10,10206,ΚΤΗΜΑ ΠΑΛΥΒΟΥ Πετρ-Πλαγιές Λευκό,143.8
2024-12-10,217529,AGRINO Rice chips,13.4
2024-12-10,221785,ΜΑΚΒΕΛ Σπαγγέτι Νο6,12.5
2024-12-10,81001982,NEOKLEAN 45μεζ.,44.5
2024-12-10,422520,AJAX Kloron Λεμόνι 1+1 Δώρο,36.5
2024-12-10,733265,ΗΒΗ Σόδα,37.8
2024-12-10,774562,HIPRO Στρατσιατέλλα,10.8
2024-12-10,10211,ΚΤΗΜΑ ΠΑΛΥΒΟΥ Νεμέα Ερυθρό,130.2
2024-12-10,217530,AGRINO Rice chips,13.4
2024-12-10,81001786,CAJOLINE Gold Σανδαλόξυλο 80μεζ-,49.9
2024-12-10,985599,ELVIVE Hydra Hyaluronic,39.8
2024-12-10,749273,7UP Free,51.0
2024-12-10,875185,PLANET Crystal Ice,23.2
2024-12-10,555505,CHIC Raspberry,59.8
2024-12-10,217531,CHEETOS Flamin^ Hot,14.9
2024-12-10,81001787,CAJOLINE Λίλιουμ Φρούτα Δάσους 80μεζ-,49.9
2024-12-10,421781,FABULOSO Φρεσκάδα Λουλουδιών 1+1 Δώρο,33.2
2024-12-10,716177,ORZENE Dry Keratin Power,43.4
2024-12-10,972379,HELL Zero,8.4
2024-12-10,988260,ΠΑΠΟΥΤΣΑΝΗΣ ΚΑΡΑΒΑΚΙ Σαμπουάν Θρέψη & Ενυδάτωση,44.5
2024-12-10,877162,AJAX Classic Aντλία,19.7
2024-12-10,781780,SPRITE Zero,43.6
2024-12-10,774564,HIPRO Μπανάνα Φυστικοβούτυρο,10.8
2024-12-10,555506,CHIC Lychee,59.8
2024-12-10,217532,DORITOS Flamin^ Hot,14.9
2024-12-10,81001789,CAJOLINE Blue Boost 52μεζ-,33.9
2024-12-10,424689,AJAX FDFleur Λουλούδια Λίμνης 1+1 Δ,33.9
2024-12-10,193657,Κλάμερ Χταποδάκι Color Μεγάλο,17.5
2024-12-10,878024,ΕΥΡΗΚΑ Carpet Care Υγρό Σαμπουάν,71.3
2024-12-10,707814,ALPRO Ρόφημα Βρώμης,29.9
2024-12-10,152736,HELL Black Cherry,9.9
2024-12-10,964222,ΕΥΡΗΚΑ Baby (-3-00Ε),69.0
2024-12-10,706767,ΚΤΗΜΑ ΠΑΛΥΒΟΥ Bee Ημίγλυκο Ροζέ,121.5
2024-12-10,217533,RUFFLES Flamin^ Hot,14.9
2024-12-10,81001790,CAJOLINE Blue Fresh 52μεζ-,33.9
2024-12-10,718367,AJAX Kloron Lila 1+1 Δώρο,36.5
2024-12-10,771547,ΕΠΙΛΟΓΗ ΜΟΥ Μάσκα Μαλλιών,22.9
2024-12-10,153722,HELL Salted Caramel,12.0
2024-12-10,771929,HD Δυνατό Κράτημα,49.4
2024-12-10,528489,ΗΒΗ Pink Grapefruit (5+1)Δώρο,39.6
2024-12-10,771930,HD Πολύ Δυνατό Κράτημα,49.4
2024-12-10,772553,ALPRO High Protein Σοκολάτα,34.8
2024-12-10,746273,HELL Cappuccino,12.0
2024-12-10,81000103,LORENZ CHIPSLETTEN Sour Cream,27.5
2024-12-10,81001976,ECOCLEAN Λεβάντα,18.9
2024-12-10,81002370,SOUPLINE Βανίλια & Μανταρίνι 42μεζ-,35.0
2024-12-10,711573,BATISTE Dry  Original,56.2
2024-12-10,774043,ΒΙΚΟΣ Με Stevia (-0-30Ε),13.5
2024-12-10,81000163,TSAKIRIS Sticks Cup,20.9
2024-12-10,81001203,MISKO Πέννες με Πρωτεΐνη-Κουρκουμά,19.2
2024-12-10,81001977,ECOCLEAN Κεράσι,28.9
2024-12-10,772554,ALPRO High Protein,34.8
2024-12-10,774044,ΒΙΚΟΣ Cola Zero Sugar (-0-30E),13.5
2024-12-10,81000164,TSAKIRIS Sticks Cup,14.5
2024-12-10,81001205,MISKO Σπαγγέτι με Πρωτεΐνη-Κουρκουμά,19.2
2024-12-10,81001978,ECOCLEAN Αντλία,16.9
2024-12-10,772053,WELLAFLEX Dry Shampoo Wild Berry,48.1
2024-12-10,774131,ΒΙΚΟΣ Cola Stevia Slk Can,25.7
2024-12-10,81000486,ROCHE MAZET Cins Grenache Rose,29.5
2024-12-10,976382,AGRINO Ρυζογκοφρέτες Μίνι με Ρίγανη,10.6
2024-12-10,707909,AJAX Απολυμαντικό Clean Fresh 1+1 Δ,31.4
2024-12-10,774235,MONSTER Ultra Watermelon,15.3
2024-12-10,219603,ΕΠΙΛΟΓΗ ΜΟΥ Γάλα Χωρίς Λακτόζη,17.5
2024-12-10,729735,AJAX Λουλούδια Άνοιξης,19.9
2024-12-10,730605,MONSTER Pipeline Punch,15.3
2024-12-10,81000490,D^IFESTIA Moscato,44.6
2024-12-10,81002373,SOUPLINE Βανίλια & Μανταρίνι 42μεζ-,35.0
2024-12-10,725234,TRESEMME Biotin Repair,37.4
2024-12-10,985849,ELVIVE Hydra Hyaluronic,37.0
2024-12-10,862688,MONSTER Energy,51.2
2024-12-10,81001254,7DAYS Pizza,15.9
2024-12-10,984947,L΄OREAL Magic Retouch,55.4
2024-12-10,988536,EXCELLENCE Cr?me N-8.11,81.1
2024-12-10,555508,HELL Pomegranate Zero,9.9
2024-12-10,81001271,LAYS Τσιπς με Αλάτι,25.0
2024-12-10,81005697,NEOMAT Μαλαισιανή Ορχιδέα,49.0
2024-12-10,990154,L΄OREAL Magic Retouch,60.4
2024-12-10,555509,HELL Peach Lemon,9.9
2024-12-10,81001273,LAYS Τσιπς με Ρίγανη,25.0
2024-12-10,81005332,DIXAN Spring Fresh,56.3
2024-12-10,555410,TUBORG Mango Passion Fruit,28.1
2024-12-10,81005785,ΕΠΙΛΟΓΗ ΜΟΥ Χρωμοσυλλέκτες,18.8
2024-12-10,740338,TSAKIRIS Τσιπς με Αλάτι,12.0
2024-12-10,940912,SYOSS Oleo Intense N-9-10 Φωτ.Ξανθό,105.4
2024-12-10,774882,KERRYGOLD Regato,33.6
2024-12-10,555414,MONSTER Energy Drink,15.3
2024-12-10,725241,TRESEMME Biotin Repair,31.4
2024-12-10,940900,SYOSS Oleo Intense N-1-10 Εντ.Μαύρο,105.4
2024-12-10,740339,TSAKIRIS Waves Με Bbq,18.0
2024-12-10,422141,AJAX με Χλωρίνη (1+1) Δώρο,36.5
2024-12-10,555980,PRIME Ice Pop,17.9
2024-12-10,982915,BREF Deluxe Purple Moonflower Duo,31.6
2024-12-10,748366,CRISP CORN Καλαμπογκοφρέτες Jamon,20.0
2024-12-10,555981,PRIME Blue Raspberry,17.9
2024-12-10,757809,ALPRO Βανίλια,32.2
2024-12-10,940917,SYOSS Oleo Intense N-5-86 Μόκα,105.4
2024-12-10,11003,SPRITE Zero Pet,10.6
2024-12-10,757810,ALPRO Με Μαύρη Σοκολάτα,32.2
2024-12-10,81000232,MONSTER Gd Pineapple,15.3
2024-12-10,217561,TSAKIRIS Chips Sour Cream & Onion,18.0
2024-12-10,720136,SCHWARZKOPF Root Retouch Καστανό,67.6
2024-12-10,81000244,MONSTER Aussie Lem,15.3
2024-12-10,218266,CRISP CORN Τρούφα & Τυρί,21.0
2024-12-10,105041,EXCELLENCE Creme Νο 9 Natural Light Blond,74.6
2024-12-10,81000253,ΕΨΑ Γκαζόζα Lemon Lime (-0-30)Ε,10.1
2024-12-10,218269,ΠΑΠΑΔΟΠΟΥΛΟΥ Pick Mix,15.1
2024-12-10,944658,ΕΨΑ Πορτοκαλάδα Χωρίς Ανθρακικό,11.8
2024-12-10,105052,EXCELLENCE Creme Nο 5 Καστανό Ανοιχτό,74.6
2024-12-10,991281,ΕΨΑ Βυσσινάδα (5+1)Δ,46.5
2024-12-10,105034,EXCELLENCE Creme Nο 01 Υπερ Ξανθό Φυσικό,74.6
2024-12-10,806175,ΕΨΑ Πορτοκαλάδα Χωρίς Ανθρακικό,6.9
2024-12-10,105049,EXCELLENCE Creme Νο1 Black,74.6
2024-12-10,81000347,ΒΙΚΟΣ Πορτοκαλάδα Χ. Ανθρακικό(-10%),25.9
2024-12-10,105050,EXCELLENCE Creme Νο 3 Natural Dark Brown,74.6
2024-12-10,105060,EXCELLENCE Creme Νο 7-1 Ξανθό Σαντρέ,74.6
2024-12-10,700874,ΟΛΥΜΠΟΣ Στραγγιστό 2% (-0-60Ε),34.4
2024-12-10,105042,EXCELLENCE Creme Νο 9-1 Ξανθό Σαντρέ,74.6
2024-12-10,81000446,TUBORG Tonic (5+1)Δ,36.9
2024-12-10,105059,EXCELLENCE Creme Νο 7 Ξανθό,74.6
2024-12-10,774765,ΚΡΙ ΚΡΙ Στραγγιστό 2% (-0.70Ε),40.5
2024-12-10,769100,ΔΩΔΩΝΗ Plantd Κίτρινο,75.7
2024-12-10,105056,EXCELLENCE Creme Nο 6 Ξανθό Σκούρο,74.6
2024-12-10,774920,ΦΑΓΕ Αγελαδίτσα 2% Χωρίς Λακτόζη,26.0
2024-12-10,874955,ΕΨΑ Με Ανθρακ-Zero Kουτί,8.1
2024-12-10,81005530,DIROLLO Classic,34.9
2024-12-10,704169,EXCELLENCE Creme Νο 10-21 Καστ/νθο Περλέ,74.6
2024-12-10,944651,ΕΨΑ Λεμονάδα,6.6
2024-12-10,81005538,ΒΟΣΚΟΤΟΠΙ Γραβιέρα Αγελάδος,119.6
2024-12-10,105061,EXCELLENCE Creme Νο 8 Ξανθό Ανοιχτό,74.6
2024-12-10,774942,ΚΡΙ ΚΡΙ Στραγγιστό 5% (-0.70Ε),40.5
2024-12-10,944654,ΕΨΑ Πορτοκαλάδα Με Ανθρακικό,6.9
2024-12-10,81005554,ΛΟΓΑΔΙ Σε φέτες,55.9
2024-12-10,910492,EXCELLENCE Creme Νο 0-3 Υπέρ Ξανθό Σαντρέ,74.6
2024-12-10,81000339,ΒΙΚΟΣ Πορτοκαλάδα (-10%),32.4
2024-12-10,990936,ΣΦΑΚΙΑΝΕΣ ΜΑΔΑΡΕΣ Γραβιέρα Κρήτης Π.Ο.Π,39.8
2024-12-10,105062,EXCELLENCE Creme Νο 8-1 Ανοιχτό Σαντρέ,74.6
2024-12-10,804935,ΕΨΑ Κουτί,28.6
2024-12-10,81001298,ΕΨΑ Γκαζόζα Lemon Lime (5+1)Δ,37.5
2024-12-10,853069,ΔΙΒΑΝΗΣ Light,147.0
2024-12-10,966056,PANTENE Rose Water (1+1)Δώρο,69.9
2024-12-10,81001541,ΛΟΥΞ Μπλέ pet,36.1
2024-12-10,768950,ΔΕΛΤΑ Advance Λευκό,17.9
2024-12-10,81001542,ΛΟΥΞ Pet,45.6
2024-12-10,705916,GRANA PADANO Flakes,33.8
2024-12-10,768953,ΔΕΛΤΑ Του Τόπου Μας 2%,23.8
2024-12-10,81001543,ΛΟΥΞ Pet,45.6
2024-12-10,219066,PANTENE Hs extra Δυνατό Κράτημα,42.8
2024-12-10,768954,ΔΕΛΤΑ Του Τόπου Μας 10%,23.8
2024-12-10,81001307,GREEN MOCKTAILS Passion Fruit,28.0
2024-12-10,219070,PANTENE Τέλειες Μπούκλες,42.8
2024-12-10,768961,ΝΟΥΝΟΥ Powerbowl Μπανάνα Βρώμη 2%,29.8
2024-12-10,219071,PANTENE Pre Styler 5in1 Miracle,58.4
2024-12-10,768962,ΝΟΥΝΟΥ Powerbowl Μπισκότο Chia 2%,29.8
2024-12-10,777841,WASH & GO Χαμομήλι Normal,36.8
2024-12-10,777842,WASH & GO Classic 2in1,36.8
2024-12-10,219376,BOTANIC Therapy Charcoal,30.2
2024-12-10,768967,ΚΡΙ ΚΡΙ Super Spoon Active Ακτινίδιο,29.8
2024-12-10,500639,SYOSS Renew,34.6
2024-12-10,707914,SYOSS Beauty Elixir,98.0
2024-12-10,769063,ΔΕΛΤΑ Advance Λευκό,20.1
2024-12-10,729052,BOTANIC THERAPY Avocado Oil & Shea Butter,48.5
2024-12-10,877039,ELVIVE Λάδι Extraordinary,71.7
2024-12-10,948996,GLISS Supreme Length,32.4
2024-12-10,81000117,ΜΕΒΓΑΛ High Protein Μπανάνα,22.9
2024-12-10,965690,SYOSS Keratin,26.9
2024-12-10,966376,ELVIVE Dream Long,66.3
2024-12-10,966417,ELVIVE Dream Long,53.8
2024-12-10,81003856,MADAME DUMONT Brut Blanc De Blancs,49.9
2024-12-10,81003888,ΜΑΓΙΚΟ ΚΟΥΤΙ Ξηρός Ασκός,74.9
2024-12-10,771295,ΚΑΡΑΒΑΚΙ Λάμψη και Ζωντάνια,44.5
2024-12-10,81003889,ΜΑΓΙΚΟ ΚΟΥΤΙ Ξηρός Ασκός,64.9
2024-12-10,521742,PALETTE ICC 12-21 Κατάξανθο Φυμέ Σαντρ,35.4
2024-12-10,81000018,ΕΨΑ Yuzu Cola (5+1) Δώρο,41.9
2024-12-10,81003890,ΜΑΓΙΚΟ ΚΟΥΤΙ Ξηρός Ασκός,65.9
2024-12-10,723225,PALETTE Icc Elle 7-87 Εντονο Χάλκινο,35.4
2024-12-10,81000029,ΕΨΑ Orange Cola (5+1) Δώρο,41.9
2024-12-10,81003891,ΚΟΡΥΦΗ,12.9
2024-12-10,527815,PALETTE ICC 6-1 Ξανθό Σκούρο Σαντρέ,35.4
2024-12-10,81000040,ΕΨΑ Ιβίσκος (5+1) Δώρο,38.1
2024-12-10,527819,PALETTE ICC 7-77 Ξανθό Εντονο Χάλκινο,35.4
2024-12-10,81000042,ΕΨΑ Πορτοκάλι Γιασεμί (5+1) Δώρο,38.1
2024-12-10,10736,ΑΡΓΥΡΟΥ Σαντορίνη Ασύρτικο Λευκό,285.2
2024-12-10,81003107,PRIME Strawberry Waterm.,17.9
2024-12-10,852300,KOLESTON Kit 5/3 Ζεστό Καστανό,54.0
2024-12-10,81000035,ΕΨΑ Pink Grapefruit & Lemon (5+1),38.9
2024-12-10,706252,ΛΑΖΑΡΙΔΗ ΜΑΥΡΟ ΠΡΟΒΑΤΟ Ροζέ,145.7
2024-12-10,852301,KOLESTON Kit 5/75 Ελκυστικό Καστανό,54.0
2024-12-10,960978,SCHWARZKOPF Men Perfect Καστανό Σκούρο,98.4
2024-12-10,725914,LE PETIT MARSEILLAIS Mε Βιολ-Καλέντουλα&Αργκάν,24.0
2024-12-10,965636,PALETTE Semi Set No 10-19,35.4
2024-12-10,869150,ΒΙΚΟΣ Πορτοκαλάδα,6.0
2024-12-10,869151,ΒΙΚΟΣ Πορτοκαλάδα Μπλε,6.0
2024-12-10,81006303,MERLOT Ξηρός Π.Γ.Ε. Πελ/σου,37.5
2024-12-10,81005444,TUVUNU Μέλι & Λεμόνι Can,24.9
2024-12-10,81006305,PENTHEAS Ξήρο Ασύρτικο Π.Γ.Ε.,39.5
2024-12-10,218915,WASH & GO Fortifying 2in1,36.8
2024-12-10,81006020,KABISA 100% Real Energy,6.0
2024-12-10,81006306,PENTHEAS ΜΑΝΤΙΝΕΙΑ Ξηρό ΠΟΠ,39.5
2024-12-10,527817,PALETTE ICC 9-1 Ξανθό Ανοιχτό Σαντρέ,35.4
2024-12-10,81006309,ΝΑΟΥΣΑ ΞΙΝΟΜΑΥΡΟ Ερυθρός Ξηρός ΠΟΠ,44.9
2024-12-10,81006311,ΞΙΝΟΜΑΥΡΟ Ξηρός,44.9
2024-12-10,11084,SPRITE Zero,7.7
2024-12-10,81006312,Κ Ξηρός Αγιωργίτικο,33.9
2024-12-10,81006314,Κ Ξηρός Μαλαγουζιά Π.Γ.Ε.,44.9
2024-12-10,81006316,Κ Ημίγλυκος Νεμέα ΠΟΠ,38.5
2024-12-10,81006318,Κ Ξηρός Νεμέα ΠΟΠ,35.8
2024-12-10,81006319,ΠΟΙΚΙΛΙΑΚΟΣ Ξηρός Merlot-Syrah,33.5
2024-12-10,774223,FANTA Λεμονάδα Κουτί,44.9
2024-12-10,81006320,ΠΟΙΚΙΛΙΑΚΟΣ Ξηρός Ροδίτης-Merlot,32.9
2024-12-10,81007794,COCA COLA Original Taste,189.9
2024-12-10,81006321,ΠΟΙΚΙΛΙΑΚΟΣ Ξηρός Ροδιτής-Μοσχοφίλερο,32.9
2024-12-10,81007796,COCA COLA Zero,197.9
2024-12-10,12472,RED BULL,17.9
2024-12-10,102404,NOXZEMA Classic,54.3
2024-12-10,103057,NIVEA Rich Nourishing,64.0
2024-12-10,104625,VASELINE Original,37.9
2024-12-10,112521,VEET Προσώπου Με Κρύο Κερί,62.9
2024-12-10,112508,VEET Ποδιών Με Κρύο Κερί Sens-Skin,80.9
2024-12-10,112507,VEET Ποδιών Με Κρύο Κερί Norm-Skin,80.9
2024-12-10,12884,KAISER Μπύρα Pilsner,83.4
2024-12-10,129031,FORKAL Domenico Με Λάστιχο,13.3
2024-12-10,128845,ΚΡΗΤΙΚΟΣ Για Μασάζ,4.6
2024-12-10,12942,ΗΒΗ Go Yellow Φρουτοποτό,7.2
2024-12-10,129372,LE PETIT MARSEILLAIS Spray,42.2
2024-12-10,13054,AMITA Πορτοκάλι Βερίκοκο Μήλο,12.9
2024-12-10,13432,ΚΥΚΝΟΣ Φιάλη,23.9
2024-12-10,13258,ST- DALFOUR Φράουλα,48.9
2024-12-10,14217,ΙΟΛΗ (5+1)Δώρο,19.9
2024-12-10,13431,AMITA Βύσσινο,8.4
2024-12-10,16058,BONNE MAMAN Βερίκοκο,44.9
2024-12-10,16059,BONNE MAMAN Φράουλα,44.9
2024-12-10,16055,BONNE MAMAN Πορτοκάλι,44.9
2024-12-10,16057,BONNE MAMAN Ροδάκινο,44.9
2024-12-10,16252,BONNE MAMAN 4 Φρούτα,48.5
2024-12-10,16210,ST- DALFOUR Ροδάκινο,53.0
2024-12-10,16308,ΖΩΓΡΑΦΟΣ Δαμάσκηνο Με Φρουκτόζη,32.5
2024-12-10,16310,ΖΩΓΡΑΦΟΣ Φράουλα Με Φρουκτόζη,32.5
2024-12-10,16099,BONNE MAMAN Κεράσι,48.5
2024-12-10,16476,ST- DALFOUR Με 4 Φρούτα,53.0
2024-12-10,16536,ΠΑΥΛΙΔΗΣ Υγείας Με Κακάο,19.8
2024-12-10,16514,ΑΝΑΤΟΛΗ Σόδα,18.5
2024-12-10,16537,LACTA Lov^it Οreo,18.5
2024-12-10,16788,GRAN CEREALE Μπισκότα,22.6
2024-12-10,16847,ST- DALFOUR Πορτοκάλι,53.0
2024-12-10,19091,GUM ON Jelly Beans,9.6
2024-12-10,19020,MALTESERS,11.0
2024-12-10,19081,FERRERO ROCHER Πραλίνες 16τεμ-,59.9
2024-12-10,19056,MENTOS Pure Fresg Wintergreen,14.1
2024-12-10,19101,M&M΄S Φστίκι,7.9
2024-12-10,19574,MENTOS Fruit,9.3
2024-12-10,19173,PEZ Καρτέλα,22.3
2024-12-10,19554,MENTOS Mint,9.3
2024-12-10,197072,HELLMANN΄S Real Squeezy,35.0
2024-12-10,197067,HELLMANN΄S Light,32.8
2024-12-10,19646,MENTOS Pure White Δυόσμος,32.9
2024-12-10,197079,HELLMANN΄S Real,50.4
2024-12-10,19919,MALTESERS,30.3
2024-12-10,197076,HELLMANN΄S Real,20.5
2024-12-10,197077,HELLMANN΄S Real,33.9
2024-12-10,197997,HELLMANN΄S Light,18.7
2024-12-10,198714,KOKLIKO Party,21.8
2024-12-10,19954,MARS,11.0
2024-12-10,19997,M&M΄S Choco,7.9
2024-12-10,20947,ORBIT Spearmint,29.9
2024-12-10,20942,ORBIT Professional White Spearmint,29.9
2024-12-10,211507,KOKLIKO Πιάτα 20εκ-,26.4
2024-12-10,212311,DECORATA Crystal,22.7
2024-12-10,23513,ΓΙΩΤΗΣ,13.8
2024-12-10,23414,ΓΙΩΤΗΣ Σοκολάτα,28.5
2024-12-10,23799,ΑΦΟΙ Ι- ΛΑΜΠΟΥ Μελάτο Καλαμάτας Χωρίς Ζάχ-,12.5
2024-12-10,23813,AFAIA Με φιστίκι,16.5
2024-12-10,23812,ΑΦΟΙ Ι- ΛΑΜΠΟΥ Τραγανό Καλαμάτας,9.0
2024-12-10,24003,ΑΤΤΙΚΗ Πίττας Κλασικό,48.3
2024-12-10,24001,ΑΤΤΙΚΗ Πίττας Κλασικό,149.2
2024-12-10,25003,ΓΙΩΤΗΣ Κεράσι Χωρίς Ζάχαρη,13.7
2024-12-10,24125,ΑΤΤΙΚΗ Πίττας Κλασικό,28.6
2024-12-10,23920,AFAIA Τραγανό Με Σουσ-&Φιστ. Αιγίνης,14.2
2024-12-10,25072,ΓΙΩΤΗΣ Ανανάς - Οικ-Συσκ.,17.0
2024-12-10,25070,ΓΙΩΤΗΣ Μπανάνα - Οικ-Συσκ.,17.0
2024-12-10,25071,ΓΙΩΤΗΣ Φράουλα - Οικ-Συσκ.,17.0
2024-12-10,25144,ΓΙΩΤΗΣ Φράουλα Χωρίς Ζάχαρη,13.7
2024-12-10,27006,ΓΙΩΤΗΣ Σοκολάτα,5.4
2024-12-10,25054,ΓΙΩΤΗΣ Σε Φύλλα Χωρίς Γλουτένη,13.8
2024-12-10,25020,ΓΙΩΤΗΣ Ανανάς Χωρίς Ζάχαρη,13.7
2024-12-10,27001,ΓΙΩΤΗΣ Στιγμής - Φάκελος,14.4
2024-12-10,27005,ΓΙΩΤΗΣ Βανίλια,15.5
2024-12-10,25074,ΓΙΩΤΗΣ Κεράσι - Οικ-Συσκ.,17.0
2024-12-10,27000,ΓΙΩΤΗΣ Στιγμής Φράουλα,10.1
2024-12-10,27012,ΓΙΩΤΗΣ,14.3
2024-12-10,25955,ΓΙΩΤΗΣ Λεμόνι - Οικ-Συσκ.,17.0
2024-12-10,27010,ΓΙΩΤΗΣ Στιγμής Σοκολάτα,11.3
2024-12-10,27008,ΓΙΩΤΗΣ Στιγμής Βανίλια,9.7
2024-12-10,27009,ΓΙΩΤΗΣ Βανίλια,4.7
2024-12-10,28031,ΓΙΩΤΗΣ Στιγμής 3 Φακελάκια,9.9
2024-12-10,28026,ΓΙΩΤΗΣ,19.0
2024-12-10,28000,ΓΙΩΤΗΣ,19.0
2024-12-10,28060,ΑΛΛΑΤΙΝΗ (2+1)Δώρο,4.7
2024-12-10,31854,TSANOS Κουλουράκια Μούστου Μαλακά,31.5
2024-12-10,31605,ΠΑΠΑΔΟΠΟΥΛΟΥ Πτι Μπερ Ολικής Άλεσης,12.7
2024-12-10,39002,ΙΟΝ Κακάο,14.0
2024-12-10,40001,LIPTON Μαύρο Τσάι Yellow Label,13.6
2024-12-10,400006,PEDIGREE Πατέ Μοσχάρι,24.9
2024-12-10,400060,PEDIGREE Biscrok Original,39.9
2024-12-10,40016,LIPTON Μαύρο Τσάι Yellow Label,13.9
2024-12-10,400189,FRISKIES Κουνέλι-Κοτόπουλο-Λαχανικά,28.5
2024-12-10,400252,PEDIGREE Πατέ Πουλερικά,22.4
2024-12-10,39756,NESQUIK Ρόφημα Κακάο,21.7
2024-12-10,400174,WHISKAS Πατέ Κοτόπουλο,21.6
2024-12-10,400085,PEDIGREE Markies,39.9
2024-12-10,400650,PEDIGREE Πατέ Μοσχάρι&Συκώτι,23.2
2024-12-10,400628,PEDIGREE Πατέ Kοτόπουλο&Μοσχάρι,21.7
2024-12-10,40068,TWININGS Πράσινο Τσάι Green Pure,58.9
2024-12-10,40014,LIPTON Χαμομήλι,9.6
2024-12-10,400509,FRISKIES Balance Κοτόπουλο&Λαχανικά,60.7
2024-12-10,401057,FRISKIES Βοδινό-Κοτόπουλο-Λαχανικά,100.4
2024-12-10,401556,GOURMET Gold Πατέ Κουνέλι,6.5
2024-12-10,401326,FRISKIES Active Με Βοδινό,60.7
2024-12-10,401588,FRISKIES Junior Κοτόπουλο&Λαχανικά,74.2
2024-12-10,401855,FRISKIES Βοδινό-Κοτόπουλο-Συκώτι,28.5
2024-12-10,401804,GOURMET Gold Σολομός&Κοτόπουλο,6.5
2024-12-10,40421,TWININGS Μαύρο Τσάι Εnglish Breakfast,28.9
2024-12-10,401972,GOURMET Gold Μους Κοτόπουλο,6.5
2024-12-10,40285,ΕΥΡΙΠΟΣ Χαμομήλι 10 φάκελα,9.7
2024-12-10,40428,LIPTON Μαύρο Τσάι Βανίλια - Καραμέλα,20.9
2024-12-10,40362,ΕΥΡΙΠΟΣ Τσάι Βουνού 10 φακελάκια,18.4
2024-12-10,40433,LIPTON Μαύρο Τσάι Φρούτα Του Δάσους,20.9
2024-12-10,401805,GOURMET Gold Μους Μοσχάρι Για Γατάκια,6.5
2024-12-10,401876,GOURMET Gold Μους Ψάρια Ωκεανού,6.5
2024-12-10,401991,FRISKIES Κοτόπουλο-Γαλοπούλα-Ελιές,108.0
2024-12-10,40420,TWININGS Μαύρο Τσάι Earl Grey,32.5
2024-12-10,405002,SANITAS,18.4
2024-12-10,405006,SANITAS,38.3
2024-12-10,40434,LIPTON Μαύρο Τσάι Λεμόνι,32.2
2024-12-10,405127,SANITAS Μικρό Με Καπάκι,19.5
2024-12-10,406035,SANITAS Διαφανής,16.2
2024-12-10,40865,LIPTON Πράσινο Τσάι Exotic Orient,28.5
2024-12-10,40864,LIPTON Χαμομήλι,12.8
2024-12-10,40580,ΕΥΡΙΠΟΣ Φασκόμηλο,13.9
2024-12-10,407138,SANITAS Bake,16.7
2024-12-10,40858,ΕΥΡΙΠΟΣ Τσάι Βουνού,29.7
2024-12-10,40866,QUAKER Νιφάδες Βρώμης,28.4
2024-12-10,41001,KELLOGG΄S Corn Flakes,38.5
2024-12-10,41033,QUAKER Νιφάδες Βρώμης,31.9
2024-12-10,41079,KELLOGG΄S Special K,45.9
2024-12-10,41255,NESTLE Cheerios Με Μέλι,28.7
2024-12-10,41300,Χοιρινό Μπούτι Α/Ο Ελληνικό,82.5
2024-12-10,41504,Κουνέλι Ρεθύμνου,98.0
2024-12-10,41512,NESTLE Fitness Fruits,48.2
2024-12-10,41553,KELLOGG΄S All Bran Plus,53.9
2024-12-10,41666,NESTLE Fitness Chocolate,52.9
2024-12-10,41766,NESTLE Nesquik,26.9
2024-12-10,41503,NESTLE Fitness Σοκολάτα,38.9
2024-12-10,41573,Πανσέτα Χοιρινή Μ/Ο Μ/Δ Ολλανδίας,58.5
2024-12-10,41669,Χοιρινή Πανσέτα Μ/Ο Ελληνική,71.5
2024-12-10,41715,NESTLE Cookie Crisp,29.9
2024-12-10,41656,NESTLE Fitness Dark Chocolate,52.9
2024-12-10,42017,RIO MARE Σε Λάδι,63.0
2024-12-10,42092,TRATA,18.4
2024-12-10,42094,TRATA Τομάτας,19.8
2024-12-10,42088,TRATA Πικάντικες,18.4
2024-12-10,42118,RIO MARE Σε Νερό,79.8
2024-12-10,42203,RIO MARE Σε Λάδι,18.8
2024-12-10,42202,RIO MARE Σε Νερό,18.8
2024-12-10,42260,RIO MARE Σε Λάδι,31.5
2024-12-10,423751,SWIFFER Για Ξύλο-Παρκέ & Αντ/κά Παν-,39.9
2024-12-10,43015,ΠΑΛΙΡΡΟΙΑ Γίγαντες Γιαχνί,25.9
2024-12-10,43033,ΜΠΑΡΜΠΑ ΣΤΑΘΗΣ Αρακάς Βιολογικής Καλλιέργειας,42.8
2024-12-10,43034,ΜΠΑΡΜΠΑ ΣΤΑΘΗΣ Φασολάκια Στρογγυλά Βιολογικά,41.2
2024-12-10,42996,RIO MARE Φιλέτο Σε Βάζο,69.8
2024-12-10,43132,TRATA Αιγαίου Ριγανάτος,21.9
2024-12-10,43144,HEINZ,19.0
2024-12-10,43930,UNICHAMP Κομμένα (2+1) Δώρο,36.6
2024-12-10,44401,ΜΕΛΙΣΣΑ Ολικής Αλεσης,27.0
2024-12-10,44616,ΒΛΑΧΑ Τραχανάς Ξινός,25.2
2024-12-10,46903,BEN΄S Ρύζι Parboiled Σε 20΄,22.4
2024-12-10,46959,AGRINO Κομμένο Masky,27.2
2024-12-10,47312,3ΑΛΦΑ Φασόλια Χονδρά,37.4
2024-12-10,47150,3ΑΛΦΑ Φασόλια Γίγαντες,43.6
2024-12-10,470010,MILUPA Χαμομήλι,50.2
2024-12-10,47320,3ΑΛΦΑ Φακές Ψιλές,17.8
2024-12-10,47026,3ΑΛΦΑ Σίτάρι Αποφλοιωμένο Λάρισας,17.5
2024-12-10,47317,3ΑΛΦΑ Φακές Ψιλές Λάρισας,22.8
2024-12-10,47314,3ΑΛΦΑ Φασόλια Μέτρια,25.3
2024-12-10,47010,ΜΠΑΡΜΠΑ ΣΤΑΘΗΣ Φασολάκια Πλατιά Βιολογικά,44.0
2024-12-10,47322,3ΑΛΦΑ Ρεβύθια Χονδρά,25.9
2024-12-10,47323,3ΑΛΦΑ Ρεβύθια Αποφλοιωμένα,38.0
2024-12-10,47318,3ΑΛΦΑ Φασόλια Μαυρομάτικα,29.5
2024-12-10,47662,AGRINO Ρεβίθια Χονδρά,29.7
2024-12-10,47621,AGRINO Φακές Ψιλές,22.1
2024-12-10,47198,3ΑΛΦΑ Φακές Χονδρές,19.9
2024-12-10,47319,3ΑΛΦΑ Ρεβίθια Χονδρά ΟΕΠ,36.6
2024-12-10,47622,AGRINO Φακές Ψιλές Φαρσάλων,24.6
2024-12-10,48009,MAC MAGIC Ξηρή,6.5
2024-12-10,485002,Οδοντογλυφίδες,9.9
2024-12-10,485005,KOKLIKO Βαζάκι,16.4
2024-12-10,49018,ΟΛΥΜΠΟΣ Χαλβάς Κακάο,69.5
2024-12-10,49060,ΜΑΚΕΔΟΝΙΚΟ Ταχίνι με Κακάο,38.7
2024-12-10,49048,ΜΑΚΕΔΟΝΙΚΟ Ταχίνι με Μέλι,44.0
2024-12-10,48772,ΑΦΟΙ ΧΑΪΤΟΓΛΟΥ Σησάμι Αποφλοιωμένο Ημιψημένο,28.9
2024-12-10,49016,ΟΛΥΜΠΟΣ Χαλβάς Βανίλια,69.5
2024-12-10,49561,ΜΑΚΕΔΟΝΙΚΟ Ταχίνι με Πορτοκάλι,38.3
2024-12-10,49636,ΜΑΚΕΔΟΝΙΚΟΣ Βανίλια,8.4
2024-12-10,49020,ΜΑΚΕΔΟΝΙΚΟ Ταχίνι,34.9
2024-12-10,49584,ΟΛΥΜΠΟΣ Χαλβάς με Αμύγδαλα,75.2
2024-12-10,49557,ΜΑΚΕΔΟΝΙΚΟ Ταχίνι Ολικής Άλεσης,36.0
2024-12-10,50116,ΠΑΠΑΔΗΜΗΤΡΙΟΥ,22.3
2024-12-10,49637,ΜΑΚΕΔΟΝΙΚΟΣ Κακάο,8.4
2024-12-10,503248,ΙΟΝ Σοκοφρέτα Φράουλα,5.7
2024-12-10,531406,ΠΑΠΑΔΟΠΟΥΛΟΥ Cookies Μini Σοκολάτας,8.2
2024-12-10,51979,BECEL ProActiv Extra Light,31.1
2024-12-10,530155,ΑΛΛΑΤΙΝΗ Goody Μπισκότα Κανέλας,13.4
2024-12-10,531154,ΠΑΠΑΔΟΠΟΥΛΟΥ Μπισκότα Μιράντα,15.4
2024-12-10,531609,ΑΛΛΑΤΙΝΗ Cookies με Κομμάτια Σοκολάτας,12.0
2024-12-10,530119,OREO Μπισκότα Βανίλια,14.9
2024-12-10,530088,ΠΑΠΑΔΟΠΟΥΛΟΥ Μπισκότα Γεμιστά με Βανίλια,10.9
2024-12-10,53069,TOP,19.6
2024-12-10,531178,CAPRICE Πουράκια Κλασσικά Σοκολάτα,36.4
2024-12-10,530358,ΠΑΠΑΔΟΠΟΥΛΟΥ Μπισκότα Μιράντα Ολικής Άλεσης,16.5
2024-12-10,531230,KINDER Bueno,10.1
2024-12-10,531093,ΠΑΠΑΔΟΠΟΥΛΟΥ Cookies Κακάο & Κομ- Σοκολάτας,15.1
2024-12-10,532073,MASCOT Μπισκότα Σοκολάτα Φράουλα,14.7
2024-12-10,531170,ΠΑΠΑΔΟΠΟΥΛΟΥ Μπισκότα Γεμιστά με Σοκολάτα,10.6
2024-12-10,531407,ΠΑΠΑΔΟΠΟΥΛΟΥ Cookies Mini Διπλή Σοκολάτα,8.2
2024-12-10,531197,ΠΑΠΑΔΟΠΟΥΛΟΥ Πουράκια Κλασσικά Σοκολάτα,15.5
2024-12-10,53251,ΠΑΡΟΣ Σπέσιαλ,9.4
2024-12-10,531626,ΠΑΠΑΔΟΠΟΥΛΟΥ Crackers Mini Classic,7.2
2024-12-10,531179,ΠΑΠΑΔΟΠΟΥΛΟΥ Μπισκότα Choco Orange,19.1
2024-12-10,531403,CAPRICE Πουράκια με Μαύρη Σοκολάτα,32.9
2024-12-10,531488,ΠΑΠΑΔΟΠΟΥΛΟΥ Μπισκότα Γεμιστά με Λεμόνι,10.9
2024-12-10,532935,ΠΑΠΑΔΟΠΟΥΛΟΥ Digestive,17.1
2024-12-10,531744,ΑΛΛΑΤΙΝΗ Cookies Κακάο & Κομ- Σοκολάτας,12.0
2024-12-10,531588,ΠΑΠΑΔΟΠΟΥΛΟΥ Μπισκότα Γεμιστά με Μπανάνα,10.9
2024-12-10,58004,Ελιές Θάσου Θρούμπα Χύμα,63.5
2024-12-10,531667,ΠΑΠΑΔΟΠΟΥΛΟΥ Γεμιστά Μπισκότα Πορτοκάλι,10.9
2024-12-10,531634,CAPRICE Πουράκια Κλασσικά Σοκολάτα,29.4
2024-12-10,531958,ΠΑΠΑΔΟΠΟΥΛΟΥ Μπισκότα Γεμιστά με Φράουλα,10.9
2024-12-10,532948,MCVITIES Digestive 30% Λιγότερα Λιπαρά,19.1
2024-12-10,53252,TOP Pet,8.8
2024-12-10,532945,ΠΑΠΑΔΟΠΟΥΛΟΥ Digestive,25.1
2024-12-10,59005,ΚΑΛΑΣ,11.9
2024-12-10,58033,Ελιές Χαλκιδικής με Πιπεριές Χύμα,72.5
2024-12-10,59027,ΚΑΛΑΣ Light,20.7
2024-12-10,61227,MAILLE Dijon,33.2
2024-12-10,532922,OREO Μπισκότα Mini με Κρέμα,19.8
2024-12-10,59031,ΗΡΑ Ψιλό,11.6
2024-12-10,59242,ΚΑΛΑΣ,32.5
2024-12-10,57018,COLOSAL Ελιές Καλαμών,53.0
2024-12-10,58002,Ελιές Μαύρες Χύμα,69.5
2024-12-10,60021,HEINZ Σε Μαλακό Μπουκάλι,21.4
2024-12-10,59013,ΝΙΚΗ,4.0
2024-12-10,62484,BARILLA Bolognese,34.5
2024-12-10,60000,HEINZ,30.8
2024-12-10,62669,KNORR 4 τυριά,25.9
2024-12-10,61075,HELLMANN΄S Πικάντικη,29.2
2024-12-10,61076,HELLMANN΄S Απαλή,45.6
2024-12-10,62925,MAGGI Κότας,11.5
2024-12-10,61906,BARILLA Pesto Rosso,33.4
2024-12-10,62335,KIKKOMAN Teriyaki,59.3
2024-12-10,62543,BARILLA Napoletana,29.9
2024-12-10,62635,BLUE DRAGON Σόγιας,20.7
2024-12-10,62417,KNORR Καρμπονάρα,25.9
2024-12-10,62679,BLUE DRAGON Γλυκόξινη,35.3
2024-12-10,64151,KNORR Βοδινού,13.9
2024-12-10,62470,BARILLA Pesto Alla Genovese,32.8
2024-12-10,64266,ΓΙΩΤΗΣ Μεταλλικό Κουτί,15.9
2024-12-10,62525,BARILLA Basilico,29.9
2024-12-10,62982,MAGGI Λάδι - Λαχανικά,11.5
2024-12-10,62941,MAGGI Κότας Κλασικό,24.9
2024-12-10,64330,KNORR Λαχανικών,13.9
2024-12-10,64402,ΑΝΑΤΟΛΗ Πιπέρι Τριμμένο,31.5
2024-12-10,64410,ΑΝΑΤΟΛΗ Κύμινο Τριμμένο,12.0
2024-12-10,62700,ORIENTAL EXPRESS,26.8
2024-12-10,62701,ORIENTAL EXPRESS,29.3
2024-12-10,64110,KNORR Εξτρα Γεύση Λαχανικών,29.3
2024-12-10,62970,MAGGI Λαδερά - Λαχανικά,24.9
2024-12-10,64154,KNORR Βοδινού,20.2
2024-12-10,64127,MAGGI Νοστιμιά Καρύκευμα,26.7
2024-12-10,64777,ΑΝΑΤΟΛΗ Ξινό Κιτρικό,12.5
2024-12-10,643008,ZWAN,53.9
2024-12-10,64314,ΕΥΡΙΠΟΣ Δυόσμος 10 φάκελα,9.5
2024-12-10,64820,CAPTAIN΄S Βανίλια με Ζάχαρη,2.1
2024-12-10,64033,ΑΝΑΤΟΛΗ Μοσχοκάρυδο Ολόκληρο,24.5
2024-12-10,64003,ΑΝΑΤΟΛΗ Μαύρο Πιπέρι Ολόκληρο,16.5
2024-12-10,643502,ZWAN Κοτόπουλο,36.0
2024-12-10,64403,ΑΝΑΤΟΛΗ Πιπέρι Τριμμένο,16.5
2024-12-10,64405,ΑΝΑΤΟΛΗ Κανέλλα Τριμμένη,10.5
2024-12-10,64150,KNORR Κότας,20.2
2024-12-10,64951,KNORR Σπιτικός Ζωμός Κότας,18.4
2024-12-10,64199,KNORR Κότας,13.9
2024-12-10,64413,ΑΝΑΤΟΛΗ Σουσάμι,7.2
2024-12-10,64265,ΓΙΩΤΗΣ Μπέικιν πάουντερ,4.1
2024-12-10,643258,ZWAN Με Χορταρικά,35.2
2024-12-10,65110,ΑΝΑΤΟΛΗ Μαύρο Πιπέρι Ολόκληρο,35.4
2024-12-10,643159,ZWAN Light,35.2
2024-12-10,64570,ΕΥΡΙΠΟΣ Μέντα 10 φάκελα,10.4
2024-12-10,643591,DAKOR,43.0
2024-12-10,64605,HELLMANN΄S Πικάντικη,47.3
2024-12-10,64409,ΑΝΑΤΟΛΗ Μπαχάρι Ολόκληρο,12.6
2024-12-10,64406,ΑΝΑΤΟΛΗ Κανέλλα Ξύλο,19.9
2024-12-10,64821,CAPTAIN΄S Βανίλια με Ζάχαρη & Λεμόνι,2.7
2024-12-10,64414,ΑΝΑΤΟΛΗ Βανίλια με Άρωμα,4.9
2024-12-10,669596,ΠΑΥΛΙΔΗΣ,82.4
2024-12-10,64573,ΕΥΡΙΠΟΣ Μελισσόχορτο 10 φάκελα,19.7
2024-12-10,64822,CAPTAIN΄S Βανίλια με Ζάχαρη & Πορτοκάλι,2.7
2024-12-10,64572,ΕΥΡΙΠΟΣ Λουίζα 10 φάκελα,18.0
2024-12-10,64607,ΑΝΑΤΟΛΗ Μαχλέπι Ολόκληρο,15.5
2024-12-10,64608,ΑΝΑΤΟΛΗ,28.0
2024-12-10,64952,KNORR Σπιτικός Ζωμός Βοδινού,18.4
2024-12-10,64776,KNORR Λαχανικών,20.2
2024-12-10,64954,KNORR Σπιτικός Ζωμός Λαχανικών,18.4
2024-12-10,64875,ΕΥΡΙΠΟΣ Τίλιο,15.0
2024-12-10,64890,ΓΙΩΤΗΣ Μιλφέιγ,16.2
2024-12-10,67007,ΑΝΑΤΟΛΗ Πάπρικα Καυτερή,11.5
2024-12-10,68004,ΙΟΝ Γάλακτος,16.4
2024-12-10,68010,ΙΟΝ Αμυγδάλου,16.4
2024-12-10,68021,BOUNTY,11.0
2024-12-10,68040,ΙΟΝ Σοκοφρέτα Maxi,8.1
2024-12-10,68069,ΠΑΥΛΙΔΗΣ Υγείας,12.7
2024-12-10,68109,CRUNCH Λευκή,13.2
2024-12-10,68138,ΠΑΥΛΙΔΗΣ Υγείας,5.1
2024-12-10,68005,ΙΟΝ Γάλακτος,15.4
2024-12-10,68225,KINDER ¨Εκπληξη¨,12.0
2024-12-10,68306,ΠΑΥΛΙΔΗΣ Υγείας 70%,18.8
2024-12-10,68006,ΙΟΝ Γάλακτος,8.0
2024-12-10,68012,ΙΟΝ Αμυγδάλου,15.4
2024-12-10,68013,ΙΟΝ Γάλακτος Αμυγδάλου,19.7
2024-12-10,68356,AMARETTI Γκοφρετάκια Κρέμα Κακάο,6.4
2024-12-10,68394,KITKAT Μini,35.0
2024-12-10,68023,ΠΑΥΛΙΔΗΣ Υγείας Με Φουντούκια,19.8
2024-12-10,68052,LACTA,7.8
2024-12-10,68501,ΙΟΝ Φουντούκι,36.4
2024-12-10,68071,ΠΑΥΛΙΔΗΣ Υγείας,6.9
2024-12-10,68007,ΙΟΝ Serano,15.5
2024-12-10,68527,ΙΟΝ Mini,30.2
2024-12-10,68115,DERBY,6.0
2024-12-10,68008,ΙΟΝ Αμυγδάλου,8.0
2024-12-10,68117,DERBY Υγείας,6.0
2024-12-10,68014,ΙΟΝ Σοκοφρέτα Φουντούκι,5.7
2024-12-10,68230,BREAK Αμυγδάλου,19.5
2024-12-10,68028,CRUNCH Μπλε,13.2
2024-12-10,68020,ΙΟΝ Σοκοφρέτα,5.7
2024-12-10,68822,SMARTIES Tube,8.7
2024-12-10,68036,ΙΟΝ Σοκοφρέτα Μaxi Φουντούκι,8.1
2024-12-10,68054,LACTA,14.5
2024-12-10,68056,LACTA Γάλακτος,13.9
2024-12-10,68099,ΙΟΝ Σοκοφρετίνια Γάλακτος,6.2
2024-12-10,68360,3BIT,10.0
2024-12-10,68120,LACTA Γάλακτος,23.9
2024-12-10,68414,NESTLE Dessert Γάλακτος,18.5
2024-12-10,68920,ΓΙΩΤΗΣ Γάλακτος Σε Σταγόνες,14.0
2024-12-10,68101,TOBLERONE,21.0
2024-12-10,68502,ΙΟΝ Αμυγδάλου,36.4
2024-12-10,68471,ΙΟΝ Υγείας 72% Αμυγδάλου,19.3
2024-12-10,68189,ΙΟΝ Υγείας Mini,30.2
2024-12-10,68132,LACTA Με Αμύγδαλα,18.5
2024-12-10,68584,ΠΑΥΛΙΔΗΣ Γεμιστή Choco,14.8
2024-12-10,68252,ΠΑΥΛΙΔΗΣ Lila Pause Φράουλα,9.9
2024-12-10,68738,MILKA Φράουλα Γιαούρτι,18.9
2024-12-10,68698,NESTLE Dessert White,25.7
2024-12-10,68478,MILKA Alpine Milk,18.9
2024-12-10,68739,MILKA Φουντούκι,18.9
2024-12-10,68867,ΓΙΩΤΗΣ Πλάκα,10.1
2024-12-10,68834,KINDER,29.9
2024-12-10,68513,ΙΟΝ Σοκοφρέτα Υγείας,5.7
2024-12-10,68932,KINDER Happy Hippo Βανίλια,29.0
2024-12-10,68516,KINDER Bueno White,10.1
2024-12-10,68933,ΙΟΝ Υγείας Αμυγδάλου,19.3
2024-12-10,69032,ΙΟΝ Αμυγδάλου (-0-15Ε),56.4
2024-12-10,68841,ΠΑΥΛΙΔΗΣ Με Γέμιση Φράουλα,14.8
2024-12-10,68871,ΙΟΝ Break Με Φουντ-Multip.(-0.18)Ε,56.7
2024-12-10,68907,ΓΙΩΤΗΣ Σε Σταγόνες,13.6
2024-12-10,69590,ASTIR Πραλινάκια,48.6
2024-12-10,700092,ZERO Κανέλα,11.6
2024-12-10,700093,ZERO Espresso,11.6
2024-12-10,700094,ZERO Ευκάλυπτος,11.6
2024-12-10,700091,ZERO Βούτυρου,11.6
2024-12-10,70012,ΚΑΝΑΚΙ Κτψ,51.3
2024-12-10,700126,ΠΑΥΛΙΔΗΣ Υγείας (3+1)Δώρο,22.2
2024-12-10,700123,DOLO Κοτόπουλο,21.8
2024-12-10,700225,ALFA Φύλλο Ζύμης Για Πίτσα,20.9
2024-12-10,700279,17 DELICATESSEN Απαλή,18.0
2024-12-10,700321,KINDER Bueno,42.9
2024-12-10,700390,SCOTCH BRITE Colori,29.9
2024-12-10,700580,ΙΟΝ Γάλακτος,16.0
2024-12-10,700582,ΙΟΝ Λευκή,17.0
2024-12-10,700786,ΠΑΥΛΙΔΗΣ,34.7
2024-12-10,700784,ΠΑΥΛΙΔΗΣ,25.1
2024-12-10,700780,ΠΑΥΛΙΔΗΣ Υγείας,37.0
2024-12-10,700788,ΠΑΥΛΙΔΗΣ,51.7
2024-12-10,701595,AXE Deo Spray Black (1+1)Δώρο,59.9
2024-12-10,701698,ΠΑΠΑΔΗΜΗΤΡΙΟΥ Με Πορτοκάλι - Λεμόνι,30.0
2024-12-10,701697,ΠΑΠΑΔΗΜΗΤΡΙΟΥ Με Σύκο,29.0
2024-12-10,701791,ORIENTAL EXPRESS Κόκκινο Τσίλι & Σκόρδο,29.3
2024-12-10,701810,ΤΟ ΜΕΤΟΧΙ Κόκκινο,6.5
2024-12-10,701811,ΤΟ ΜΕΤΟΧΙ Λευκό,6.5
2024-12-10,701868,VILEDA,17.2
2024-12-10,702105,ΧΑΤΖΗ Κρήτης Κριθαρένια,29.5
2024-12-10,702106,ΧΑΤΖΗ Κρήτης Κριθαρένια Χωρίς Αλάτι,29.5
2024-12-10,702319,ΕΠΙΛΟΓΕΣ ΚΡΗΤΙΚΟΣ Κουλουράκια Μούστου Σταφίδα,21.5
2024-12-10,702372,PRODERM Sleep Easy,33.6
2024-12-10,702504,STARBUCKS Caramel,23.5
2024-12-10,702506,STARBUCKS,23.5
2024-12-10,702557,JACK DANIELS Tennessee Honey,259.4
2024-12-10,702676,JOHNSON΄S BABY Spray Shiny Drops,29.5
2024-12-10,703275,CAREFREE Plus Large + 20τεμ Δώρο,30.1
2024-12-10,703355,NESTLE Fitness Delice Choco Hazelnut,38.9
2024-12-10,703390,AGRINO Φασόλια Γίγαντες,42.7
2024-12-10,703477,NESTLE Fitness Delice Milk Chocolate,38.9
2024-12-10,703806,BONDUELLE Extra Τραγανό (2+1) Δώρο,38.4
2024-12-10,703858,MENTOS Storming Bubble Fresh,11.0
2024-12-10,703952,ΙΟΝ Αμυγδάλου Με Stevia,17.1
2024-12-10,703951,ΙΟΝ Γάλακτος  Με Stevia,17.1
2024-12-10,703950,ΙΟΝ Dark Με Stevia,17.1
2024-12-10,703962,HALLS Extra Strong Sugar Free,9.9
2024-12-10,703958,ΑΝΑΤΟΛΗ Κακουλέ Τριμμένο,9.5
2024-12-10,703963,HALLS Cinnamon Sugar Free,9.9
2024-12-10,703975,ΑΝΑΤΟΛΗ Μαχλέπι Τριμμένο,14.3
2024-12-10,703976,ΑΝΑΤΟΛΗ Fresh Pack,4.3
2024-12-10,704157,FRISKIES Junior Κοτόπουλο-Γάλα-Λαχαν-,28.5
2024-12-10,704353,ΑΝΑΤΟΛΗ Δάφνη,9.0
2024-12-10,704352,ΑΝΑΤΟΛΗ Δυόσμος,7.9
2024-12-10,704357,ΑΝΑΤΟΛΗ Ρίγανη,8.5
2024-12-10,704355,ΑΝΑΤΟΛΗ Δενδρολίβανο,8.5
2024-12-10,704354,ΑΝΑΤΟΛΗ Βασιλικός,7.9
2024-12-10,704356,ΑΝΑΤΟΛΗ Θυμάρι,7.9
2024-12-10,704673,KITKAT 4 Finger,9.4
2024-12-10,704762,ΕΥΡΙΠΟΣ Σίλυβο (Γαιδουράγκαθο) 10 φακ-,22.0
2024-12-10,704764,ΕΥΡΙΠΟΣ Βαλεριάνα 10 φάκελα,24.2
2024-12-10,704935,SWEET & BALANCE Γάλ/τος Φράουλα Με Stevia,13.1
2024-12-10,705071,CATISFACTIONS Με Τυρί,20.0
2024-12-10,705068,WHISKAS Denta Bites Κοτόπουλο,22.4
2024-12-10,705076,OKI DOKI Μαύρα 430ml,19.9
2024-12-10,705075,OKI DOKI Κόκκινα 430ml,19.9
2024-12-10,705073,CATISFACTIONS Με Κοτόπουλο,20.0
2024-12-10,705145,DENTYNE Ice Δυόσμος,11.1
2024-12-10,705148,DENTYNE Fire Κανέλα,11.1
2024-12-10,705144,DENTYNE Ice Μέντα,11.1
2024-12-10,705260,ZERO Βουτύρου Με Γέμιση Σοκ/τας,11.6
2024-12-10,705406,ΑΦΟΙ ΧΑΪΤΟΓΛΟΥ Φυστικοβούτυρο Crunchy,28.6
2024-12-10,705407,ΑΦΟΙ ΧΑΪΤΟΓΛΟΥ Φυστικοβούτυρο Απαλό,28.6
2024-12-10,705397,ΚΙΚΚΟΜΑΝ Σάλτσα Σόγιας,48.3
2024-12-10,705525,ΑΝΑΤΟΛΗ Μπούκοβο Καυτερό Fresh Pack,10.1
2024-12-10,705620,ΓΙΩΤΗΣ Ρόδι - Οικογ- Συσκ.,17.0
2024-12-10,706211,AMITA Πορτ--Μήλο-Βρίκοκο (-0.35Ε),22.3
2024-12-10,706262,TRATA Καπνιστός,49.0
2024-12-10,706299,ΠΑΠΑΔΟΠΟΥΛΟΥ Digestive με Σοκολάτα,6.1
2024-12-10,706482,MENTOS Pure Fresh Lime Mint,11.0
2024-12-10,706470,TWININGS Πράσινο Τσάι Lemon,60.9
2024-12-10,706438,ΛΑΚΩΝΙΑ Νέκταρ,4.5
2024-12-10,706991,GOURMET Gold Tartar Τόνο& Σολομό,24.4
2024-12-10,707067,HALLS Vita C Citrus Mix,11.1
2024-12-10,70725,ΧΡΥΣΗ ΖΥΜΗ Κασερόπιτα Σπιτική,74.6
2024-12-10,707068,HALLS Original No Sugar,11.1
2024-12-10,707069,HALLS Cool Cherry,11.1
2024-12-10,707636,NUTELLA & Go Ferrero,16.0
2024-12-10,707637,DENTYNE Deep Arctic Ευκάλυπτος,11.1
2024-12-10,707691,HARIBO Χρυσά Αρκουδάκια Mini,39.0
2024-12-10,707690,SWEET IDEA Γλειφιτζούρια,22.5
2024-12-10,707778,DENTYNE Deep Arctic Δυόσμος,11.1
2024-12-10,707816,LACTA Triple Caramel,18.5
2024-12-10,707868,HARIBO Χρυσά Αρκουδάκια,23.7
2024-12-10,707822,OREO Μπισκότα Φράουλα Cheesecake,14.9
2024-12-10,707869,MAOAM Mao Mix,23.5
2024-12-10,707846,ΒΙΑΠ MENTEL Διακοσμητική,16.3
2024-12-10,708179,ΙΟΝ Υγείας Αμυγδάλου Stevia,17.1
2024-12-10,707922,ΜΙΝΕΡΒΑ (-0.80)?,33.1
2024-12-10,708177,ΙΟΝ Σοκοφρέτα Χωρίς Γλουτένη,5.7
2024-12-10,708178,DERBY Λευκή,6.0
2024-12-10,708289,ΑΝΑΤΟΛΗ Μοσχοκάρυδο Τριμμένο,14.5
2024-12-10,708290,ΑΝΑΤΟΛΗ Γαρύφαλλο Ολόκληρο,12.9
2024-12-10,708361,ΑΝΑΤΟΛΗ Πάπρικα Γλυκιά,8.5
2024-12-10,708510,HALLS Cool Original,9.9
2024-12-10,708467,DUO Natural,150.7
2024-12-10,708542,VIVA Star Boy,6.2
2024-12-10,708507,ΒΙΑΠ MENTEL Με Σοκολάτα Υγείας,17.9
2024-12-10,708511,HALLS Cool Cherry,9.9
2024-12-10,708536,ΜΑΝΗΣ (+Μέλι Μάνης 250γρ-)Δώρο,99.5
2024-12-10,708541,VIVA Star Girl,6.2
2024-12-10,708724,M&M΄S Τραγανά Πολύχρωμα,7.9
2024-12-10,709543,OKI DOKI Διάφανα 430ml,19.9
2024-12-10,709602,ΠΑΠΑΔΟΠΟΥΛΟΥ Marie Μπισκότα,9.7
2024-12-10,709644,ΑΝΑΤΟΛΗ Γαρύφαλλο Τριμμένο,12.9
2024-12-10,709680,ΜΕΛΙΣΣΑ Πένες Ριγέ Χωρίς Γλουτένη,29.0
2024-12-10,709711,OLD SPICE Gel Whitewater,27.9
2024-12-10,709713,OLD SPICE Stick Whitewater,32.9
2024-12-10,709740,ΒΙΟΛΑΝΤΑ Μπισκότα με Cranberries,19.4
2024-12-10,709741,ΒΙΟΛΑΝΤΑ Μισκότα με Μάυρη Σοκολάτα,19.4
2024-12-10,709832,SERENATA Twin Σοκολάτα Γάλακτος,13.8
2024-12-10,710201,ΘΕΑΡΕΣΤΟΝ Ελληνικό Ανθέων Κωνοφ-(1+1)Δ,103.9
2024-12-10,710393,PEDIGREE Adult Σε Σάλτσα Κοτόπ-&Λαχ.,8.9
2024-12-10,710532,ΧΡΥΣΗ ΖΥΜΗ Κουρού Μυκόνου,66.1
2024-12-10,710690,ORBIT Bubblemint,29.9
2024-12-10,710555,RIO MARE Φιλέτο Σε Σχάρα,39.8
2024-12-10,710910,ONSTEVIA Λευκό Κρυσταλλικό,32.8
2024-12-10,710698,ORBIT Καρπούζι,10.0
2024-12-10,710691,ORBIT Strawberry,29.9
2024-12-10,710697,ORBIT Spearmint,10.1
2024-12-10,71087,TRATA Πικάντικο,33.0
2024-12-10,711393,ΑΜΕΛΙ Σε Βάζο,29.8
2024-12-10,711445,ΜΠΑΡΜΠΑ ΣΤΑΘΗΣ Για Λαδερά,13.3
2024-12-10,711466,HALLS Sugar Free Honey - Lemon,9.9
2024-12-10,711582,ZERO Ρόδι & Superfruits,11.6
2024-12-10,711648,RIO MARE Σε Ελαιόλαδο,61.8
2024-12-10,711893,POP CUISINE,5.9
2024-12-10,711915,SHEBA Σε Σάλτσα Κοτόπουλο,8.9
2024-12-10,712489,ΟΛΥΜΠΟΣ Κλασσικό,35.1
2024-12-10,712491,ΟΛΥΜΠΟΣ Με Κακάο,36.6
2024-12-10,712693,TRIDENT Δυόσμος,5.5
2024-12-10,712697,TRIDENT Max Splash Vanilla Mint,11.0
2024-12-10,713029,MENTOS Pure Fresh Bubble Fresh,11.0
2024-12-10,713031,MENTOS Pure Fresh Δυόσμος,11.0
2024-12-10,713641,ΤΟΠ Pet Από Ρόδι,12.0
2024-12-10,713663,TRIDENT Max Splash Strawb--Lime,11.0
2024-12-10,713670,Βιολογικά Πορτοκάλια,21.7
2024-12-10,713761,WHISKAS Casserole Σε Ζελέ Πουλερικά,24.9
2024-12-10,713760,WHISKAS Casserole Σε Ζελέ Κοτόπουλο,8.1
2024-12-10,714393,NESTLE Dessert Κακάο,17.9
2024-12-10,714511,ΥΦΑΝΤΗΣ Ferrano Μπέικον,111.3
2024-12-10,714591,PANTENE Λεία & Απαλά,64.9
2024-12-10,714528,LACTA Oreo Bar,6.9
2024-12-10,714702,MILKA Cacao Lenses,18.9
2024-12-10,714685,LACTA Oreo Φράουλα,18.5
2024-12-10,714680,OREO Brownie,14.9
2024-12-10,714687,ΠΑΥΛΙΔΗΣ Υγείας 70% Αλατ-Αμύγδαλα,21.9
2024-12-10,714782,KINDER Delice,7.0
2024-12-10,714946,NESTLE Fitness Red Berries,38.9
2024-12-10,715480,ΒΙΟΛΑΝΤΑ Μαύρη Σοκολάτα (3+1)Δώρο,23.4
2024-12-10,715481,ΒΙΟΛΑΝΤΑ Cranberry (3+1)Δώρο,23.4
2024-12-10,715667,ΙΟΝ Γάλακτος,9.3
2024-12-10,715672,ΙΟΝ Γάλακτος Φουντούκι Stevia,17.3
2024-12-10,715656,KISS Γάλα & Φράουλα,5.5
2024-12-10,715657,KISS Γάλα & Φράουλα (-0-25)Ε,19.5
2024-12-10,715668,ΙΟΝ Αμυγδάλου,9.3
2024-12-10,715914,HANSAPLAST Junior Mickey Mouse & Friends,32.5
2024-12-10,715900,BARILLA Toscana,29.9
2024-12-10,715977,ΑΝΑΤΟΛΗ Μείγμα Για Γλυκά Σμυρνιό,12.5
2024-12-10,716449,COCA COLA Zero (-0-50E),34.6
2024-12-10,716698,ΒΙΟΛΑΝΤΑ Γεμιστά Με Γιαούρτι,19.9
2024-12-10,717577,AGRINO Φάβα Φαρσάλων,23.2
2024-12-10,73866,ΠΑΠΑΔΟΠΟΥΛΟΥ Cookies με Κομμάτια Σοκολάτας,15.1
2024-12-10,740385,PEDIGREE Rodeo Μοσχάρι,22.9
2024-12-10,740262,TSANOS Μουστοκούλουρα,31.3
2024-12-10,73943,AFAIA Με Φιστίκι-Επικ/ψη Σοκ/τας,15.3
2024-12-10,740269,TSANOS Κουλούρια Σοκολάτα Υγείας,31.3
2024-12-10,741155,ALONA,18.8
2024-12-10,741494,ALONA,18.8
2024-12-10,752834,VAHINE Φυσικό εκχύλισμα,39.2
2024-12-10,752988,VAHINE Διάλυμα,37.3
2024-12-10,754071,PEDIGREE Dentastix Για Μικρούς Σκύλους,29.5
2024-12-10,757718,HELLMANN΄S Απαλή,28.2
2024-12-10,76645,UNICHAMP Κομμένα (2+1)Δώρο,60.9
2024-12-10,79745,ΥΦΑΝΤΗΣ Τα Λοκάνικα της Μάρως Πολίτικα,32.8
2024-12-10,81030,EVERYDAY Sensitive Normal Ultra Plus,19.1
2024-12-10,81860,EVERY DAY Hyperdry Maxi Night Ultra Plus,18.3
2024-12-10,81696,EVERYDAY Sensitive Super Ultra Plus,19.1
2024-12-10,82119,TENA Pants Plus Large,94.3
2024-12-10,83250,TENA Lady Night Maxi,45.8
2024-12-10,83241,DUO Extra Thin,118.2
2024-12-10,84013,HANSAPLAST Universal Ανθ/κά Στο Νερό,27.2
2024-12-10,851753,ΑΡΟΣΙΣ Μέτρια Παπούδα,33.3
2024-12-10,851919,ΠΑΠΑΔΗΜΗΤΡΙΟΥ Απαλή,21.9
2024-12-10,851918,ΠΑΠΑΔΗΜΗΤΡΙΟΥ Πικάντικη,21.9
2024-12-10,851931,NESTLE Lion Cereal,28.1
2024-12-10,851999,PALMOLIVE Naturals Μέλι & Γάλα,30.8
2024-12-10,852963,ΓΙΩΤΗΣ Κουτί,17.7
2024-12-10,854202,BEN΄S Γλυκόξινη Με Εξτρα Ανανά,27.1
2024-12-10,854238,DUREX Real Feel,134.9
2024-12-10,854293,VIDAL Argan Oil,23.7
2024-12-10,854545,AFAIA Με Φιστίκι,13.1
2024-12-10,854558,PALMOLIVE Naturals Macadamia,30.8
2024-12-10,854607,ΠΑΠΑΔΟΠΟΥΛΟΥ Μιράντα,29.6
2024-12-10,854638,TRATA Φιλέτο Καπνιστές,32.5
2024-12-10,854735,FA Kick Off,30.8
2024-12-10,860125,ΠΑΠΑΔΟΠΟΥΛΟΥ Μπισκότα Δημητριακών Muesli,18.1
2024-12-10,86019,ΜΕΓΑ,14.5
2024-12-10,860124,ΠΑΠΑΔΟΠΟΥΛΟΥ Μπισκότα Δημητριακών Κακάο,19.3
2024-12-10,860126,ΠΑΠΑΔΟΠΟΥΛΟΥ Μπισκότα Δημητριακών Σοκολάτα,18.1
2024-12-10,860681,LIPTON Πράσινο Τσάι Classic,18.5
2024-12-10,860899,WHISKAS Temptation Κοτόπουλο - Τυρί,22.4
2024-12-10,860905,PEDIGREE Adult Μοσχάρι,79.9
2024-12-10,861569,KITKAT Chunky,7.9
2024-12-10,861618,GUM ON Βατόμουρο,9.6
2024-12-10,862097,ΙΟΝ Μίνι Γάλακτος Φουντούκι,30.2
2024-12-10,862483,DERBY Με Καραμέλα,6.0
2024-12-10,862482,ΙΟΝ Noisetta (-0-30Ε),71.5
2024-12-10,862831,ΕΒΓΑ Καϊμάκι,88.9
2024-12-10,862843,ΑΛΛΑΤΙΝΗ Πτι Μπερ Σοκολάτα,10.3
2024-12-10,862947,ΠΑΥΛΙΔΗΣ (-0-50Ε)?,32.2
2024-12-10,863108,ΓΙΩΤΗΣ Παρφέ,40.6
2024-12-10,863082,OREO Μπισκότα με Διπλή Βανίλια,19.9
2024-12-10,863111,ΓΙΩΤΗΣ οκολάτα,39.8
2024-12-10,863109,ΓΙΩΤΗΣ Καϊμάκι,36.5
2024-12-10,863898,ORIENTAL EXPRESS Τσίλι,30.8
2024-12-10,863972,NESTLE Fitness Ολικής Άλεσης,44.0
2024-12-10,864055,TRATA Σε Νερό,49.0
2024-12-10,864053,TRATA Σε Λάδι Ελιάς,49.0
2024-12-10,864135,NESTLE Fitness Cookies & Cream,38.9
2024-12-10,864780,MAGGI Με Βοδινό,7.5
2024-12-10,864922,ΠΑΥΛΙΔΗΣ Γάλακτος,14.0
2024-12-10,864827,ΝΟΥΝΟΥ Noulac,19.5
2024-12-10,864853,SWEET & BALANCE Φράουλα Με Stevia,17.7
2024-12-10,864903,3ΑΛΦΑ Πλιγούρι Μέτριο,19.7
2024-12-10,864951,TWIX Single,11.0
2024-12-10,864982,RIO MARE Σε Λάδι,48.9
2024-12-10,864972,SNICKERS Single,11.0
2024-12-10,865624,MENTOS Pure Fresh Bubble Fresh,14.1
2024-12-10,865957,BONDUELLE Κόκκοι Εξτρα Τραγανό,19.2
2024-12-10,865959,BONDUELLE Texas Mix Κονσέρβα,29.3
2024-12-10,865907,LE PETIT MARSEILLAIS Γάλα Βανίλιας,29.9
2024-12-10,865958,BONDUELLE Κονσέρβα,29.3
2024-12-10,867034,3ΑΛΦΑ Φασόλια Μέτρια ΟΔ,31.9
2024-12-10,867274,ΟΛΑ ΒΙΟ Με Αλάτι,13.2
2024-12-10,867327,ΑΡΩΜΑ Λευκό,17.9
2024-12-10,867479,ΧΡΥΣΗ ΖΥΜΗ Μπουγάτσα Θεσσαλονίκης με Τυρί,31.6
2024-12-10,867603,GRECA Πίτσα Τετράγωνη 38*28cm,84.6
2024-12-10,867662,ΠΑΥΛΙΔΗΣ Σοκολάτα,14.0
2024-12-10,867717,ΜΕΛΙΣΣΟΚΟΜΙΚΗ ΣΥΝΕΡΓΑΣΙΑ Σουλτανίνα,22.1
2024-12-10,867829,BONAVITA Muesli Crunchy Με Φρούτα,31.9
2024-12-10,868894,BEN΄S Γλυκόξινη,27.1
2024-12-10,868907,HARIBO Happy Cheries,13.2
2024-12-10,868909,HARIBO Berries Βατόμουρο,13.2
2024-12-10,868908,HARIBO Starmix,13.2
2024-12-10,868905,HARIBO Goldbaren Αρκουδάκια,13.2
2024-12-10,868920,ROLL-UP Tutti,11.0
2024-12-10,868911,HARIBO Beerentraum Φρούτα Δάσους,13.2
2024-12-10,868946,MENTOS Storming Μέντα,11.0
2024-12-10,868947,MENTOS Storming Δύοσμος,11.0
2024-12-10,869063,ΒΙΟΛΑΝΤΑ Cookies Full 45 Κακάο,16.8
2024-12-10,869087,ΙΟΝ Σοκοφρέτα Λευκή Σοκολάτα,5.7
2024-12-10,869132,LACTA Γκοφρέτα,4.6
2024-12-10,869133,ΠΑΥΛΙΔΗΣ Υγείας cap- Cream,19.8
2024-12-10,869481,ΩΜΕΓΑ Λεμόνι,4.3
2024-12-10,870230,CHUPA CHUPS Big Babol Tutti Frutti,6.7
2024-12-10,870637,GUM ON Αρκουδάκια,11.6
2024-12-10,871427,AMITA Fun Μπλε,7.0
2024-12-10,871459,AMITA Fun Red,7.0
2024-12-10,871853,KINDER Εκπληξη,35.0
2024-12-10,871700,SANITAS Κομμένο Σε Φύλλα (18),29.9
2024-12-10,871873,ORBIT Spearmint,8.0
2024-12-10,872058,NIVEA Spray Invis- Black&White,57.3
2024-12-10,872003,ΠΑΠΑΔΟΠΟΥΛΟΥ Digestive με Σοκολάτα Γάλακτος,19.0
2024-12-10,872291,ΖΩΓΡΑΦΟΣ Βερίκοκο Με Φρουκτόζη,32.5
2024-12-10,872672,GUM ON Φιδάκια,9.6
2024-12-10,873269,NIVEA MEN Spray Invis- Bleack&White,57.3
2024-12-10,873163,NIVEA Roll On Inv- Clear Black&White,52.9
2024-12-10,873675,TSANOS Κουλούρια Καρότου,23.5
2024-12-10,873656,RIO MARE Insalatissime Καλαμπόκι & Τόνο,59.4
2024-12-10,874504,ORIENTAL EXPRESS 3^ Μανιτάρια,10.8
2024-12-10,874506,ORIENTAL EXPRESS 3^ Ψητές Γαρίδες,10.8
2024-12-10,874507,ORIENTAL EXPRESS 3^ Λαχανικά,10.8
2024-12-10,874596,ΟΛΑ ΒΙΟ Ποπ Κορν,20.2
2024-12-10,874505,ORIENTAL EXPRESS 3^ Χοιρινό Μπάρμπεκιου,10.8
2024-12-10,874839,ΟΛΑ ΒΙΟ Pastamania Λευκά,19.7
2024-12-10,875152,ΓΙΩΤΗΣ Φράουλα,26.3
2024-12-10,875154,ΓΙΩΤΗΣ Βύσσινο,25.8
2024-12-10,875207,ΙΟΝ Σοκοφρέτα (-0-20E),20.8
2024-12-10,875153,ΓΙΩΤΗΣ Σοκολάτα,25.8
2024-12-10,875248,DUREX Sensitive,117.0
2024-12-10,875594,ΓΙΩΤΗΣ Καραμέλα,26.3
2024-12-10,875625,TIPIAK,36.7
2024-12-10,875831,DUREX Pleasure Max,117.0
2024-12-10,875830,DUREX Classic,98.9
2024-12-10,876027,ΟΛΑ ΒΙΟ Ελληνικές,27.0
2024-12-10,877357,FLOKOS Σε Φυσικό Χυμό,49.5
2024-12-10,878132,NESQUIK Ρόφημα Κακάο,29.9
2024-12-10,878108,ALFA Φύλλο Σφολιάτας Του Χεριού Σας,30.0
2024-12-10,878258,GOURMET Gold Casserole Βοδινό&Κοτόπ-,6.5
2024-12-10,878181,RIO MARE Σε Νερό,48.9
2024-12-10,878478,ΓΙΩΤΗΣ Ρόφημα Κακάο (-0-15Ε),18.4
2024-12-10,878641,LACTA Biscotto,18.5
2024-12-10,879900,ΓΙΩΤΗΣ Βανίλια,14.7
2024-12-10,879918,TSANOS Μουστοκούλουρα,31.3
2024-12-10,879844,ΑΡΩΜΑ Ερυθρό,17.9
2024-12-10,879901,ΓΙΩΤΗΣ Σοκολάτα,18.3
2024-12-10,88000,ΜΥΡΤΩ Λεμόνι,65.0
2024-12-10,888965,CESAR Μοσχάρι,16.9
2024-12-10,88902,DUO Κανονικό,101.7
2024-12-10,89666,DOVE Spray Original,27.5
2024-12-10,899879,RANA Ραβιόλι με 4 τυριά,52.0
2024-12-10,90258,NOXZEMA Spray Pilot,28.5
2024-12-10,900813,Φιλέτο Ling Νορβηγίας,99.5
2024-12-10,90261,NOXZEMA Talc Pampering,33.2
2024-12-10,90256,NOXZEMA Roll On Classic,27.4
2024-12-10,904490,SERENATA Γκοφρετάκια Mini,27.2
2024-12-10,904848,RIO MARE Σε Νερό,63.0
2024-12-10,904815,TWININGS Πράσινο Τσάι Pure,37.9
2024-12-10,904900,MIDLAND Χοιρινό,22.6
2024-12-10,905210,CAPTAIN΄S Βανίλια σε Κασετίνα,54.7
2024-12-10,905039,ΗΛΙΟΣ Μπάρμπεκιου,19.5
2024-12-10,90588,NOXZEMA Spray Memories,28.5
2024-12-10,90556,NOXZEMA Roll On Memories,27.4
2024-12-10,90717,NOXZEMA Spray Classic,28.5
2024-12-10,92649,JOHNSON΄S BABY Regular,21.5
2024-12-10,92800,JOHNSON΄S BABY Bedtime,29.7
2024-12-10,92811,NEUTRO ROBERTS Roll On Powder Fresh,29.0
2024-12-10,93622,FA Yoghurt Vanilla Honey,30.8
2024-12-10,93807,FA Energizing,30.8
2024-12-10,98118,AIM Classic Fresh Μέτρια,17.9
2024-12-10,99136,DOVE Men+Care Clean Comfort,29.3
2024-12-10,99588,NOXZEMA Roll On Pilot,27.4
2024-12-10,532923,ΠΑΠΑΔΟΠΟΥΛΟΥ Digestive Χωρίς Ζάχαρη,20.7
2024-12-10,706275,QUAKER Τραγανές Μπουκιές Δημητριακών,64.5
2024-12-10,20010,ΕΛΜΑ Με Μαστίχα Χίου Classic,10.9
2024-12-10,20060,ΕΛΜΑ Με Μαστίχα Χίου Χ-Ζάχαρη,10.9
2024-12-10,64740,ΕΥΡΙΠΟΣ Ρίγανη,13.9
2024-12-10,643007,ZWAN,32.5
2024-12-10,68939,KINDER Happy Hippo Cacao,29.0
2024-12-10,709574,DOVE Silky,46.1
2024-12-10,868906,HARIBO Happy Cola,13.2
2024-12-10,98082,AIM White System Με Perlite Σκληρή,21.5
2024-12-10,53034,ΠΑΠΑΔΗΜΗΤΡΙΟΥ Κλασικό,25.7
2024-12-10,65112,ΑΝΑΤΟΛΗ 4 Πιπέρια - Μύλος,36.8
2024-12-10,711964,MAXSPORT Σοκολάτα,18.6
2024-12-10,669200,NUTELLA Ferrero,33.6
2024-12-10,68378,BREAK Λευκή,19.5
2024-12-10,715988,ΠΑΡΟΣ Σπέσιαλ (2+1)Δώρο,18.0
2024-12-10,863491,ΣΥΝΕΡΓΑΣΙΑ Κρητικό,58.4
2024-12-10,68055,KINDER,18.8
2024-12-10,700600,DOVE Roll On Talc Soft,25.4
2024-12-10,700599,DOVE Spray Talc Soft,27.5
2024-12-10,704972,CAMPINGAZ Διάτρητο C206 (2+1)Δ,43.4
2024-12-10,112010,VEET Silk & Fresh Sensitive Skin,53.9
2024-12-10,24002,ΑΤΤΙΚΗ Πίττας Κλασικό,82.5
2024-12-10,41037,KELLOGG΄S Corn Flakes,49.9
2024-12-10,41122,Χοιρινή Μπριζόλα Μ/Ο Ελληνική,78.5
2024-12-10,62678,ORIENTAL EXPRESS Chicken & Spring Onion,19.1
2024-12-10,62675,ORIENTAL EXPRESS Με Μοσχάρι & Μαύρο Πιπέρι,19.1
2024-12-10,64761,McCORMICK Σκόρδο Τριμμένο,42.9
2024-12-10,877157,SANEX Spray Zero% Extra Control,28.5
2024-12-10,93460,SANEX Dermo Extra Control Roll-on,28.5
2024-12-10,705061,GELATOMANIA,19.8
2024-12-10,851968,AXE Africa (1+1)Δ,41.9
2024-12-10,865749,NIVEA Roll On Talc (1+1)Δ,52.9
2024-12-10,717633,ΓΙΩΤΗΣ Ζελατίνη σε Σκόνη,20.1
2024-12-10,711024,BLUE DRAGON Wok Teriyaki,17.5
2024-12-10,42045,RIO MARE Σε Νερό,31.5
2024-12-10,84014,HANSAPLAST Universal Ανθ/κά Στο Νερό,41.6
2024-12-10,870226,BIC Twin Lady P5 (5+3Δώρο),25.9
2024-12-10,38051,DEL MONTE Ροδάκινο,26.9
2024-12-10,705863,ΚΡΙ ΚΡΙ Heartmade Βανίλια-Κακάο (+50%),128.0
2024-12-10,705865,ΚΡΙ ΚΡΙ Heartm- Βαν.Κακ.Φρ.Φυστ.(+50%),128.0
2024-12-10,717745,ΦΑΓΕ Total Στραγγιστό (-1-00)Ε,38.8
2024-12-10,718065,ΚΡΙ ΚΡΙ Heartmade 0% Ζάχαρη,90.4
2024-12-10,718061,ΚΡΙ ΚΡΙ Master Mini ΙΟΝ Γάλακτος,76.0
2024-12-10,718062,ΚΡΙ ΚΡΙ Heartm-Βαν-Κακ-Καραμ-Μπ.(+50%),128.0
2024-12-10,863112,ΓΙΩΤΗΣ Βανίλια,36.5
2024-12-10,700635,ΗΒΗ Go Red Φρ/τό (5+1)Δώρο,34.0
2024-12-10,905498,ΗΒΗ Go Blue (5+1)Δώρο,34.0
2024-12-10,16192,ΟΙΚ- ΣΤΕΡΓΙΟΥ Στήθος Κοτόπουλου & Cheddar,22.3
2024-12-10,741555,AUTAN Family Care Soft,80.8
2024-12-10,862643,ΓΙΩΤΗΣ Οικογενειακή Συσκευασία,26.9
2024-12-10,67069,CADBURY Ρόφημα Σοκολάτας,38.5
2024-12-10,67480,CADBURY Ρόφημα Σοκολάτας,69.3
2024-12-10,718412,TRATA Καπνιστός Πικάντικος,48.0
2024-12-10,718264,ΟΛΥΜΠΟΣ Στραγγιστό 2% (-0-50)Ε,44.5
2024-12-10,718411,TRATA Με Φακές & Καπνιστό Τόνο,40.6
2024-12-10,875088,SANEX Zero% Respect &Control Roll-on,28.5
2024-12-10,88096,STR8 Spray Original,25.9
2024-12-10,716719,KNORR Λαχανικών,17.2
2024-12-10,718390,STARBUCKS Caramel,24.4
2024-12-10,42050,TRATA Σε Λάδι Ελιάς,21.9
2024-12-10,710011,PALMOLIVE Naturals Camelia Oil,30.8
2024-12-10,741366,KINDER Joy Εκπληξη,15.0
2024-12-10,717886,GECCHELE Brownies,31.5
2024-12-10,715575,ΓΙΩΤΗΣ Λευκή,12.5
2024-12-10,99888,AXE Spray Africa,30.0
2024-12-10,531134,ΠΑΠΑΔΟΠΟΥΛΟΥ Πτι Μπερ Ολικής Άλεσης,19.0
2024-12-10,860735,NIVEA MEN Roll On Dry Impact (1+1)Δ,48.6
2024-12-10,124051,SCOTCH BRITE Λευκό 75*115m,9.9
2024-12-10,124088,FORKAL Κορδόνι Γίγας,22.4
2024-12-10,124305,VILEDA Torsion Power (-3.00Ε),159.8
2024-12-10,123001,FORKAL Super Ξυλοπλάστ,17.9
2024-12-10,124341,VILEDA Supermocio Classic (1+1)Δώρο,95.0
2024-12-10,123005,FORKAL Λούστρου Λάστιχο,43.1
2024-12-10,124050,SCOTCH BRITE Πράσινο Γίγας Αντιβακτηριδιακό,9.9
2024-12-10,124067,SCOTCH BRITE Super Cleaner,16.7
2024-12-10,126817,FORKAL Superior Για Μοκέτες,17.8
2024-12-10,126007,ΞΥΛΟΠΛΑΣΤ Οικονομική Ν.603,16.0
2024-12-10,128056,VILEDA Supermocio Soft (1+1)Δώρο,57.0
2024-12-10,124045,SCOTCH BRITE Πράσινο Μικρό 75*115,14.5
2024-12-10,126440,VILEDA Κοντάρι Σφουγγαρίστρας Super,39.9
2024-12-10,126031,Κοντάρι Χρώμιου Inox Τάπα Διχ.Περ,26.9
2024-12-10,128841,MAGIC CLEAN Λεβάντα,16.3
2024-12-10,126421,FORKAL Σετ,11.7
2024-12-10,128751,MAGIC CLEAN Λεβάντα,7.4
2024-12-10,199971,VILEDA Sensitive Large,28.5
2024-12-10,206871,TEZA Extra Spray,59.9
2024-12-10,211429,FORKAL Χαλιών Με Λαβή Ιταλίας,18.5
2024-12-10,207047,VAPONA Gel Λεβάντα (3+1)Δώρο,43.9
2024-12-10,199968,VILEDA Sensitive Small,28.5
2024-12-10,220867,AIRWICK Freshm-Vanilla&Orchid Αντ/κό,57.3
2024-12-10,199972,VILEDA Sensitive Medium,28.5
2024-12-10,220872,AIRWICK Freshmatic Λεβάντα Αντ/κό,57.3
2024-12-10,206807,TEZA Spray Χωρίς Άρωμα,54.9
2024-12-10,206418,AROXOL (-0-45Ε),25.2
2024-12-10,220190,GLADE Microspray Lavender Αντ/κό,34.4
2024-12-10,220438,GLADE Sense & Spray Relaxing Αντ/κό,40.0
2024-12-10,220455,GLADE Spray Magnolia & Vanilla,47.4
2024-12-10,300105,FINO Μεσαίες N.200,13.9
2024-12-10,220355,AIRWICK Stick up Peach,69.9
2024-12-10,304000,SANITAS 2σε1,18.5
2024-12-10,309001,Οινόπνευμα Καθαρό ΙΒ 95ο,81.9
2024-12-10,300102,FINO Μικρές N-100,7.8
2024-12-10,300615,ALASKA Professional,65.6
2024-12-10,309011,DONNA Φωτιστικό,10.5
2024-12-10,421903,SOUPLINE Φρεσκάδα Εξοχής Για Ντουλάπες,29.9
2024-12-10,500015,FORKAL N-2,9.9
2024-12-10,502019,FORKAL 3 Color,11.9
2024-12-10,500266,WETTEX No 2,16.2
2024-12-10,500291,WETTEX No 3,20.5
2024-12-10,500419,WETTEX Μαγικό Ρολό,35.7
2024-12-10,64830,MAGIC CLEAN Λεβάντα Blister,11.0
2024-12-10,700394,SCOTCH BRITE Για Δύσκολες Εργασίες Medium,21.3
2024-12-10,700440,SCOTCH BRITE Με Εργονομικό Στίφτη (-3-00Ε),76.9
2024-12-10,700391,SCOTCH BRITE Colori,44.9
2024-12-10,700389,SCOTCH BRITE Colori Φαρδιά Βίδα,15.9
2024-12-10,700392,SCOTCH BRITE Colori,18.9
2024-12-10,701074,AROXOL Gel Full Seas.Λεβάντα(3+3Δώρο),55.3
2024-12-10,701255,VAPONA Mini Thin Moth Paper (+5τεμ-)Δ,38.0
2024-12-10,701553,AROXOL Gel Full Season Λεβ/τα (6+6)Δ,92.8
2024-12-10,701419,AROXOL Gel Full Seas-Λεβ/τα (2+1)Δώρο,38.8
2024-12-10,702189,AIRWICK Life Scents Turquoise Oasis,56.2
2024-12-10,702230,AIRWICK Life Scents Turq- Oasis Αντ/κό,57.3
2024-12-10,702911,PRACTIC Βινυλίου Χωρίς Πούδρα Medium,38.9
2024-12-10,702912,PRACTIC Βινυλίου Χωρίς Πούδρα XL,38.9
2024-12-10,704393,ΑΛΟΥΜΙΝΙΟΝ ΘΑΛΑΣΣΙΝΟΣ Νιτριλίου Large,9.9
2024-12-10,704392,ΘΑΛΑΣΣΙΝΟΣ Νιτριλίου Medium,9.9
2024-12-10,704915,WETTEX Strong (2+2)Δώρο,12.9
2024-12-10,704918,VILEDA Classic (2+1)Δώρο,22.2
2024-12-10,704927,MICROFIBER Tower Lines,34.1
2024-12-10,704973,VILEDA Microfibre Colors,38.5
2024-12-10,706016,AIRWICK Fresh-Magnolia & Cherry Αντ/κό,57.3
2024-12-10,706497,SCOTCH BRITE Extreme,9.9
2024-12-10,709960,MAGIC CLEAN Κάμφορα Blister,11.0
2024-12-10,710837,TEZA 2σε1 + Αντ/κό ΔΩΡΟ 60Νύχτες,74.9
2024-12-10,711005,AROXOL Σετ Υγρό (-2-00)Ε,48.9
2024-12-10,711336,SCOTCH BRITE Μικροϊνών,49.9
2024-12-10,715158,Γάντια Μιας Χρήσης Latex Medium,47.9
2024-12-10,715548,GLADE Aut-Spray Sheer Vanilia Αντ/κό,60.6
2024-12-10,716464,FORKAL Soft No2,10.9
2024-12-10,716465,FORKAL Status (1+1)Δώρο,36.9
2024-12-10,740448,TAI Trap Μικρή,22.9
2024-12-10,741037,SCOTCH BRITE Πράσινο Μικρό 75*115 (2+1)Δώρο,29.0
2024-12-10,854862,MADONA Rubber Cleaner (1+1)Δώρο,13.5
2024-12-10,854888,RAID Για Τρόφιμα (+1τεμ)Δώρο,64.7
2024-12-10,854718,BAYGON Liquid Σετ  (-1-00Ε),70.8
2024-12-10,860225,BOSS Θήκη,21.0
2024-12-10,854992,VILEDA Κοντάρι Σκούπας Κόκκινο,31.9
2024-12-10,861444,FORKAL Metal-Plast 115cm,11.6
2024-12-10,862495,VILEDA 3Αction,79.9
2024-12-10,869176,VELKO,12.5
2024-12-10,869471,MAGIC CLEAN Λεβάντα,11.0
2024-12-10,869575,SCOTCH BRITE Clik Clak,53.9
2024-12-10,870106,WETTEX Νo 1 (2+1)Δώρο,21.4
2024-12-10,873932,ΕΥΡΗΚΑ,9.8
2024-12-10,875049,PYROX Φιδάκι,17.7
2024-12-10,874953,SANITAS Μικρές Αρωματικές 46x56cm,12.9
2024-12-10,875033,AROXOL Mec (-1-00Ε),69.7
2024-12-10,875729,VILEDA (3+1)Δώρο (-1.00)Ε,29.9
2024-12-10,878095,BAYGON (-1-00Ε),63.4
2024-12-10,878094,BAYGON (-0-50Ε),55.8
2024-12-10,878020,BAYGON Mat (+30τεμ)Δώρο,69.8
2024-12-10,881864,Κοντάρι Ξύλου Λούστρου 120cm,16.1
2024-12-10,883501,GLADE Aut-Spray Relaxing Zen Αντ/κό,60.6
2024-12-10,884714,VAPONA Κρεμάστρες Άοσμες(4+2τεμ)Δώρο,50.9
2024-12-10,912749,SCOTCH BRITE 30 φύλλων,19.9
2024-12-10,911746,FINO Μεγάλες N.300,15.9
2024-12-10,703915,ΓΙΩΤΗΣ,21.8
2024-12-10,718426,XENIA Καλαμών 40%Λιγ-Αλ.Βάζο(-1.00)Ε,30.7
2024-12-10,112055,VEET Silk & Fresh Normal Skin,53.9
2024-12-10,718201,PEDIGREE Tasty Bites Chewy CubesChicken,22.9
2024-12-10,62168,KIKKOMAN Soy,43.8
2024-12-10,27444,ΓΙΩΤΗΣ Στιγμής Μπισκότο,10.2
2024-12-10,717276,STR8 Spray Ahead,25.9
2024-12-10,868865,ΓΙΩΤΗΣ Cream & Cookies,39.7
2024-12-10,872267,ΓΙΩΤΗΣ Praline Dream,30.6
2024-12-10,716521,ΓΙΩΤΗΣ Σοκ-Με Γεύση Φράουλα Σε Σταγ.,13.5
2024-12-10,70918,BONOMI Ζάχαρη,29.0
2024-12-10,873655,RIO MARE Insalatissime Μεξικάνα & Τόνος,59.4
2024-12-10,401971,GOURMET Gold Μους Βοδινό,6.5
2024-12-10,206430,AROXOL Liquid Refill (1+1)Δώρο,83.8
2024-12-10,68003,ΠΑΥΛΙΔΗΣ Υγείας Με Αμύγδαλο,19.8
2024-12-10,851646,PALMOLIVE Naturals Γάλα & Aμύγδαλο,30.8
2024-12-10,531652,CAPRICE Πουράκια Βανίλια,32.9
2024-12-10,85401,OB Pro Comfort Super,47.5
2024-12-10,85402,OB Pro Comfort Normal,45.0
2024-12-10,706570,GELO,11.6
2024-12-10,206804,TEZA MEC Spray,70.9
2024-12-10,717013,PLANT OUT,8.9
2024-12-10,40741,ΕΥΡΙΠΟΣ Χαμομήλι,20.2
2024-12-10,119039,BIC J26 Maxi Ασφαλείας,14.9
2024-12-10,119529,BIC J25 Μini AST M3,42.9
2024-12-10,119044,BIC J25 Mini Ασφαλείας,12.6
2024-12-10,483555,TAI Κύβοι,23.9
2024-12-10,483024,Σπίρτα Ινδίας,4.6
2024-12-10,713757,ΕΛ ΓΚΡΕΚΟ Βάση Εστίας,70.4
2024-12-10,713840,ΕΛ ΓΚΡΕΚΟ Βάση Εστίας,70.4
2024-12-10,713755,ΕΛ ΓΚΡΕΚΟ CV470 Plus Τυρκουάζ,70.4
2024-12-10,759118,ΕΛ ΓΚΡΕΚΟ Βάση Εστίας,70.4
2024-12-10,758853,ΕΛ ΓΚΡΕΚΟ,367.0
2024-12-10,848818,Σπινθηρίζοντα Βεγγαλικά Τούρτας-Γενεθλίων,16.9
2024-12-10,858130,INDIKER,23.6
2024-12-10,867547,CAMPINGAZ Υγρ/ίου Διάτρητο C206 GLS,21.7
2024-12-10,868896,CAMPINGAZ Bluet CG (-10-00Ε),212.5
2024-12-10,872714,ΜΕΤΑΛΕΞ Θυμιάματος Γίγας,5.9
2024-12-10,878116,Φυτιλάκι Μελισσοκέρι,10.5
2024-12-10,878114,Μοσχολίβανο Κασετίνα,9.5
2024-12-10,878119,Καντηλίθρες Κασετίνα,15.9
2024-12-10,878115,Φυτιλάκι Κασετίνα,7.9
2024-12-10,878120,ΜΕΤΑΛΕΞ Πακέτο,4.0
2024-12-10,878113,Λιβάνι Δάκρυ Χοντρό - 25G Κουτί,10.9
2024-12-10,878118,Σετ Θυμιάματος Μικρό,21.9
2024-12-10,878117,ΜΕΤΑΛΕΞ Κασετίνα,11.9
2024-12-10,718850,ΠΑΠΑΔΟΠΟΥΛΟΥ Μπισκότα Γεμιστά με Καρύδα,10.9
2024-12-10,861753,ΟΙΚ-ΣΤΕΡΓΙΟΥ Ψωμάκι Με Μπιφτέκι & Ενταμ,19.3
2024-12-10,719060,BIOTEN Beloved Vanilla,62.9
2024-12-10,48748,ΟΛΑ ΒΙΟ,14.5
2024-12-10,48758,ΟΛΑ ΒΙΟ,21.1
2024-12-10,48744,ΟΛΑ ΒΙΟ Καφέ,26.1
2024-12-10,700334,ΟΛΑ ΒΙΟ Ανάμικτοι,45.8
2024-12-10,710043,ΚΤΗΜΑ ΝΙΚΟΛΟΠΟΥΛΟΣ ΒΙΟ Εξ- Παρθένο,134.5
2024-12-10,752484,ΟΛΑ ΒΙΟ Απύρηνα,34.1
2024-12-10,752495,ΟΛΑ ΒΙΟ Σόγιας,22.6
2024-12-10,752485,ΟΛΑ ΒΙΟ Corn Flakes Χωρίς Ζάχαρη,21.6
2024-12-10,752497,ΟΛΑ ΒΙΟ Χωρίς Ζάχαρη,20.2
2024-12-10,752475,ΟΛΑ ΒΙΟ Χωριάτικο,24.6
2024-12-10,752670,ΟΛΑ ΒΙΟ,53.3
2024-12-10,758881,ΟΛΑ ΒΙΟ Τρίχρωμη,31.8
2024-12-10,867614,ΟΛΑ ΒΙΟ Καρύδας,27.2
2024-12-10,874593,ΟΛΑ ΒΙΟ Κοπανιστός,22.9
2024-12-10,878137,ΟΛΑ ΒΙΟ Χωρίς Αλάτι Ολικής,59.3
2024-12-10,878009,ΟΛΑ ΒΙΟ Ξανθές,34.5
2024-12-10,602083,COVER Led Prem.E27 11W (Ψυχρό),29.9
2024-12-10,602084,Λαμπτήρας Led Premium 11W (Θερμό),29.9
2024-12-10,705094,ALFA Κεφάτα Λουκανοπιτάκια Κουρού,45.4
2024-12-10,12941,ΗΒΗ Go Red Φρουτοποτό,6.8
2024-12-10,12940,ΗΒΗ Go Blue Φρουτοποτό,6.8
2024-12-10,14215,ΙΟΛΗ,5.3
2024-12-10,717795,SWIFFER,33.7
2024-12-10,719156,ΚΥΚΝΟΣ Κόκκινα,15.6
2024-12-10,719280,3ΑΛΦΑ Φάβα Κομμένη Λάρισας,17.5
2024-12-10,867822,ΟΛΑ ΒΙΟ Με Αλάτι,12.2
2024-12-10,864782,MAGGI Με Μανιτάρια,7.5
2024-12-10,41925,Χοιρινή Σπάλα Α/Ο Ελληνική,78.5
2024-12-10,703707,FORKAL Ορθοστατικό Σετ,64.3
2024-12-10,716463,ΞΥΛΟΠΛΑΣΤ Σκούπα,22.8
2024-12-10,718218,3ΑΛΦΑ Φακές Κόκκινες,21.2
2024-12-10,131024,ELLO ERMOL Φυτική,22.9
2024-12-10,718196,PEDIGREE Adult Mini Μοσχάρι&Λαχανικά,55.2
2024-12-10,48745,ΟΛΑ ΒΙΟ,37.7
2024-12-10,709838,ΟΛΑ ΒΙΟ Ολ-Αλεσης Χωρίς Γλουτένη,19.6
2024-12-10,753837,ΟΛΑ ΒΙΟ Κορινθιακές Μαύρες,26.7
2024-12-10,882449,ΟΛΑ ΒΙΟ Βρώμης,14.5
2024-12-10,701576,BIC Flex 3 Μιας Χρήσης,43.5
2024-12-10,702368,PRODERM 0-12 μηνών,28.0
2024-12-10,716308,ΑΝΑΤΟΛΗ Μείγμα Για Πατάτες,10.5
2024-12-10,715664,ΑΝΑΤΟΛΗ Σκόρδο Τριμμένο,12.2
2024-12-10,716259,ΑΝΑΤΟΛΗ Κάρυ,7.3
2024-12-10,716727,ΑΝΑΤΟΛΗ Κανέλλα Τριμμένη Κευλάνης,13.2
2024-12-10,719278,ΑΝΑΤΟΛΗ Μείγμα BBQ,10.5
2024-12-10,719279,ΑΝΑΤΟΛΗ Μείγμα Κοτόπουλου,10.5
2024-12-10,870588,GRANT΄S 40% (-1-50Ε),171.6
2024-12-10,60003,HEINZ Top Down,30.0
2024-12-10,719271,ΕΔΕΜ Γλυκό,22.8
2024-12-10,719270,ΕΔΕΜ Κόκκινα,17.1
2024-12-10,719469,BARILLA Pesto Basilico Vegan,36.8
2024-12-10,719445,ΠΑΠΑΔΗΜΗΤΡΙΟΥ Με Ρόδι,33.7
2024-12-10,864781,MAGGI Με Κοτόπουλο,7.5
2024-12-10,873008,NIVEA MEN Roll On Black & White,52.9
2024-12-10,719580,ΜΕΒΓΑΛ High Protein Βανίλια,18.6
2024-12-10,14517,ΑΥΡΑ,25.2
2024-12-10,719608,ALFA Πίτσα Μαργαρίτα,89.0
2024-12-10,19611,BUBBALOO Strawberry,7.1
2024-12-10,712514,TRIDENT Max Frost Καρπούζι,11.0
2024-12-10,712694,TRIDENT Max Splash Δυόσμος,11.0
2024-12-10,861571,CRUNCH Με Μπισκότο,13.2
2024-12-10,718197,PEDIGREE Tasty Bites Cheesy,22.9
2024-12-10,5000,BEEFEATER,181.7
2024-12-10,719626,LA MAMA^S Καρολίνα,10.8
2024-12-10,704675,KITKAT 4 Finger Multipack,25.4
2024-12-10,704674,KITKAT 4 Finger White,8.1
2024-12-10,929853,KITKAT Chunky Mini,38.8
2024-12-10,719621,ΦΑΓΕ Total Στραγγιστό 0% (-1.00 Ε),25.3
2024-12-10,20026,M&M΄S Φιστίκι,20.7
2024-12-10,708916,TRIDENT Strawberry,11.0
2024-12-10,124275,MADONA Papillon Soft Massage (1+1)Δώρ,8.6
2024-12-10,719232,NIVEA MEN Roll On Deep,52.9
2024-12-10,23008,ΓΙΩΤΗΣ,70.7
2024-12-10,717277,JOHNSON΄S & JOHNSON΄S Soft & Nourish,29.7
2024-12-10,669201,NUTELLA Ferrero,73.0
2024-12-10,719691,CORNY BIG Choco-Banana,9.2
2024-12-10,719725,ΕΠΙΛΟΓΗ ΜΟΥ Βερύκοκο Τάπερ,13.4
2024-12-10,719713,NESTLE Fitness Σοκολάτα,6.7
2024-12-10,719727,ΕΠΙΛΟΓΗ ΜΟΥ Ροδάκινο Τάπερ,13.4
2024-12-10,719712,NESTLE Fitness Σοκολάτα & Φουντούκι,6.7
2024-12-10,719726,ΕΠΙΛΟΓΗ ΜΟΥ Κεράσι Τάπερ,13.4
2024-12-10,719073,SANITAS Αρωματικές WC Με Χερούλι,11.9
2024-12-10,719504,ZERO Φράουλα,11.6
2024-12-10,719747,ΕΔΕΜ Γλυκό (2+1)Δώρο,38.3
2024-12-10,719767,WHISKAS Casserole Junior Σε Ζελέ Κοτοπ,8.1
2024-12-10,702076,ΠΑΠΑΔΟΠΟΥΛΟΥ 2πλο Γεμιστά με Κρέμα,15.0
2024-12-10,852974,ΠΑΠΑΔΟΠΟΥΛΟΥ 2πλο Γεμιστά με Σοκολάτα,15.0
2024-12-10,68517,BREAK Φουντούκι,19.5
2024-12-10,719817,WETTEX Art Collection,25.0
2024-12-10,719875,LACTA White,18.5
2024-12-10,719877,ΠΑΥΛΙΔΗΣ Υγείας 70% (3+1)Δώρο,27.0
2024-12-10,719872,ΠΑΥΛΙΔΗΣ Κακάο 70% Φρούτα-Φουντούκι,21.9
2024-12-10,719878,ΠΑΥΛΙΔΗΣ Υγείας 70%,9.0
2024-12-10,719876,LACTA Oreo Sandwich,18.5
2024-12-10,24007,JANNIS Mixed Nuts,10.6
2024-12-10,23301,JANNIS Σουσάμι,9.3
2024-12-10,708689,AROMATICS Musk (1+1)Δώρο,53.8
2024-12-10,719728,ΕΠΙΛΟΓΗ ΜΟΥ Φράουλα Τάπερ,13.4
2024-12-10,719751,JANNIS Σουσάμι,4.6
2024-12-10,19999,M&M΄S Choco,20.7
2024-12-10,719546,LACTA Κρέμα Φράουλα,18.5
2024-12-10,483691,Υγρό Λάμπας Lampoil,37.9
2024-12-10,703986,MADONA Latex Small,96.9
2024-12-10,943576,TRIDENT Τσιχλόφουσκα,11.0
2024-12-10,43199,HOLCO Κομμένα,25.9
2024-12-10,720695,ΕΠΙΛΟΓΗ ΜΟΥ,11.9
2024-12-10,719698,ΕΠΙΛΟΓΗ ΜΟΥ Cookies Σοκολάτα,10.5
2024-12-10,720696,ΕΠΙΛΟΓΗ ΜΟΥ Ερυθρό,3.9
2024-12-10,905781,REALEMON Λεμονιού,12.4
2024-12-10,861752,ΟΙΚ-ΣΤΕΡΓΙΟΥ Γαλοπούλα - Ενταμ - Μαγιονέζα,17.3
2024-12-10,92809,NEUTRO ROBERTS Powder Fresh,29.0
2024-12-10,23406,ΟΙΚ-ΣΤΕΡΓΙΟΥ Γαλοπούλα - Τυρί,22.3
2024-12-10,861759,ΟΙΚ- ΣΤΕΡΓΙΟΥ Καπνιστή Γαλοπούλα - Ενταμ,24.3
2024-12-10,719940,EVERYDAY Fresh Normal (+20τεμ-)Δώρο,21.0
2024-12-10,712191,CONDITO Mild,26.5
2024-12-10,720706,ΙΟΝ Σοκοφρέτα με Stevia,5.7
2024-12-10,720891,ΔΕΡΜΙΣΗΣ Μαλακά Μπισκότα Banoffee,13.6
2024-12-10,720705,ΙΟΝ Φουντουκιού,16.9
2024-12-10,720707,ΙΟΝ Σοκοφρέτα Υγείας Με Stevia,5.7
2024-12-10,720890,ΔΕΡΜΙΣΗΣ Μαλακά 0% Κακάο Σοκολάτα,11.4
2024-12-10,703775,ASTIR Άγιος Βασίλης Γάλακτος,19.9
2024-12-10,762770,ASTIR Χριστουγεννιάτικο Ημερολόγιο,39.9
2024-12-10,905312,ASTIR Άγιος Βασίλης Γάλακτος,23.2
2024-12-10,129193,NUVOLA Φαγητοδοχείο Ορθογώνιο,32.9
2024-12-10,148048,STATUS Τρίφυλλη Μεταλλική,144.9
2024-12-10,196009,NUVOLA Φαγητοδοχείο Τετράγωνο,27.9
2024-12-10,198125,FEST Magic Ν.16 Αντικ/κό Ηλεκ/κή,169.9
2024-12-10,704928,SAMBA XL Με Λάστιχο 140x55cm,69.9
2024-12-10,849842,FEST Cook&Fun Ν.5 Αντικ/κό Υγραερίο,77.9
2024-12-10,759354,Ανοιχτήρι Κρασιού,52.9
2024-12-10,895601,Ηλεκτρικό Υπόστρωμα Μονό (150*80),134.9
2024-12-10,895600,Ηλεκτρικό Υπόστρωμα Διπλό 2*60W (160*140),224.9
2024-12-10,918821,GRAND BAR Ποτήρι Κρασιού 12άδα,88.5
2024-12-10,702369,PRODERM 1-3 ετών,28.0
2024-12-10,708710,ASTIR Με Χριστ/κες Σοκ/νιες Ποικιλ-,66.9
2024-12-10,719396,NUTELLA Ferrero B Ready,11.0
2024-12-10,720787,VASELINE Aloe Soothe,55.9
2024-12-10,720823,FERRERO Raffaello,31.9
2024-12-10,720852,ΑΝΑΤΟΛΗ Mix Πιπεριών,17.5
2024-12-10,720836,KNORR Βοδινό,7.1
2024-12-10,720810,ΟΛΥΜΠΟΣ Πραλίνα Φουντουκιού Με Stevia,44.7
2024-12-10,720333,ΜΟΥΣΕΣ Κλασικό,49.9
2024-12-10,720778,NATURE VALLEY Πρωτείνης Σοκολάτα,34.8
2024-12-10,719499,LENOR Unstoppables Fresh,37.5
2024-12-10,720809,ΟΛΥΜΠΟΣ Μπισκότο & Ταχίνι,44.7
2024-12-10,863138,ORBIT Blueberry,8.0
2024-12-10,945532,TULIP,23.9
2024-12-10,722986,ΕΠΙΛΟΓΗ ΜΟΥ Ανθέων,49.9
2024-12-10,722988,ΕΠΙΛΟΓΗ ΜΟΥ Ανθέων Κωνοφόρων Ελληνικό,69.9
2024-12-10,722985,ΕΠΙΛΟΓΗ ΜΟΥ Ανθέων Κωνοφ-Θυμαρ. Ελληνικό,39.9
2024-12-10,848869,ΙΟΝΙΟΝ 3τεμ. 4 Λειτουργιών,93.2
2024-12-10,719879,ΠΑΥΛΙΔΗΣ Υγείας Αμύγδαλο,11.1
2024-12-10,869418,CAMPER GAZ Deluxe - Mε Βαλβίδα Ασφαλείας,199.9
2024-12-10,41139,Γαλοπούλα Κατεψυγμένη,261.8
2024-12-10,730283,ΕΔΕΜ Φάκελος,25.5
2024-12-10,865617,SANITAS (2+1) Δώρο,13.9
2024-12-10,68001,SERENATA Γκοφρέτα,4.9
2024-12-10,870354,SERENATA Γκοφρέτα Γάλακτος,13.1
2024-12-10,721377,ΕΠΙΛΟΓΗ ΜΟΥ Πορτοκάλι & Μαύρη Σοκολάτα,18.0
2024-12-10,721380,ΕΠΙΛΟΓΗ ΜΟΥ Απαλή,9.8
2024-12-10,721381,ΕΠΙΛΟΓΗ ΜΟΥ Classic,27.9
2024-12-10,721382,ΕΠΙΛΟΓΗ ΜΟΥ Light Top Down,22.9
2024-12-10,531416,CAPRICE Πουράκια Pop Art,31.0
2024-12-10,129338,LE PETIT MARSEILLAIS Άνθη Πορτοκαλιάς,22.5
2024-12-10,62318,BARILLA Arrabbiata,30.6
2024-12-10,84624,HANSAPLAST Αqua Protect,35.7
2024-12-10,862362,AFAIA Μαλακό Με Σουσ&Φιστίκι Αιγίνης,14.2
2024-12-10,25076,ΓΙΩΤΗΣ Φράουλα,15.5
2024-12-10,719881,EASY BAKE,22.7
2024-12-10,718419,JOHNSON΄S & JOHNSON΄S V-Rich Yogurt & Honey,29.7
2024-12-10,40880,LIPTON Apple & Cinnamon,22.5
2024-12-10,47540,AGRINO Φασόλια Μέτρια,23.8
2024-12-10,721451,ΕΠΙΛΟΓΗ ΜΟΥ Choco Balls,23.9
2024-12-10,721452,ΕΠΙΛΟΓΗ ΜΟΥ Choco Flakes,27.9
2024-12-10,721449,ΕΠΙΛΟΓΗ ΜΟΥ Corn Flakes,21.9
2024-12-10,721448,ΕΠΙΛΟΓΗ ΜΟΥ Cocoa Pops,27.5
2024-12-10,721444,ΕΠΙΛΟΓΗ ΜΟΥ Απαλή Top Down,17.5
2024-12-10,721445,ΕΠΙΛΟΓΗ ΜΟΥ Πικάντικη Top Down,17.5
2024-12-10,724108,JOHNSON΄S BABY Regular Aντλία,27.9
2024-12-10,721499,ΞΥΛΟΥΡΗΣ Εξτρα Παρθένο,391.0
2024-12-10,721443,ΕΠΙΛΟΓΗ ΜΟΥ Κλασσική Top Down,24.9
2024-12-10,721545,KRAFT Βάζο,29.8
2024-12-10,724109,JOHNSON΄S BABY Με Χαμομήλι Αντλία,35.6
2024-12-10,49526,ΜΑΚΕΔΟΝΙΚΟΣ Κακάο,60.0
2024-12-10,49746,ΟΛΥΜΠΟΣ Βανίλια Σε Σκαφάκι,41.9
2024-12-10,49745,ΟΛΥΜΠΟΣ Κακάο Σε Σκαφάκι,41.9
2024-12-10,49687,ΟΛΥΜΠΟΣ Αμυγδάλου,45.4
2024-12-10,24113,ΑΤΤΙΚΗ Πίττας Δάσους Φίνο,24.3
2024-12-10,721482,ΕΠΙΛΟΓΗ ΜΟΥ Με Φουντουκόπαστα,43.9
2024-12-10,608004,KOKLIKO Ποτήρια 200ml,35.9
2024-12-10,608005,KOKLIKO Καλαμάκια Χάρτινα,12.5
2024-12-10,71654,Μπακαλιάρος Φιλέτο Ελαφρά Αλατ/νος κτψ,124.0
2024-12-10,70010,ΚΑΝΑΚΙ Φύλλο Κρούστας,49.9
2024-12-10,721536,ΕΠΙΛΟΓΗ ΜΟΥ Πικάντικη Top Down,17.5
2024-12-10,721533,ΕΠΙΛΟΓΗ ΜΟΥ Classic,13.5
2024-12-10,721578,MILLHOUSE Super Fruits & Dark Chocolate,25.0
2024-12-10,721534,ΕΠΙΛΟΓΗ ΜΟΥ Classic,16.5
2024-12-10,721532,ΕΠΙΛΟΓΗ ΜΟΥ Classic,8.5
2024-12-10,721535,ΕΠΙΛΟΓΗ ΜΟΥ Classic Top Down,17.5
2024-12-10,724134,JOHNSON΄S BABY Aloe Vera,28.4
2024-12-10,943575,TRIDENT Splash Δυόσμος,20.2
2024-12-10,92967,JOHNSON΄S BABY Με Χαμομήλι,21.5
2024-12-10,721366,NESTLE Lion,23.9
2024-12-10,721530,ΕΠΙΛΟΓΗ ΜΟΥ Γιαλαντζι,19.8
2024-12-10,714227,ΕΛΜΑ Με Μαστίχα Χιου & Δυόσμο,7.9
2024-12-10,949098,ΕΛΜΑ Με Μαστίχα Χιου & Λεμόνι,7.9
2024-12-10,721650,NESTLE Fitness Σοκολάτα & Μπανάνα,38.9
2024-12-10,721644,PURINA ONE Mini Adult Beef & Rise,55.6
2024-12-10,948223,FRISKIES Picnic Βοδινό,10.2
2024-12-10,942752,VAPONA Mini Λεβάντα (4+2)Δώρο,53.2
2024-12-10,721630,ΕΠΙΛΟΓΗ ΜΟΥ Κακάο,32.9
2024-12-10,721529,ΕΠΙΛΟΓΗ ΜΟΥ Γιαχνί,17.8
2024-12-10,724105,JOHNSON΄S BABY Blue Αντλία,36.0
2024-12-10,858103,Αρωματικό Κερί Σε Ποτήρι 65x65mm,19.7
2024-12-10,848819,Κερί Ρεσώ Λευκό 8 ωρών,34.2
2024-12-10,858102,Αρωματικό Κερί Σε Ποτήρι 75x80mm,34.9
2024-12-10,879517,DECORATA Μεγ.Party Flying Balloons,25.7
2024-12-10,879513,DECORATA Flying Balloons,19.5
2024-12-10,879518,DECORATA Πλ/κά Party Flying Balloons,20.5
2024-12-10,723334,JOHNSON΄S BABY Shiny Drops,29.6
2024-12-10,724345,BOROTALCO Spray Original,30.0
2024-12-10,721528,ΕΠΙΛΟΓΗ ΜΟΥ Digestive,10.5
2024-12-10,721527,ΕΠΙΛΟΓΗ ΜΟΥ Digestive 0% Ζάχαρη,13.5
2024-12-10,721607,NUTRICIA Με Πολυδημητριακά,28.1
2024-12-10,724348,BOROTALCO Roll On Original,30.0
2024-12-10,721631,GUM ON Burger,9.6
2024-12-10,721867,KRAFT,16.6
2024-12-10,867056,ΠΑΠΑΔΟΠΟΥΛΟΥ Digestive Πορτοκάλι Σοκολάτα,26.5
2024-12-10,724346,BOROTALCO,21.7
2024-12-10,702922,ΝΟΥΝΟΥ Βούτυρο Ανάλατο,43.3
2024-12-10,724355,OLD SPICE Spray Whitewater,32.9
2024-12-10,608590,ENERGIZER Αλκαλικές ΑΑΑ,47.9
2024-12-10,721907,ΠΑΠΑΔΟΠΟΥΛΟΥ Μπισκότα Μαύρη Σοκολάτα,18.3
2024-12-10,721919,ΕΠΙΛΟΓΗ ΜΟΥ,5.9
2024-12-10,721811,ΕΠΙΛΟΓΗ ΜΟΥ Αμύγδαλο,19.9
2024-12-10,721810,ΕΠΙΛΟΓΗ ΜΟΥ Τριαντάφυλλο,28.9
2024-12-10,721869,KRAFT,30.6
2024-12-10,13408,ΗΒΗ Energy Blue,27.1
2024-12-10,23798,ΑΦΟΙ Ι- ΛΑΜΠΟΥ Μελάτο Μαλακό Καλαμάτας,10.0
2024-12-10,48752,ΟΛΑ ΒΙΟ Coco Pops,23.2
2024-12-10,53858,ΠΑΡΟΣ,14.7
2024-12-10,702595,ΟΛΑ ΒΙΟ Chia,39.0
2024-12-10,704467,ΟΛΑ ΒΙΟ,18.2
2024-12-10,701198,ORIENTAL EXPRESS Ρυζιού Stir-Fry,24.7
2024-12-10,704127,ΟΛΑ ΒΙΟ,15.8
2024-12-10,700117,ORIENTAL EXPRESS Με Κοτόπουλο & Τσίλι,10.8
2024-12-10,701197,ORIENTAL EXPRESS Family,27.1
2024-12-10,701199,ORIENTAL EXPRESS Ρυζιού Πλατιά,24.7
2024-12-10,709947,Γλειφιτζούρι Στρογγυλό Πολύχρωμο,9.0
2024-12-10,70724,ΧΡΥΣΗ ΖΥΜΗ Τυρόπιτα Σπιτική,75.1
2024-12-10,861838,MENTOS Curvy Lemon Bottle,14.1
2024-12-10,878105,ΟΛΑ ΒΙΟ Αναποφλοίωτο,33.4
2024-12-10,869433,LACTA Γάλακτος (3+1) Δώρο,24.0
2024-12-10,873618,ΟΛΑ ΒΙΟ,14.4
2024-12-10,875029,ORIENTAL EXPRESS 3^ Με Γεύση Πάπια Πεκίνου,10.8
2024-12-10,890561,ΟΛΑ ΒΙΟ Κεϋλάνης Σκόνη,16.9
2024-12-10,904416,ΠΑΠΑΔΟΠΟΥΛΟΥ Πτι μπερ Σοκολάτα (-0-50Ε),33.0
2024-12-10,609801,MADONA Μικροϊνών (3+1)Δώρο,19.8
2024-12-10,721651,ΠΑΛΙΡΡΟΙΑ Φάβα,26.5
2024-12-10,721537,ΕΠΙΛΟΓΗ ΜΟΥ Κρέμα,18.9
2024-12-10,945409,ΔΑΣΚΑΛΑΚΗ Πίττας Ανθέων-Κωνοφόρων,46.9
2024-12-10,721921,ΕΠΙΛΟΓΗ ΜΟΥ Γλυκόζης,19.9
2024-12-10,721930,ΕΠΙΛΟΓΗ ΜΟΥ Βύσσινο,17.2
2024-12-10,721931,ΕΠΙΛΟΓΗ ΜΟΥ Σοκολάτα,17.2
2024-12-10,721729,MAGIC Double Caramel,84.9
2024-12-10,721557,ΧΡΥΣΗ ΖΥΜΗ Κοτόπιτα με Γραβιέρα-Πιπεριές,87.0
2024-12-10,724427,AROXOL Για Ακάρεα & Σκόρους,81.3
2024-12-10,618522,ENERGIZER Touch Tech Μπρελόκ,71.9
2024-12-10,608591,ENERGIZER Αλκαλικές ΑΑ,47.9
2024-12-10,618523,ENERGIZER Μεταλλικός,99.9
2024-12-10,721990,XENIA Πράσινες Φέτες 40% Λιγ-Αλάτι,21.0
2024-12-10,724324,AMITA Πορτοκάλι (-0-30Ε),21.3
2024-12-10,727144,ΕΠΙΛΟΓΗ ΜΟΥ,3.9
2024-12-10,721890,ΑΤΤΙΚΗ Πίττας Φίνο Ανθέων-Κωνοφόρων,86.7
2024-12-10,721989,XENIA Καλαμών Φέτες 40% Λιγ-Αλάτι,31.8
2024-12-10,724271,ALWAYS Maxi Night,35.7
2024-12-10,721993,ΕΠΙΛΟΓΗ ΜΟΥ Ρεβύθια Χονδρά,14.5
2024-12-10,724520,BAYGON Liquid Refill 120νύχτες (1+1)Δ,86.8
2024-12-10,721954,SHEBA Γαλοπούλα Σε Λευκή Σάλτσα,8.9
2024-12-10,721803,QUAKER Cookies & Cream,49.5
2024-12-10,702913,Γάντια Βινυλίου Χωρίς Πούδρα Large,38.9
2024-12-10,619113,VIOMES No451 1-8L,18.1
2024-12-10,619091,VIOMES No678 (0.5L-0.9L-1.7L),39.3
2024-12-10,619114,VIOMES No51 2-5L,19.7
2024-12-10,720283,VIOMES Νο45 2L,26.2
2024-12-10,757710,VIOMES No62 6-5L,16.9
2024-12-10,945404,VIOMES Νο66 20L,41.9
2024-12-10,945374,VIOMES Νο60 3L,10.9
2024-12-10,945371,VIOMES No64 11-5L,27.9
2024-12-10,619085,VILEDA Microfibre Colours,71.0
2024-12-10,727166,ΕΠΙΛΟΓΗ ΜΟΥ,52.9
2024-12-10,129337,LE PETIT MARSEILLAIS Vanilla,22.5
2024-12-10,531054,ΑΛΛΑΤΙΝΗ Goody Μπισκότα Βουτύρου,13.9
2024-12-10,41724,NESTLE Nesquik Duo,32.8
2024-12-10,41475,NESTLE Nesquik Waves,29.9
2024-12-10,700900,STR8 Spray Red Code,25.9
2024-12-10,705111,ΓΙΩΤΗΣ Λεμόνι,4.7
2024-12-10,700351,ZERO Λεμόνι,11.6
2024-12-10,715576,ΓΙΩΤΗΣ 54% Κακάο Με Στέβια,13.4
2024-12-10,712490,ΟΛΥΜΠΟΣ Ολικής,35.8
2024-12-10,709045,HALLS Δυόσμος,9.9
2024-12-10,711687,HARIBO Fizzy Cola,13.2
2024-12-10,712492,ΟΛΥΜΠΟΣ Με Στέβια,50.9
2024-12-10,714752,HARIBO Wummis,13.2
2024-12-10,721592,ΟΛΥΜΠΟΣ Με Σοκολάτα Υγείας & Αμύγδαλα,28.8
2024-12-10,721580,NESTLE Lion Wild,29.9
2024-12-10,93948,FA Cream Cacao&Coconut,30.8
2024-12-10,60037,BRAVA Πλακέ,24.9
2024-12-10,620260,ENERGIZER Max D Αλκαλικές,74.5
2024-12-10,620261,ENERGIZER Max AA Αλκαλικές,59.5
2024-12-10,68199,ΠΑΥΛΙΔΗΣ Υγείας,19.2
2024-12-10,721918,ΕΠΙΛΟΓΗ ΜΟΥ,8.5
2024-12-10,724676,AXE Spray Ice Chill (1+1)Δ,59.9
2024-12-10,725049,CAREFREE Flexiform Fresh +26τεμ Δώρο,26.9
2024-12-10,727167,ΕΠΙΛΟΓΗ ΜΟΥ Με Μέλι,25.9
2024-12-10,725050,CAREFREE Aloe +26τεμ Δώρο,27.9
2024-12-10,727700,ΑΛΛΑΤΙΝΗ Πτι μπερ (-0-45Ε),20.5
2024-12-10,727308,ΟΙΚ-ΣΤΕΡΓΙΟΥ Γαλοπούλα & Cheddar,22.3
2024-12-10,727165,ΕΠΙΛΟΓΗ ΜΟΥ,21.9
2024-12-10,53064,ΤΟΠ,11.5
2024-12-10,760695,PRIMO GUSTO Pesto Mediterraneo,30.3
2024-12-10,760698,KRAFT,47.0
2024-12-10,212292,DECORATA Balloons The Party Is Here,31.4
2024-12-10,588765,Αρωματική Βάση Ανάγλυφη Παραστ. 65x65x80mm,24.9
2024-12-10,589201,Κερί Ρεσώ Λευκό Maxi 10 ωρών,37.3
2024-12-10,859271,COVER Bamboo,7.4
2024-12-10,727643,TRIDENT Senses Δυόσμος,11.0
2024-12-10,727309,ΟΙΚ-ΣΤΕΡΓΙΟΥ Κοτόπουλο & Cheddar,24.3
2024-12-10,727644,TRIDENT Senses Καρπούζι,11.0
2024-12-10,727649,TRIDENT Max Μέντα,11.0
2024-12-10,68330,ΠΑΥΛΙΔΗΣ Υγείας Με Πορτοκάλι,19.8
2024-12-10,719900,ΓΙΩΤΗΣ 1-2 Bake,24.9
2024-12-10,940776,ΓΙΩΤΗΣ 1-2 Bake,15.1
2024-12-10,760634,FRISKIES Βοδινό Σε Σάλτσα,5.7
2024-12-10,727648,TRIDENT Max Δυόσμος,11.0
2024-12-10,727646,TRIDENT Senses Φράουλα,11.0
2024-12-10,727645,TRIDENT Senses Τροπικά Φρούτα,11.0
2024-12-10,760708,ΣΥΝΕΡΓΑΣΙΑ Χρυσή Κρήτη,107.5
2024-12-10,760710,ΑΤΤΙΚΗ Πίττας Φίνο Ανθέων - Κωνοφόρων,50.3
2024-12-10,620258,ENERGIZER Αλκαλικές Max 9V BP1,59.5
2024-12-10,47315,3ΑΛΦΑ Φασόλια Μακεδονίας ΟΕΠ,66.7
2024-12-10,727642,TRIDENT Max Ροδάκινο-Καρπούζι,11.0
2024-12-10,721539,ΕΠΙΛΟΓΗ ΜΟΥ Βαλσαμικό,25.9
2024-12-10,721538,ΕΠΙΛΟΓΗ ΜΟΥ Βαλσαμικό,12.9
2024-12-10,19683,GUM ON Καρπουζάκια,9.6
2024-12-10,711890,GUM ON Φρούτων,11.6
2024-12-10,721636,ΕΠΙΛΟΓΗ ΜΟΥ Αμύγδαλο,34.9
2024-12-10,724506,AMITA Μήλο-Πορτοκάλι-Καρότο (-0-30)E,19.8
2024-12-10,42956,TRATA Σε Ελαιόλαδο (2+1),58.9
2024-12-10,42955,TRATA Σε Νερό (2+1) Δώρο,58.9
2024-12-10,725213,SEPTONA Για αγόρια,38.6
2024-12-10,725205,SEPTONA Για Αγόρια & Κορίτσια,28.7
2024-12-10,760553,TRATA Με Κινόα & Καπνιστό Τόνο,40.6
2024-12-10,949107,JUMBO Country Honey&Bbq Gluten Free,18.1
2024-12-10,620262,ENERGIZER Αλκαλικές Max AAA,59.5
2024-12-10,23679,ΑΦΟΙ ΧΑΪΤΟΓΛΟΥ Μακεδονικό Παστέλι,6.8
2024-12-10,727939,ΑΦΟΙ ΧΑΪΤΟΓΛΟΥ Μακεδονικό Παστέλι με Μέλι,11.2
2024-12-10,760403,MILLHOUSE Oat Flakes Bio,20.2
2024-12-10,760400,KNORR Mac & Cheece,13.2
2024-12-10,945294,MILLHOUSE Corn Flakes Bio,30.2
2024-12-10,760449,LACTA Oreo Brownie,18.5
2024-12-10,760635,FRISKIES Σολομός Σε Σάλτσα,6.2
2024-12-10,760677,ΕΠΙΛΟΓΗ ΜΟΥ Με Φουντουκόπαστα,21.5
2024-12-10,727145,ΕΠΙΛΟΓΗ ΜΟΥ Σακούλα,4.5
2024-12-10,760269,3BIT Strawberry,11.0
2024-12-10,727361,SEPTONA (+50% Δωράν Προϊόν),19.3
2024-12-10,727164,ΕΠΙΛΟΓΗ ΜΟΥ Με Κακάο,25.9
2024-12-10,84015,HANSAPLAST Sensitive Ανθ/κά Στο Νερό,33.3
2024-12-10,41294,Χοιρινή Τηγανιά Ελληνική,68.5
2024-12-10,41343,ΠΙΝΔΟΣ Ελληνικά,47.5
2024-12-10,643657,Χοιρινός Λαιμός Μ/Ο Ελληνικός,73.5
2024-12-10,723529,Χοιρινή Τηγανιά Εισαγωγής,68.5
2024-12-10,730952,ΙΟΝ Dark 70% Κακάο,20.1
2024-12-10,760450,LACTA Lila Pause,18.5
2024-12-10,876105,SANITAS Διαφανής,8.8
2024-12-10,727275,BRAVA Απαλή,26.1
2024-12-10,23670,MARKIDIS Με Σοκολάτα,73.1
2024-12-10,730997,MARKIDIS Γλασέ,63.8
2024-12-10,760205,TOP Λευκό Pet,9.2
2024-12-10,19644,MENTOS Pure White Cherry Mint,32.9
2024-12-10,760278,KINDER Άγιος Βασίλης,13.0
2024-12-10,760505,ΠΑΠΑΔΟΠΟΥΛΟΥ Digestive (-0-50Ε),29.1
2024-12-10,706797,ΟΛΥΜΠΟΣ Κεφίρ 1% (2+1)Δ,23.7
2024-12-10,727898,KELLOGG΄S Coco Pops Jumbo,47.9
2024-12-10,760392,McCORMICK Πάπρικα Καπνιστή,40.9
2024-12-10,760393,McCORMICK Σκόρδο με Καπνιστό Άρωμα,42.9
2024-12-10,875979,ΟΛΑ ΒΙΟ Ολ/ρα Αποφλοιωμένα,16.6
2024-12-10,760268,ΠΑΥΛΙΔΗΣ Υγείας Φράουλα,19.8
2024-12-10,866391,SURPRISE Multifruit,13.1
2024-12-10,732968,Γαλοπούλα Κατεψυγμένη Γαλλίας Με Θερμόμετρο,226.1
2024-12-10,760289,OSCAR Άγιος Βασίλης Γάλακτος,12.9
2024-12-10,750772,KRAFT Light,22.6
2024-12-10,721866,GAEA Με Μέλι & Μουστάρδα,39.1
2024-12-10,740741,GAEA Οξύμελο Με Θυμαρίσιο Μέλι,37.1
2024-12-10,760075,ΕΠΙΛΟΓΗ ΜΟΥ Βασιλόπιτα Τσουρέκι,35.0
2024-12-10,730270,ΠΑΠΑΔΟΠΟΥΛΟΥ Μιράντα 30% Λιγ-Ζάχαρη,17.2
2024-12-10,740735,GAEA Καλαμών,28.1
2024-12-10,960573,FYTRO Νιφάδες Βρώμης Ολικής Άλεσης,22.3
2024-12-10,760696,PRIMO GUSTO Pesto Genovese,28.4
2024-12-10,750957,BALOCCO Panettone Σοκολάτα,64.0
2024-12-10,730585,MENTOS Pure Fresh Strawberry,11.0
2024-12-10,867443,MENTOS Spearmint 45minutes,10.2
2024-12-10,870227,CHUPA CHUPS Melody Pops Strawberry,4.0
2024-12-10,760010,ΤΟ ΜΕΤΟΧΙ Λευκό,9.8
2024-12-10,760009,ΤΟ ΜΕΤΟΧΙ Κόκκινο,9.8
2024-12-10,23753,ΟΙΚ- ΣΤΕΡΓΙΟΥ Βασιλόπιτα Στρογγυλή,149.5
2024-12-10,730410,MENTOS Pure Fresh Bubble Fresh,25.2
2024-12-10,730623,MENTOS Pure Fresh Wintergreen,25.2
2024-12-10,872004,LIPTON Πράσινο Τσάι Springy Mint,34.8
2024-12-10,867444,MENTOS Peppermint 45minutes,10.2
2024-12-10,700604,SEPTONA Ενυδατική,37.4
2024-12-10,701549,SEPTONA Συγκάματος,37.4
2024-12-10,750855,Ο ΜΠΑΞΕΣ Κονσέρβα,21.5
2024-12-10,531607,ΑΛΛΑΤΙΝΗ Πτι Μπερ Κλασικό,7.5
2024-12-10,741795,ΑΛΛΑΤΙΝΗ Γεμιστά Κακάο (-0-50Ε),19.8
2024-12-10,727958,ΒΙΑΠ MENTEL Αρωματικές,18.3
2024-12-10,727957,ΒΙΑΠ MENTEL Ευκαλίπτου & Μέντας,18.3
2024-12-10,724104,JOHNSON΄S BABY Regular,28.4
2024-12-10,198122,FEST Magic Ν.4 Αντικ/κό Ηλεκ/κό,105.9
2024-12-10,198120,FEST Magic Ν.5 Αντικ/κό Υγραερίου,83.5
2024-12-10,198064,FEST Magic  Αντικ/κή,136.9
2024-12-10,198117,FEST Magic Ν.4 Αντικ/κό Υγραερίου,79.9
2024-12-10,198007,FEST Magic Ν.28 Βαθύ Αντικ/κό,251.9
2024-12-10,213513,FEST Magic Ν.28 Αντικ/κό,97.9
2024-12-10,213014,FEST Magic Ν.1 Αντικ/κό Ηλεκ/κό,217.9
2024-12-10,213024,FEST Magic Ν.28 Αντικ/κό Στρογγυλό,173.9
2024-12-10,484038,FORKAL,19.9
2024-12-10,501406,FORKAL 20m,20.7
2024-12-10,619102,VIOMES Καλάθι & 24 Μανταλάκια,32.9
2024-12-10,484025,FORKAL 10m,9.6
2024-12-10,484156,FORKAL Απλώματος,9.2
2024-12-10,619350,ΑΡΙΑΔΝΗ 30x40cm,19.9
2024-12-10,619103,VIOMES Νο440,86.5
2024-12-10,484034,FORKAL Παπαγαλάκι Large,15.9
2024-12-10,621825,BAULO Vacuum Compressed 74x130cm,49.9
2024-12-10,621826,FORKAL (1 Λαβή + 3 Αντ/κά),29.8
2024-12-10,621827,BAULO Vacuum Compressed 55x80cm,25.4
2024-12-10,621828,FORKAL,19.8
2024-12-10,704929,RUBBER Anti Slip,21.9
2024-12-10,702773,COVER Μιας Χρήσης 9cm,16.9
2024-12-10,73827,STATUS Ξύλινα  Γίγας,22.4
2024-12-10,847213,STATUS Υφασμάτινη Με Φερμουάρ 63x125c,26.4
2024-12-10,847215,BAULO Blanket Υφασμάτινη 60x40x20cm,36.4
2024-12-10,847217,BAULO Under Bed Υφασμάτινη 105x45x11,42.5
2024-12-10,839635,Σετ Πετσέτες Κουζίνας Απορροφητικές 30x30cm,44.9
2024-12-10,847216,BAULO Quilt Υφασμάτινη 60x45x35cm,42.5
2024-12-10,847214,BAULO Clothing Υφασμάτινη 50x45x15cm,29.9
2024-12-10,847219,STATUS Υφασμάτινη 38x310cm,36.7
2024-12-10,863133,BAULO Vacuum Compressed 60x100cm,34.5
2024-12-10,874117,FORKAL Deluxe,392.5
2024-12-10,49007,ΜΑΚΕΔΟΝΙΚΟΣ Αμύγδαλο,66.1
2024-12-10,882506,Κρεμαστράκια Για Πόρτες & Ντουλάπια,12.9
2024-12-10,721618,ΕΠΙΛΟΓΗ ΜΟΥ Βανίλια,32.9
2024-12-10,619088,ΕΛ ΓΚΡΕΚΟ Βάση Εστίας,46.5
2024-12-10,943545,BEN΄S Γλυκόξινη Χωρίς Ζάχαρη,27.1
2024-12-10,741627,WHISKAS Adult Κροκέτες Μοσχάρι,22.3
2024-12-10,741640,PEDIGREE Schmackos Μοσχάρι,14.9
2024-12-10,721591,ΟΛΥΜΠΟΣ Στέβια & Σοκολάτα Υγείας,31.3
2024-12-10,721500,MEGA FOODS Super Foods,41.1
2024-12-10,741641,PEDIGREE Jumbone Mini Μοσχάρι,29.9
2024-12-10,752469,ΟΛΑ ΒΙΟ Λεπτές,17.5
2024-12-10,708562,ΜΠΑΡΜΠΑ ΣΤΑΘΗΣ κτψ,31.6
2024-12-10,733140,ΦΡΕΣΚΟΥΛΗΣ Σπανάκι Πλυμένο,23.9
2024-12-10,700628,SEPTONA Baby Αλόη,35.0
2024-12-10,706432,SEPTONA,24.5
2024-12-10,702774,ΜΑΓΕΙΡΙΚΑ ΣΚΕΥΗ Φορμάκι Κέικ 50τεμ-,19.9
2024-12-10,49236,ΜΑΚΕΔΟΝΙΚΟΣ Βανίλια,60.0
2024-12-10,728157,MAGGI Με Γεύση Γαρίδα,11.9
2024-12-10,728152,ΟΛΥΜΠΟΣ Φυστικ/ρο & Μαύρη Σοκ/τα,29.8
2024-12-10,949118,ΟΛΥΜΠΟΣ Φυστικοβούτυρο Απαλό,29.8
2024-12-10,198124,FEST MAGIC Βαθύ Ηλ/κό Ν.24,199.9
2024-12-10,198066,FEST MAGIC Βαθύ Ηλ/κό Ν.26,221.9
2024-12-10,728162,PEDIGREE Dentastix Advanced Mini,19.8
2024-12-10,728164,PEDIGREE Σε Σάλτσα Κοτοπ--Λαχ&Μοσχ.-Λαχ,29.9
2024-12-10,700630,SEPTONA Λεβάντα,35.0
2024-12-10,879736,CRETA FARMS Λουκάνικο Χωριάτικο Μυρωδικά,54.4
2024-12-10,741115,ΑΡΧΟΝΤΑΚΗΣ Θυμαρίσιο Βορίζα Κρήτης,67.5
2024-12-10,741536,GUM ON Crazy Mix,29.2
2024-12-10,842088,Βάζο Γυάλινο Χρωματιστό 720CC,23.9
2024-12-10,741623,WHISKAS Adult Κροκέτες Κοτόπουλο,22.3
2024-12-10,725638,ACTIVEL Με 70% Αιθυλική Αλκοόλη,38.7
2024-12-10,740340,TSAKIRIS Τσιπς Sticks Με Αλάτι,15.0
2024-12-10,741142,NESTLE Lion Ceral,41.9
2024-12-10,197633,ΟΛΑ ΒΙΟ Σε Κομμάτια (Κον-Κασε),17.1
2024-12-10,2003,BALLANTINES,179.5
2024-12-10,725647,NATURA Με 80% Αιθυλική Αλκοόλη,7.0
2024-12-10,93063,DETTOL,22.9
2024-12-10,197495,PRACTIC Latex Large,47.9
2024-12-10,728529,MILK TIME Κακάο,36.9
2024-12-10,725614,AROMATICS Cotton Feel(1+1)Δώρο,43.2
2024-12-10,741695,ΕΠΙΛΟΓΗ ΜΟΥ Φακές Ψιλές,12.5
2024-12-10,950398,ACTIVEL Με 70% Αιθυλική Αλκοόλη,43.5
2024-12-10,741639,PEDIGREE Rodeo Duos Μοσχάρι-Τυρί,29.9
2024-12-10,741116,HALLS Cola,9.9
2024-12-10,741117,ORAL-B Oral-B Μέντα,11.0
2024-12-10,741102,HALLS Ice Tea,9.9
2024-12-10,741119,TRIDENT Senses Bubblegum,11.0
2024-12-10,741118,ORAL-B Oral-B Δυόσμος,11.0
2024-12-10,725695,ALWAYS Ex-Prot.Long Plus +12τεμ. Δώρο,34.2
2024-12-10,740220,ΔΕΡΜΙΣΗΣ Μπισκότα Κανέλα και Ζάχαρη,16.5
2024-12-10,740222,ΔΕΡΜΙΣΗΣ Μπισκότα Τραγανά με Μέλι,16.5
2024-12-10,740223,ΔΕΡΜΙΣΗΣ Μπισκότα Κακάο Μαύρη Σοκολάτα,16.5
2024-12-10,760397,McCORMICK Πιπεριές Καυτερές,41.9
2024-12-10,709352,ΛΑΔΑΚΗΣ 10άδα Medium,29.2
2024-12-10,628190,PRACTIC 70ο Οινόπνευμα,17.2
2024-12-10,711798,ΛΑΔΑΚΗΣ 6άδα Medium,23.5
2024-12-10,718664,ΑΝΔΡΙΤΣΑΙΝΑ Λαζάνια,27.0
2024-12-10,627005,FORKAL AirPleasure,7.9
2024-12-10,859275,COVER Παιδικές,22.9
2024-12-10,728126,BEN & JERRY?S Cookie Dough,86.0
2024-12-10,854369,FISSAN Bagnetto,52.3
2024-12-10,725703,SANEX Zero% Normal Skin,29.9
2024-12-10,740001,PEDIGREE Tasty Minis Junior Κοτόπουλο,22.9
2024-12-10,720076,ΤΟ ΜΑΝΝΑ Κριθαρένια Χ-Αλάτι(+25%Επ.Πρ),34.5
2024-12-10,760633,FRISKIES Κοτόπουλο Σε Σάλτσα,5.7
2024-12-10,628516,CAMPER GAZ Με Βαλβίδα,49.9
2024-12-10,740343,QUAKER Τραγανές Μπουκιές Δημητριακών,49.5
2024-12-10,885440,Κερί Διαρκείας 4 Ημερών,18.7
2024-12-10,929724,KNORR Πατάτας,13.9
2024-12-10,725711,SEPTONA Σακουλάκι Βιοδιασπώμενες,8.5
2024-12-10,742708,3 ΑΛΦΑ Basmati,64.1
2024-12-10,724926,ΚΟΡΡΕΣ Σύρου Αμυγδάλου,29.9
2024-12-10,742709,ΟΙΚ-ΚΑΡΙΜΑΛΗ Ανθέων-Κωνοφ--Θυμαρ.,76.5
2024-12-10,742729,HARIBO Tropifrutti,23.7
2024-12-10,742693,CONDITO Napoliten,24.5
2024-12-10,740182,ΑΛΛΑΤΙΝΗ Μπισκότα Βανίλια,16.5
2024-12-10,740178,ΑΛΛΑΤΙΝΗ Μπισκότα Φράουλα,16.5
2024-12-10,711070,KINDER Joy Εκπληξη,39.9
2024-12-10,719443,ΠΑΠΑΔΗΜΗΤΡΙΟΥ Ρόδι Stevia,34.6
2024-12-10,740061,ΕΠΙΛΟΓΗ ΜΟΥ Καραμέλα-Φιστίκι-Μπανάνα,56.0
2024-12-10,740011,KINDER Cards Μπισκότα,29.9
2024-12-10,740180,ΑΛΛΑΤΙΝΗ Πτι Μπερ Χωρίς Ζάχαρη,10.6
2024-12-10,740139,HEINZ Seriously Good,28.8
2024-12-10,864998,ΟΛΑ ΒΙΟ,43.6
2024-12-10,879772,ΟΛΑ ΒΙΟ Καφέ Ελληνικά,62.9
2024-12-10,64436,Κρόκος Κοζάνης Μπορντώ Νηματίδια,49.9
2024-12-10,725871,AETHIR Ηπιο,34.9
2024-12-10,740091,ΑΓΟΡΗ ΡΙΖΟΥ Φασόλια Μέτρια Λάρισας,28.7
2024-12-10,531825,ΑΛΛΑΤΙΝΗ Με Κομμάτια Σοκολάτας,6.3
2024-12-10,742778,ΟΛΥΜΠΟΣ Φιστίκι 100%,25.0
2024-12-10,742774,ΟΛΥΜΠΟΣ 4 Nuts 100%,39.9
2024-12-10,725666,JOHNSON΄S & JOHNSON΄S Yoghurt & Honey,45.5
2024-12-10,741861,MASCOT Σοκολάτα Φράουλα (-0-40Ε),25.4
2024-12-10,740345,QUAKER Τραγανές Μπουκιές Δημητριακών,49.5
2024-12-10,721995,ΕΠΙΛΟΓΗ ΜΟΥ Φασόλια Μέτρια,11.5
2024-12-10,740088,ΕΠΙΛΟΓΗ ΜΟΥ Φακές Χονδρές,11.5
2024-12-10,103032,NIVEA Roll On Pearl & Beauty,52.9
2024-12-10,725750,BOTANICA BY AIRWICK Βανίλια&Μανόλια Ιμαλαϊων Αντ/κ,61.8
2024-12-10,728654,ΤΗΣ ΓΙΑΓΙΑΣ Κουλουράκια Μούστου,36.9
2024-12-10,742759,Μαντολάτο Ζακύνθου Αμύγδαλο - Μέλι,33.4
2024-12-10,725752,ARLEM Με 70% Αιθυλική Αλκοόλη,67.8
2024-12-10,742540,ΕΠΙΛΟΓΗ ΜΟΥ Φασόλια Γίγαντες,22.5
2024-12-10,619086,VILEDA Super Μορ+30% MF,47.4
2024-12-10,711507,SWIFFER Duster XXL(1 Χειρ/βή & 2 Φτερά,67.0
2024-12-10,717816,PLANT OUT,17.9
2024-12-10,725124,TREACLEMOON Wild Cherry Magic,44.0
2024-12-10,79813,ΝΙΚΑΣ Λουκάνικα Coctail Party,36.2
2024-12-10,627452,Μάσκα Προσώπου Με Διπλό Υφασμα Λευκή,25.0
2024-12-10,627453,Παιδική Μάσκα Προσώπου Με Σχέδιο & Διπλό Υφασμα,17.5
2024-12-10,725959,NATURA Αντλία Με 80% Αιθυλική Αλκοόλη,39.8
2024-12-10,742473,LACTA Oreo White,18.5
2024-12-10,742962,Μέλι Άνθη Πορτοκαλιάς Λακωνίας,45.0
2024-12-10,742963,Μέλι Βελανιδιάς Καρπενησίου,46.0
2024-12-10,725961,NATURA Με 80% Αιθυλική Αλκοόλη,11.0
2024-12-10,740344,QUAKER Τραγανές Μπουκιές Δημητριακών,49.5
2024-12-10,742492,ΠΑΠΑΔΟΠΟΥΛΟΥ Μιράντα 30% Λιγότερη Ζάχαρη,16.3
2024-12-10,860685,JANNIS Με Σουσάμι & Μέλι,11.5
2024-12-10,638272,ΕΠΙΛΟΓΗ ΜΟΥ Υγραερίου,13.5
2024-12-10,638273,ΕΠΙΛΟΓΗ ΜΟΥ Υγραερίου Με Βαλβίδα Ασφαλείας,33.5
2024-12-10,716356,REESE΄S Γάλακτος 2 Peanut Butter,14.1
2024-12-10,742351,TWIX Salted Caramel,11.0
2024-12-10,742349,MALTESERS,27.9
2024-12-10,638266,ΕΠΙΛΟΓΗ ΜΟΥ Αρωμ.Large 52x75cm Με Κορδόνι,15.5
2024-12-10,638265,ΕΠΙΛΟΓΗ ΜΟΥ Μικρές 46x56cm,7.0
2024-12-10,638343,Μάσκα Προσώπου Μιας Χρήσης Μαύρη,20.1
2024-12-10,638269,ΕΠΙΛΟΓΗ ΜΟΥ Large 80x110cm Με Κορδόνι,24.5
2024-12-10,638268,ΕΠΙΛΟΓΗ ΜΟΥ Large 52x75cm Με Κορδόνι,14.5
2024-12-10,742345,HEINZ 50% Λιγ-Ζάχαρη & Αλάτι,31.0
2024-12-10,742372,MILLHOUSE Milk Chocolate,27.3
2024-12-10,76640,ΦΑΓΕ Αγελαδίτσα 4% (2+1)Δ,17.2
2024-12-10,124019,FORKAL Για Κοστούμια 70*100cm,5.5
2024-12-10,196802,HELLMANN΄S Απαλή Top Down,20.8
2024-12-10,725972,SANEX Zero% Family Αντλία,35.3
2024-12-10,742371,MILLHOUSE Dark Chocolate,27.3
2024-12-10,742368,KNORR Μανιταριών,18.7
2024-12-10,740346,QUAKER Τραγανές Μπουκιές,49.5
2024-12-10,725570,ΜΕΓΑ Spray 70% Αιθυλ-Αλκοολη,13.9
2024-12-10,728773,ΤΟ ΜΕΤΟΧΙ Κόκκινο (2+1)Δ,17.0
2024-12-10,742743,ΕΠΙΛΟΓΗ ΜΟΥ Λευκό,3.9
2024-12-10,742451,CRETA FARMS Γαλοπούλα & Edam (-0-60Ε),59.5
2024-12-10,78436,ΦΑΓΕ Αγελαδίτσα 0% (2+1)Δ,17.2
2024-12-10,742354,ΠΑΠΑΔΟΠΟΥΛΟΥ Μπισκότα Κακάο Μαύρη Σοκολάτα,19.1
2024-12-10,742353,ΠΑΠΑΔΟΠΟΥΛΟΥ Μπισκότα Βρώμης με Πορτοκάλι,19.1
2024-12-10,742352,ΠΑΠΑΔΟΠΟΥΛΟΥ Πτι Μπερ Χωρίς Ζάχαρη,13.4
2024-12-10,724712,YOGI Βιολογικό Τσάι Classic,28.3
2024-12-10,742348,ORBIT Strong Mint Bottle,29.9
2024-12-10,627827,WETTEX,27.1
2024-12-10,742215,TSAKIRIS Τσιπς Αλάτι(+Τσιπς Ρίγανη)-50%,27.3
2024-12-10,742054,ΙΟΝ Γάλακτος 30% Λιγ-Ζάχαρη,20.2
2024-12-10,743026,ΓΙΩΤΗΣ 1-2 Bake,13.9
2024-12-10,742121,ΗΠΕΙΡΟΣ Ζεμύθα Βρώμη & Σοκολάτα,36.8
2024-12-10,743037,7DAYS Cake Bars Κακάο,19.0
2024-12-10,865495,ΓΙΩΤΗΣ Με Σοκολάτα & Κακάο,24.9
2024-12-10,637650,ΕΠΙΛΟΓΗ ΜΟΥ Διάφανη 48mm x 60m,11.9
2024-12-10,637649,ΕΠΙΛΟΓΗ ΜΟΥ Καφέ 48mm x 60m,11.9
2024-12-10,871746,TESA Διπλής Οψης 5x50x36,19.1
2024-12-10,215215,Σπιράλ Μπάνιου 1.5m,44.9
2024-12-10,487419,MENAGE No.32-46,14.9
2024-12-10,619323,QUARTZ Παγωτού 37-5cl,29.0
2024-12-10,619117,VIOMES,7.9
2024-12-10,720581,VIOMES No139,11.0
2024-12-10,871173,AIRWICK Freshmatic Max Vanilla&Orchid,70.3
2024-12-10,875287,ΟΛΑ BIO,40.5
2024-12-10,876542,ΟΛΑ ΒΙΟ Bran Flakes,20.7
2024-12-10,721800,HUNGRY NOT Dark Choco & Μπισκότα,27.7
2024-12-10,741620,WHISKAS Adult Κροκέτες Τόνο,23.9
2024-12-10,638969,ΕΠΙΛΟΓΗ ΜΟΥ Κερί E14 6W 4000K,34.5
2024-12-10,638974,ΕΠΙΛΟΓΗ ΜΟΥ Γλομπάκι E27 6W 3000K,29.5
2024-12-10,639023,ΕΠΙΛΟΓΗ ΜΟΥ Λεβάντα Για Γάτες,32.9
2024-12-10,638970,ΕΠΙΛΟΓΗ ΜΟΥ Γλόμπος E27 12W 4000K,39.5
2024-12-10,638975,ΕΠΙΛΟΓΗ ΜΟΥ Γλομπάκι E14 6W 3000K,29.5
2024-12-10,639024,ΕΠΙΛΟΓΗ ΜΟΥ Για Γάτες,36.9
2024-12-10,638971,ΕΠΙΛΟΓΗ ΜΟΥ Γλόμπος E27 10W 3000K,34.5
2024-12-10,638976,ΕΠΙΛΟΓΗ ΜΟΥ Γλόμπος B22 10W 3000K,39.5
2024-12-10,638972,ΕΠΙΛΟΓΗ ΜΟΥ Γλόμπος E27 8W 3000K,34.5
2024-12-10,638977,ΕΠΙΛΟΓΗ ΜΟΥ Κερί Filament E14 60W 2700K,39.5
2024-12-10,638968,ΕΠΙΛΟΓΗ ΜΟΥ Κερί E14 6W 3000K,29.5
2024-12-10,638978,ΕΠΙΛΟΓΗ ΜΟΥ Γλόμπος Filament E27 6W 2700K,39.5
2024-12-10,742139,ΕΠΙΛΟΓΗ ΜΟΥ Υγείας,13.0
2024-12-10,740327,ΚΛΕΠΚΟΣ Λαγκαδά,129.5
2024-12-10,742141,ΕΠΙΛΟΓΗ ΜΟΥ Γάλακτος,13.0
2024-12-10,743067,KITKAT Santa Pouch 5τεμ-,27.6
2024-12-10,743061,ASTIR Λούτρινα,66.7
2024-12-10,760283,OSCAR Χριστουγεννιάτικη Ποικιλία,55.9
2024-12-10,960216,OSCAR Υγείας Σε Σταγόνες,20.2
2024-12-10,960460,OSCAR Γάλακτος,20.2
2024-12-10,639021,ΕΠΙΛΟΓΗ ΜΟΥ Με Άρωμα 70x130cm,6.9
2024-12-10,729057,BIOTEN White Musk,28.3
2024-12-10,639827,ΜΕΓΑ Χειρουργικές Τύπου II Large,10.2
2024-12-10,716679,MARCHOC Ρόφημα Σοκολάτας Γάλακτος,41.9
2024-12-10,742150,ΕΠΙΛΟΓΗ ΜΟΥ Νιφάδες Βρώμης,9.9
2024-12-10,639019,ΕΠΙΛΟΓΗ ΜΟΥ Large Με Zipper,13.5
2024-12-10,639017,ΕΠΙΛΟΓΗ ΜΟΥ Small Με Zipper,6.5
2024-12-10,639874,SANITAS Green Life Από Ζαχαροκάλαμο,15.0
2024-12-10,639018,ΕΠΙΛΟΓΗ ΜΟΥ Medium Με Zipper,9.5
2024-12-10,639875,SANITAS Green Life Ποτήρια,14.9
2024-12-10,744892,ΕΠΙΛΟΓΗ ΜΟΥ Με Μοσχάρι&Δημητριακά,118.5
2024-12-10,721764,Παραδοσιακή Σκοπελίτικη Πίτα Κατσ/σιο Τυρί,45.2
2024-12-10,639843,ΕΠΙΛΟΓΗ ΜΟΥ Power Max Αλκαλικές AAA LR03/1,26.0
2024-12-10,639819,ΕΛ ΓΚΡΕΚΟ Εστία,239.9
2024-12-10,639836,ΕΠΙΛΟΓΗ ΜΟΥ Super Αλκαλικές 6LR61/9V,26.0
2024-12-10,639834,ΕΠΙΛΟΓΗ ΜΟΥ Super Αλκαλικές AA LR6/1-5V,23.5
2024-12-10,639833,ΕΠΙΛΟΓΗ ΜΟΥ Super Αλκαλικές D/LR20/1-5V,26.0
2024-12-10,639835,ΕΠΙΛΟΓΗ ΜΟΥ Super Αλκαλικές AAA LR03/1-5V,23.5
2024-12-10,639848,ΕΠΙΛΟΓΗ ΜΟΥ Με Αυτόματο Κλείσιμο 240 Παγάκ,8.5
2024-12-10,639842,ΕΠΙΛΟΓΗ ΜΟΥ Power Max Αλκαλικές AA LR6/1-5,26.0
2024-12-10,744803,ΠΑΡΟΣ Λευκό Με Λεμόνι,10.8
2024-12-10,864195,ΧΡΥΣΗ ΕΠΙΛΟΓΗ Θυμαρίσιο,96.9
2024-12-10,875749,SANITAS Μικρές Easypack 50x55cm,13.9
2024-12-10,727483,ΔΕΡΜΙΣΗΣ Μουστοκούλουρα Μαλακά,12.5
2024-12-10,639853,ΕΠΙΛΟΓΗ ΜΟΥ 1 Λαβή + 5 Αντ/κά Ξεσκ/τος,25.5
2024-12-10,601421,VAKHOS Ποτήρι Νερού 12άδα,109.9
2024-12-10,744830,ΕΠΙΛΟΓΗ ΜΟΥ Mini Με Μαύρη Σοκολάτα,49.5
2024-12-10,743085,ΕΠΙΛΟΓΗ ΜΟΥ Ανανάς Light,9.0
2024-12-10,744831,ΕΠΙΛΟΓΗ ΜΟΥ Mini Με Σοκολάτα Γάλακτος,49.5
2024-12-10,943292,DOVE Essential,40.8
2024-12-10,64712,ΑΝΑΤΟΛΗ Πάπρικα Γλυκιά,16.2
2024-12-10,639869,HERMINA Σε Σελοφάν,5.9
2024-12-10,639838,ΕΠΙΛΟΓΗ ΜΟΥ Κομμένο Σε Φύλλα 38x42cm,11.8
2024-12-10,725702,SANEX Dermo Protector,29.9
2024-12-10,744737,Γλυκό Κουταλιού Βόλου Κυδώνι,45.5
2024-12-10,744734,Γλυκό Κουταλιού Εδεσσας Κεράσι,55.5
2024-12-10,638495,ΕΠΙΛΟΓΗ ΜΟΥ Medium Με Επένδυση,12.9
2024-12-10,638496,ΕΠΙΛΟΓΗ ΜΟΥ Small Με Επένδυση,12.9
2024-12-10,638497,ΕΠΙΛΟΓΗ ΜΟΥ Large Με Επένδυση,12.9
2024-12-10,743079,ΕΠΙΛΟΓΗ ΜΟΥ Φράουλα,12.0
2024-12-10,744877,ΕΠΙΛΟΓΗ ΜΟΥ Choco Pillows,23.9
2024-12-10,743083,ΕΠΙΛΟΓΗ ΜΟΥ Φράουλα Light,9.0
2024-12-10,743084,ΕΠΙΛΟΓΗ ΜΟΥ Κεράσι Light,9.0
2024-12-10,743080,ΕΠΙΛΟΓΗ ΜΟΥ Κεράσι,12.0
2024-12-10,744889,ΕΠΙΛΟΓΗ ΜΟΥ Choco Balls,23.9
2024-12-10,743081,ΕΠΙΛΟΓΗ ΜΟΥ Ανανάς,12.0
2024-12-10,744855,ΕΠΙΛΟΓΗ ΜΟΥ Καλαμών Φέτες Σε Άλμη,18.5
2024-12-10,743082,ΕΠΙΛΟΓΗ ΜΟΥ Μπανάνα,12.0
2024-12-10,725709,JOHNSON΄S BABY Kids Bubble Αντλία,36.0
2024-12-10,729041,JOHNSON΄S BABY Regular,28.1
2024-12-10,742182,ΕΠΙΛΟΓΗ ΜΟΥ Μπουκιές Κοτοπ-& Γαλοπ.,6.2
2024-12-10,638499,ΕΠΙΛΟΓΗ ΜΟΥ Μεσαίες,10.5
2024-12-10,638500,ΕΠΙΛΟΓΗ ΜΟΥ Μικρές,5.9
2024-12-10,638492,BIO PAPER Ισια Μαύρα,9.0
2024-12-10,638502,ΕΠΙΛΟΓΗ ΜΟΥ,14.5
2024-12-10,639832,ΕΠΙΛΟΓΗ ΜΟΥ Super Αλκαλικές C/LR14/1-5V,26.0
2024-12-10,638498,ΕΠΙΛΟΓΗ ΜΟΥ Μεγάλες,11.5
2024-12-10,638503,ΕΠΙΛΟΓΗ ΜΟΥ,33.5
2024-12-10,638501,ΕΠΙΛΟΓΗ ΜΟΥ Διαφανής,7.9
2024-12-10,639872,SANITAS Antibacterial (3+2)Δ,22.9
2024-12-10,742142,ΕΠΙΛΟΓΗ ΜΟΥ,15.9
2024-12-10,742161,ΕΠΙΛΟΓΗ ΜΟΥ Μπουκιές Κυνήγι,16.0
2024-12-10,742190,ΕΠΙΛΟΓΗ ΜΟΥ Πατέ Σολομός,5.2
2024-12-10,742147,ΕΠΙΛΟΓΗ ΜΟΥ,15.9
2024-12-10,742162,ΕΠΙΛΟΓΗ ΜΟΥ Πατέ Πουλερικών,10.5
2024-12-10,742191,ΕΠΙΛΟΓΗ ΜΟΥ Πατέ Κοτόπουλο,5.2
2024-12-10,742192,ΕΠΙΛΟΓΗ ΜΟΥ Πατέ Μοσχάρι,5.2
2024-12-10,745859,ΕΠΙΛΟΓΗ ΜΟΥ Φρουτοσαλάτα,24.9
2024-12-10,744891,ΕΠΙΛΟΓΗ ΜΟΥ Κακάο,16.7
2024-12-10,745860,ΕΠΙΛΟΓΗ ΜΟΥ Ροδάκινο Σε Φέτες,16.5
2024-12-10,745862,ΕΠΙΛΟΓΗ ΜΟΥ Μπισκότα Κακάο Κρέμα Βανίλια,9.8
2024-12-10,745837,ΧΩΡΙΟ Ψιλοκομμένες,13.9
2024-12-10,745861,ΕΠΙΛΟΓΗ ΜΟΥ Ροδάκινο,23.9
2024-12-10,745827,ΕΥΡΙΠΟΣ Πράσινο Τσάι Ginger Lemon,18.9
2024-12-10,745869,ΕΠΙΛΟΓΗ ΜΟΥ Κανέλλα Τριμμένη,12.0
2024-12-10,742186,ΕΠΙΛΟΓΗ ΜΟΥ Μπουκιές Βοδινού,6.2
2024-12-10,744835,ΕΠΙΛΟΓΗ ΜΟΥ Γάλακτος Με Αμύγδαλα,10.9
2024-12-10,744836,ΕΠΙΛΟΓΗ ΜΟΥ Γάλακτος,10.5
2024-12-10,744832,ΕΠΙΛΟΓΗ ΜΟΥ Υγείας,10.5
2024-12-10,639859,ΕΠΙΛΟΓΗ ΜΟΥ 45L Με Καπάκι,15.5
2024-12-10,639860,ΕΠΙΛΟΓΗ ΜΟΥ 64L Με Καπάκι,18.5
2024-12-10,639858,ΕΠΙΛΟΓΗ ΜΟΥ 31L,18.0
2024-12-10,745688,Γλυκό Κουταλιού Άρτας Με Περγαμόντο,53.1
2024-12-10,744862,ΕΠΙΛΟΓΗ ΜΟΥ Τραγανές Μπουκιές Βρώμης,27.5
2024-12-10,745831,KNORR Με Μπέικον & Κρεμμύδι,13.2
2024-12-10,639857,ΕΠΙΛΟΓΗ ΜΟΥ,15.5
2024-12-10,742160,ΕΠΙΛΟΓΗ ΜΟΥ Μπουκιές Κοτοπ&Γαλ-,16.0
2024-12-10,899882,RANA Τορτελίνι Μανιτάρια Πορτσίνι,52.0
2024-12-10,742159,ΕΠΙΛΟΓΗ ΜΟΥ Μπουκιές Κοτοπ&Γαλοπ-,6.9
2024-12-10,745813,ΕΠΙΛΟΓΗ ΜΟΥ Γκοφρέτα,2.9
2024-12-10,729181,SEPTONA Πράσινο Μήλο Με 70% Οινόπνευμα,12.9
2024-12-10,729182,SEPTONA Πράσινο Μήλο Με 70% Οινόπνευμα,38.9
2024-12-10,729184,SEPTONA Με 70% Οινόπνευμα,12.9
2024-12-10,744774,ΕΠΙΛΟΓΗ ΜΟΥ,13.5
2024-12-10,744767,ΕΠΙΛΟΓΗ ΜΟΥ Κακάο-Φουντούκι,18.5
2024-12-10,745701,TRATA Pocket Καπνιστός,15.3
2024-12-10,744777,ΕΠΙΛΟΓΗ ΜΟΥ Με Βανίλια,8.9
2024-12-10,744776,ΕΠΙΛΟΓΗ ΜΟΥ,10.5
2024-12-10,745867,ΕΠΙΛΟΓΗ ΜΟΥ Σκόρδο,14.9
2024-12-10,745678,ΕΠΙΛΟΓΗ ΜΟΥ Μπισκότα,9.8
2024-12-10,745871,ΕΠΙΛΟΓΗ ΜΟΥ Δυόσμος,14.9
2024-12-10,745702,TRATA Pocket Σε Νερό,15.3
2024-12-10,745868,ΕΠΙΛΟΓΗ ΜΟΥ Κάρυ,12.0
2024-12-10,742166,ΕΠΙΛΟΓΗ ΜΟΥ Πατέ Αρνί - Συκώτι,10.5
2024-12-10,744833,ΕΠΙΛΟΓΗ ΜΟΥ Λευκή,13.0
2024-12-10,729177,ΕΠΙΛΟΓΗ ΜΟΥ Σακούλα Paper Sticks,5.9
2024-12-10,729178,ΕΠΙΛΟΓΗ ΜΟΥ Ζικ Ζακ,9.2
2024-12-10,744736,Γλυκό Κουταλιού Γοργοποτάμου Με Αγριο Σύκο,44.3
2024-12-10,745844,ΕΠΙΛΟΓΗ ΜΟΥ Βανίλια,4.5
2024-12-10,745866,ΕΠΙΛΟΓΗ ΜΟΥ Ρίγανη,15.9
2024-12-10,745864,ΕΠΙΛΟΓΗ ΜΟΥ Μπαχάρι Τριμμένο,13.5
2024-12-10,745873,ΕΠΙΛΟΓΗ ΜΟΥ Γαρύφαλλο Τριμμένο,16.9
2024-12-10,745843,ΕΠΙΛΟΓΗ ΜΟΥ Πιπέρι Τριμμένο,9.9
2024-12-10,745865,ΕΠΙΛΟΓΗ ΜΟΥ Πιπέρι Τριμμένο,14.8
2024-12-10,609577,DIODWROS,69.9
2024-12-10,742179,ΕΠΙΛΟΓΗ ΜΟΥ Πατέ Βοδινού&Λαχανικά,10.5
2024-12-10,742157,ΕΠΙΛΟΓΗ ΜΟΥ Μπουκιές Βοδινού,6.9
2024-12-10,743178,ΠΑΛΙΡΡΟΙΑ Με Ρύζι & Μυρωδικά (-0-60Ε),25.4
2024-12-10,725963,TAI Trap Maxi,40.3
2024-12-10,639824,ΕΠΙΛΟΓΗ ΜΟΥ,14.2
2024-12-10,733307,MARCHOC Ρόφημα Σοκολάτας,39.0
2024-12-10,745598,ΑΛΛΑΤΙΝΗ Μπισκότα Σοκολάτα,16.5
2024-12-10,49560,ΜΑΚΕΔΟΝΙΚΟΣ Κάκαο Με Επικ-Σοκολ.Υγείας,66.2
2024-12-10,745593,KNORR Καρμπονάρα,13.2
2024-12-10,636415,COVER Μιας Χρήσης Με Σχέδιο,12.9
2024-12-10,703266,FYTRO,25.3
2024-12-10,729242,DETTOL Εξουδ/νει το 99-9% Βακ/δίων,43.9
2024-12-10,742158,ΕΠΙΛΟΓΗ ΜΟΥ Μπουκιές Βοδινού,16.0
2024-12-10,742163,ΕΠΙΛΟΓΗ ΜΟΥ Πατέ Βοδινού,10.5
2024-12-10,745870,ΕΠΙΛΟΓΗ ΜΟΥ Θυμάρι,16.9
2024-12-10,744818,ΕΠΙΛΟΓΗ ΜΟΥ ΤΟΠ Βανίλια,20.5
2024-12-10,49054,ΜΑΚΕΔΟΝΙΚΟΣ Χαλβάς Κακάο,106.6
2024-12-10,49051,ΜΑΚΕΔΟΝΙΚΟΣ Χαλβάς με Αμύγδαλα,122.2
2024-12-10,49050,ΜΑΚΕΔΟΝΙΚΟΣ Χαλβάς Βανίλια,106.6
2024-12-10,723357,ΕΠΙΛΟΓΗ ΜΟΥ Χαλβάς με Αμύγδαλα,71.9
2024-12-10,723355,ΕΠΙΛΟΓΗ ΜΟΥ Χαλβάς Κακάο,66.9
2024-12-10,723356,ΕΠΙΛΟΓΗ ΜΟΥ Χαλβάς Βανίλια,66.9
2024-12-10,740210,KELLOGG΄S Coco Pops Chocos,55.9
2024-12-10,745603,ORBIT Refreshers Bubblemint Μπουκάλι,29.9
2024-12-10,745602,ORBIT Refreshers Spearmint,10.1
2024-12-10,745604,ORBIT Refreshers Spearmint Μπουκάλι,29.9
2024-12-10,745601,ORBIT Refreshers Bubblemint,10.1
2024-12-10,745845,ΕΠΙΛΟΓΗ ΜΟΥ Κανέλλα Τριμμένη,7.9
2024-12-10,745847,ΕΠΙΛΟΓΗ ΜΟΥ Μπαχάρι Ολόκληρο,9.5
2024-12-10,745846,ΕΠΙΛΟΓΗ ΜΟΥ Γαρύφαλλο Ολόκληρο,9.5
2024-12-10,745819,CONDITO Caesars Χωρίς Γλουτένη,29.5
2024-12-10,745571,ΕΠΙΛΟΓΗ ΜΟΥ Με Μοσχάρι & Δημητριακά,52.5
2024-12-10,745574,ΕΠΙΛΟΓΗ ΜΟΥ Με Κοτόπουλο Για Στειρ-Γάτες,48.9
2024-12-10,745572,ΕΠΙΛΟΓΗ ΜΟΥ Με Μοσχάρι-Δημητριακά&Λαχανικά,42.9
2024-12-10,745570,ΕΠΙΛΟΓΗ ΜΟΥ Με Κοτόπουλο & Δημητριακά,52.5
2024-12-10,723388,ΟΛΥΜΠΟΣ Βανίλια Με Stevia,31.3
2024-12-10,636548,SWIFFER Dry Νέας Τεχνολογίας,26.4
2024-12-10,729275,LE PETIT MARSEΙLLAIS Jar Karite,45.4
2024-12-10,724038,BREAK Γάλακτος Φιστίκι,19.5
2024-12-10,742175,ΕΠΙΛΟΓΗ ΜΟΥ Μπουκιές Βοδινού & Λαχανικά,5.5
2024-12-10,742172,ΕΠΙΛΟΓΗ ΜΟΥ Μπουκιές Σολομού&Τόνου,5.5
2024-12-10,745573,ΕΠΙΛΟΓΗ ΜΟΥ Με Ψάρι,42.9
2024-12-10,745505,EASY BAKE,15.8
2024-12-10,636546,SWIFFER Αντ/κά Φτερά Ξεσκονίσματος,26.4
2024-12-10,900891,ΟΛΥΜΠΟΣ Με Μέλι,41.6
2024-12-10,942013,ALWAYS Ultra Secure Night Duo,27.5
2024-12-10,743429,COCA COLA (-0-30Ε),35.8
2024-12-10,746105,ALGIDA Παγωτό Magic Gold Caramel,84.9
2024-12-10,530120,OREO Μπισκότα Βανίλια,30.2
2024-12-10,745666,ΕΛΜΑ Παστίλιες Με Μαστιχέλαιο,9.9
2024-12-10,636549,SWIFFER Ανταλλ- Φτερά Ξεσκονίσματος,93.9
2024-12-10,710888,EASY BAKE,20.0
2024-12-10,728572,WHISKAS Junior Κροκέτες Με Γάλα,23.9
2024-12-10,867702,PURINA One Sterilcat Βοδινό με Σιτάρι,75.5
2024-12-10,206032,RAID ΔΟΛΩΜΑ,38.8
2024-12-10,742173,ΕΠΙΛΟΓΗ ΜΟΥ Μπουκιές Κοτόπουλο,5.5
2024-12-10,729349,RAID Multi Insects,46.9
2024-12-10,745358,ΜΥΛΟΙ ΑΓΙΟΥ ΓΕΩΡΓΙΟΥ Ξηρή Μαγιά,9.8
2024-12-10,745352,ZERO 0% Βουτύρου Με Σοκολάτα,14.6
2024-12-10,745276,FERRERO Kinder Country,12.1
2024-12-10,745057,ΠΑΥΛΙΔΗΣ Υγείας mini,64.2
2024-12-10,635497,ΕΠΙΛΟΓΗ ΜΟΥ Μονόχρωμη,19.8
2024-12-10,635498,ΕΠΙΛΟΓΗ ΜΟΥ Μικροϊνών,29.8
2024-12-10,745264,ΕΠΙΛΟΓΗ ΜΟΥ Σόδα,11.9
2024-12-10,636413,COVER Ατομική Μαύρη FFP2,4.9
2024-12-10,636414,COVER Ατομική Λευκή FFP2,4.9
2024-12-10,745504,KNORR Μανιτάρι,13.2
2024-12-10,711096,BLUE DRAGON Wok Sweet Chilli & Garlic,17.5
2024-12-10,745285,ΕΠΙΛΟΓΗ ΜΟΥ,12.5
2024-12-10,745282,ΕΠΙΛΟΓΗ ΜΟΥ Fit Flakes,20.5
2024-12-10,875599,ΟΛΑ ΒΙΟ Βιολογικό Αλεύρι Μαλακό,24.0
2024-12-10,629109,SWIFFER Duster (Ετοιμη Λαβή+5 Αντ-),49.8
2024-12-10,742156,ΕΠΙΛΟΓΗ ΜΟΥ Μπουκιές Ψαριού,6.2
2024-12-10,634707,SCOTCH BRITE Για Κεραμικές Εστίες,31.7
2024-12-10,721608,NUTRICIA,28.1
2024-12-10,729429,ΕΠΙΛΟΓΗ ΜΟΥ Classic,23.9
2024-12-10,729432,ΕΠΙΛΟΓΗ ΜΟΥ Relax,32.5
2024-12-10,745284,ΕΠΙΛΟΓΗ ΜΟΥ Καλαμπόκι,19.9
2024-12-10,745388,RIO MARE Super Naturale,63.0
2024-12-10,745157,ΕΠΙΛΟΓΗ ΜΟΥ Φύλλα Δάφνης,8.4
2024-12-10,745281,ΕΠΙΛΟΓΗ ΜΟΥ Fit Flakes,20.5
2024-12-10,745283,ΕΠΙΛΟΓΗ ΜΟΥ Fit Flakes,15.4
2024-12-10,747149,ΕΠΙΛΟΓΗ ΜΟΥ Μανιτάρια Κομμένα,8.5
2024-12-10,747148,ΕΠΙΛΟΓΗ ΜΟΥ Μανιτάρια Ολόκληρα,18.5
2024-12-10,747156,ΒΙΟΛΑΝΤΑ Μπισκότα Βρώμης Μαύρη Σοκολάτα,19.9
2024-12-10,747150,ΕΠΙΛΟΓΗ ΜΟΥ Μανιτάρια Κομμένα,23.5
2024-12-10,747147,ΕΠΙΛΟΓΗ ΜΟΥ Μανιτάρια Κομμένα,13.5
2024-12-10,747161,FERRERO Μπισκότα Nutella,45.0
2024-12-10,745280,ΕΠΙΛΟΓΗ ΜΟΥ Fit Flakes με Φρούτα,20.5
2024-12-10,745679,ΕΠΙΛΟΓΗ ΜΟΥ Πάπρικα Γλυκιά,6.9
2024-12-10,745266,ΕΠΙΛΟΓΗ ΜΟΥ Πιπέρι Κόκκινο Καυτερό,7.9
2024-12-10,745269,ΕΠΙΛΟΓΗ ΜΟΥ Μπαχάρι Τριμμένο,11.0
2024-12-10,745273,ΕΠΙΛΟΓΗ ΜΟΥ Γλυκάνισος Τριμμένος,5.9
2024-12-10,745681,ΕΠΙΛΟΓΗ ΜΟΥ Κύμινο Τριμμένο,11.5
2024-12-10,745683,ΕΠΙΛΟΓΗ ΜΟΥ Γαρύφαλλο Τριμμένο,7.8
2024-12-10,636551,SWIFFER Ανταλλακτικά (+20 τεμ-) Δώρο,99.9
2024-12-10,744975,ΟΛΑ ΒΙΟ Βιολογικό Σιρόπι,52.4
2024-12-10,745158,ΕΠΙΛΟΓΗ ΜΟΥ Σουσάμι,11.5
2024-12-10,745159,ΕΠΙΛΟΓΗ ΜΟΥ Σόδα,2.9
2024-12-10,745680,ΕΠΙΛΟΓΗ ΜΟΥ Ρίγανη,9.9
2024-12-10,718755,GUM ON Marshmallows Mix,18.8
2024-12-10,747292,GUM ON Sour Belts Rainbow,9.6
2024-12-10,636008,SNAPY Γίγας Με Κορδόνι 70x95,19.8
2024-12-10,742813,GELO Mini Berry Mix,11.6
2024-12-10,746473,IBIS SALUMI Προσούτο Crubo,74.5
2024-12-10,729627,NATURA Χεριών,13.6
2024-12-10,745267,ΕΠΙΛΟΓΗ ΜΟΥ Ξινό,6.5
2024-12-10,745268,ΕΠΙΛΟΓΗ ΜΟΥ Μπούκοβο Καυτερό,9.5
2024-12-10,745270,ΕΠΙΛΟΓΗ ΜΟΥ Μοσχοκάρυδο Τριμμένο,12.0
2024-12-10,745272,ΕΠΙΛΟΓΗ ΜΟΥ Μαχλέπι Τριμμένο,8.9
2024-12-10,745274,ΕΠΙΛΟΓΗ ΜΟΥ Αμμωνία,3.9
2024-12-10,62352,BARILLA Pesto Calabrese,33.4
2024-12-10,745156,ΕΠΙΛΟΓΗ ΜΟΥ Mix 4 Πιπέρια,23.5
2024-12-10,745265,ΕΠΙΛΟΓΗ ΜΟΥ Μαύρο Πιπέρι Ολόκληρο,22.5
2024-12-10,745682,ΕΠΙΛΟΓΗ ΜΟΥ Κανέλλα Ξύλο,12.5
2024-12-10,747395,BARILLA Pesto Genovese,24.9
2024-12-10,942569,NOXZEMA Memories,33.2
2024-12-10,945139,BARILLA Napoletana,19.9
2024-12-10,747160,MENTOS Pure Fresh Strawberry Bottle,25.2
2024-12-10,68361,3BIT Γκοφρέτα,4.6
2024-12-10,745271,ΕΠΙΛΟΓΗ ΜΟΥ Μοσχοκάρυδο Ολόκληρο,12.5
2024-12-10,745275,ΕΠΙΛΟΓΗ ΜΟΥ Αλατοπίπερο,19.2
2024-12-10,747364,ΑΦΟΙ ΧΑΪΤΟΓΛΟΥ Φυστικοβούτυρο Μαύρη Σοκολάτα,28.7
2024-12-10,977765,CAPRICE Πουράκια 30% Λιγότερη Ζάχαρη,33.2
2024-12-10,747401,NUTRI VALLEY Κοτόπουλο Φιλέτο Στήθο,74.5
2024-12-10,978060,ΔΩΔΩΝΗ Τυρί Ελαφρύ,34.8
2024-12-10,747249,ΕΠΙΛΟΓΗ ΜΟΥ Ελιές Πράσινες,18.9
2024-12-10,975291,ΒΙΟΛΑΝΤΑ Zero Με Μαύρη Σοκολάτα,31.8
2024-12-10,747350,HEALTHY HABITS Μαρμελάδα Βερίκοκο,39.9
2024-12-10,747351,HEALTHY HABITS Μαρμελάδα Φράουλα,39.9
2024-12-10,746548,CRETA FARMS Tostaki Λουκάνικα Κοκτέιλ 1+1,41.8
2024-12-10,745049,HEINZ Μαγιονέζα Seriously Good,27.3
2024-12-10,760038,ΑΡΟΣΙΣ Βιολογικές Φακές Ψιλές,37.9
2024-12-10,747328,ORAL-B Δυόσμος Μπουκάλι,29.9
2024-12-10,889006,ΓΙΩΤΗΣ Γάλακτος,11.4
2024-12-10,904003,WERTHERS Καραμέλες Hard Candy,20.9
2024-12-10,38590,ΚΥΚΝΟΣ Βύσσινο,34.1
2024-12-10,745050,KNORR Noodles Κοτόπουλο,13.2
2024-12-10,747462,ΑΚΤΑΙΟΝ Αλάτι Ημίχονδρο,6.9
2024-12-10,747542,ΚΥΚΝΟΣ Απαλή,35.9
2024-12-10,729370,NIVEA MEN Fresh Kick,63.0
2024-12-10,747608,LACTA Cookies Merenda,24.2
2024-12-10,747609,LACTA Cookies Oreo Cream,24.2
2024-12-10,64149,ΑΝΑΤΟΛΗ Δυόσμος Τριμμένος,17.8
2024-12-10,64470,ΑΝΑΤΟΛΗ ΑΝΑΤΟΛΗ,12.8
2024-12-10,64504,ΑΝΑΤΟΛΗ Mix Για Κοτόπουλο,16.2
2024-12-10,64711,ΑΝΑΤΟΛΗ Μαύρο Πιπέρι Τριμμένο,22.9
2024-12-10,64714,ΑΝΑΤΟΛΗ Κανέλα Τριμμένη,16.2
2024-12-10,64719,ΑΝΑΤΟΛΗ Mix Για Πατάτες,16.2
2024-12-10,742913,ΑΝΑΤΟΛΗ Πιπέρι Καγιέν,24.5
2024-12-10,742916,ΑΝΑΤΟΛΗ Πάπρικα Καπνιστή,23.5
2024-12-10,742917,ΑΝΑΤΟΛΗ Κουρκουμάς Τουμερίκ,24.5
2024-12-10,742918,ΑΝΑΤΟΛΗ Κύμινο Τριμμένο,24.6
2024-12-10,742922,ΑΝΑΤΟΛΗ Μοσχοκάρυδο Τριμμένο,31.9
2024-12-10,742926,ΑΝΑΤΟΛΗ Πιπέρι Τριμμένο,27.5
2024-12-10,745387,RIO MARE Σε Ελαιόλαδο Πικάντικός,61.8
2024-12-10,745700,TRATA Pocket Σε Ελαιόλαδο,15.3
2024-12-10,854481,MISKO Basilico Με Θυμάρι& Κοκ-Κρασί,24.4
2024-12-10,747155,ΒΙΟΛΑΝΤΑ Digestive 0% Ζάχαρη,19.2
2024-12-10,703094,ΟΛΑ ΒΙΟ Βιολογικός Τοματοπολτός,24.3
2024-12-10,865001,ΟΛΑ ΒΙΟ Βιολογικό Πληγούρι,18.9
2024-12-10,729655,JB Βιοδιασπώμενες,8.6
2024-12-10,745051,KNORR Noodles Πάπια,18.9
2024-12-10,960037,MAGGI Curry,15.9
2024-12-10,728574,ΑΝΑΤΟΛΗ Αλάτι Ροζ Ιμαλαΐων,18.1
2024-12-10,747522,ΓΙΩΤΗΣ Γάλακτος (-0-30)Ε,29.6
2024-12-10,870287,ΑΝΑΤΟΛΗ Ρίγανη,18.8
2024-12-10,747623,ΠΑΥΛΙΔΗΣ Υγείας Μπισκότο Φράουλα,11.1
2024-12-10,869025,ΒΙΟΛΑΝΤΑ Bianca Κλασικό,16.8
2024-12-10,745045,SNICKERS Σοκολατάκια Mini,38.2
2024-12-10,745046,TWIX Σοκολατάκια Mini,38.2
2024-12-10,745591,KNORR Μπολονέζ,13.2
2024-12-10,747618,M&M΄S Choco,29.9
2024-12-10,747628,ΓΕΩΔΗ Μαρμελάδα Φράουλα Με Stevia,37.5
2024-12-10,747159,CHUPA CHUPS Big Babol Magic Cubes,29.9
2024-12-10,746670,LACTA Γάλακτος (-0-30)Ε,52.5
2024-12-10,875313,SCOTCH BRITE Πράσινο Αντιβακτηριδιακό (2+1),19.9
2024-12-10,747634,ΟΛΥΜΠΟΣ Ολικής Άλεσης με σουσάμι Εβρου,46.8
2024-12-10,38080,DEL MONTE Pinapple slices,36.7
2024-12-10,747502,CHUPA CHUPS Μini the best,24.9
2024-12-10,632228,THRACE GROUP Μιας Χρήσης FFP2-NR Μαύρη,12.5
2024-12-10,706907,ΟΛΑ ΒΙΟ Digestive Choco Χωρίς Γλουτένη,30.5
2024-12-10,716351,ΟΛΑ ΒΙΟ Σφενδάμου,75.3
2024-12-10,747550,MAGGI Λαχανικών κόκκους,21.4
2024-12-10,746410,BONDUELLE Mediterranean mix,30.4
2024-12-10,632434,COVER Ατομική Μαύρη μιας Χρήσης,9.9
2024-12-10,729081,NIVEA ΜΕΝ Black&White Ultimate (1+1)Δ,52.9
2024-12-10,729773,AROMATICS Love,31.8
2024-12-10,742211,KINDER Χριστουγεννιάτικο Ημερολόγιο,102.2
2024-12-10,747723,ΠΑΥΛΙΔΗΣ Υγείας Με Πορτοκάλι,38.1
2024-12-10,747795,BONDUELLE Γλυκό Καλαμπόκι,23.4
2024-12-10,747797,BONDUELLE Μαύρα Φασόλια,23.1
2024-12-10,747750,ASTIR Πραλινάκια,49.9
2024-12-10,747786,ΕΠΙΛΟΓΗ ΜΟΥ Μαρμελάδα Βατόμουρο,22.9
2024-12-10,747787,ΕΠΙΛΟΓΗ ΜΟΥ Μαρμελάδα Βερύκοκο,22.9
2024-12-10,861427,PEDIGREE Dentastix Για Μεσαίους Σκύλους,18.1
2024-12-10,966716,MAGGI Με Λαχανικά,7.5
2024-12-10,43035,ΜΠΑΡΜΠΑ ΣΤΑΘΗΣ Σπανάκι σε φύλλα,35.6
2024-12-10,709742,ΒΙΟΛΑΝΤΑ Μπισκότα με Μέλι,19.2
2024-12-10,747702,NESTLE Clusters Choco,47.2
2024-12-10,747790,ΕΠΙΛΟΓΗ ΜΟΥ Μαρμελάδα Ροδάκινο,22.9
2024-12-10,59156,ΚΑΛΑΣ Αλάτι (2+1)Δ,36.6
2024-12-10,745055,ΠΑΥΛΙΔΗΣ Υγείας 70%,69.9
2024-12-10,745060,LACTA Γάλακτος,52.6
2024-12-10,747855,ΓΑΙΑ Φακές Ψιλές,9.8
2024-12-10,747883,RICE UP Ρυζογκοφρέτες Κινόα & Chia,11.5
2024-12-10,747884,RICE UP Ρυζογκοφρέτες Αμάρανθο & Κεχρί,11.5
2024-12-10,747485,ΠΑΛΙΡΡΟΙΑ Ντολμαδάκια Γιαλαντζί,29.9
2024-12-10,724717,ΟΛΑ ΒΙΟ Σπόρων,18.2
2024-12-10,747793,ΕΠΙΛΟΓΗ ΜΟΥ Crunchy Χ- Γλουτένη,27.5
2024-12-10,747794,ΕΠΙΛΟΓΗ ΜΟΥ Απαλό Χ- Γλουτένη,27.5
2024-12-10,982758,ΙΟΝ Pralines,40.7
2024-12-10,747670,ΑΝΑΤΟΛΗ Μαύρο Πιπέρι Τριμμένο,42.3
2024-12-10,747675,ΑΝΑΤΟΛΗ Ρίγανη,29.9
2024-12-10,746700,ALFA Τριγωνάρια με Λουκάνικο Κέτσαπ,24.4
2024-12-10,718735,ΔΕΚΑΡΑΚΙ Μαλαγουζιά 40%,61.5
2024-12-10,729851,ΕΠΙΛΟΓΗ ΜΟΥ 60x90 cm,54.9
2024-12-10,747792,ΕΠΙΛΟΓΗ ΜΟΥ Μαρμελάδα Φράουλα,22.9
2024-12-10,747778,ORIENTAL EXPRESS Panko,27.5
2024-12-10,747781,ORIENTAL EXPRESS για Σούσι,22.4
2024-12-10,747773,NISSIN SOBA Cup Classic,21.9
2024-12-10,747774,NISSIN SOBA Τεριγιάκι,21.9
2024-12-10,747776,NISSIN SOBA Cup Πάπια Πεκίνου,21.9
2024-12-10,747777,NISSIN SOBA Τσίλι,21.9
2024-12-10,41006,FYTRO,34.1
2024-12-10,745975,BONDUELLE Φασολάκια λεπτά,28.7
2024-12-10,983585,ΚΥΚΝΟΣ Hot Top Down,35.9
2024-12-10,700859,ΟΛΑ ΒΙΟ Καρύδας,79.0
2024-12-10,631771,FFP2 Μιας χρήσης,1.9
2024-12-10,746711,FLOKOS καθ/νο & τεμ/νο σε άλμη,42.5
2024-12-10,747912,FELIX Agail Βοδ- & κοτ.,27.5
2024-12-10,747913,FELIX Ποικιλία κρεάτων σε ζελέ,27.5
2024-12-10,747915,FELIX SENS- Jellies Βοδινό & Κοτόπ.,27.5
2024-12-10,631755,ΚΡΗΤΙΚΟΣ Πολλαπλών Χρήσεων 38*40cm,8.9
2024-12-10,631817,SANITAS Tape Flex Giant 100lt 70x95,36.0
2024-12-10,631814,ΕΠΙΛΟΓΗ ΜΟΥ Bamboo,8.0
2024-12-10,729719,SEPTONA Σακουλακι Βιοδιασπωμενες,11.3
2024-12-10,729720,SEPTONA Με Οργανικό Βαμβάκι Βιοδιασπώμ,13.5
2024-12-10,984570,ΠΑΠΑΔΟΠΟΥΛΟΥ Πτι μπερ (-1-00Ε),30.4
2024-12-10,747801,ΠΑΠΑΔΟΠΟΥΛΟΥ Digestive με Ξηρούς Καρπούς,26.8
2024-12-10,964242,ΟΛΥΜΠΟΣ Φυστικοβούτυρο Τραγανό,29.8
2024-12-10,747780,ORIENTAL EXPRESS για Σούσι,36.5
2024-12-10,747909,FELIX Σολωμός & Τόνος σε Ζελέ,26.9
2024-12-10,748138,AMARETTI Γκοφρετάκια Κρέμα κακάο,12.9
2024-12-10,748058,ΟΛΥΜΠΟΣ Βανίλια Φιστίκι & Σοκολάτα,109.3
2024-12-10,748139,ΑΜΑRETTI Γκοφρετάκια Κακάο,18.0
2024-12-10,742477,NESTLE Fitness Red Berries,6.7
2024-12-10,748151,KELLOGG΄S Choco Nut,54.9
2024-12-10,700097,HELLMANN΄S Max Κετσαπίτο,26.6
2024-12-10,747722,ΠΑΥΛΙΔΗΣ Υγείας αμύγδαλο (-0-15)Ε,38.1
2024-12-10,748156,17 Ceasar΄s,21.1
2024-12-10,748162,ΑΡΩΜΑ ΜΕΛΙΣΣΑΣ Ελάτης Πάρνωνα,79.8
2024-12-10,967074,17 French,20.5
2024-12-10,631816,SANITAS Flex & Strong 45lt 52x75,23.9
2024-12-10,42033,SAFCOL Πικάντικο,46.5
2024-12-10,729836,ΕΠΙΛΟΓΗ ΜΟΥ Κασετίνα Χάρτινα Στικ,10.5
2024-12-10,747988,ΜΑΚΕΔΟΝΙΚΟΣ Σοκολάτα με Φουντούκια,41.2
2024-12-10,960379,MAXSPORT Καραμέλα,18.6
2024-12-10,748170,HALLS Watermelon Sugar Free,9.9
2024-12-10,748158,CONDITO Mayo με απαλή μουστάρδα,18.9
2024-12-10,631731,ΤΑΝΙ Νιτριλίου Μαύρα Large Χ-Πούδρα,49.9
2024-12-10,747908,FELIX Κουνέλι σε Ζελέ,7.6
2024-12-10,747911,FELIX Sens-Jellies Γαλοπ&Σπαν,7.6
2024-12-10,729418,TIPERS Cotton Refill,17.9
2024-12-10,211467,KOKLIKO Πιάτο 20cm Next Generation,26.4
2024-12-10,634644,TESSERA Brick Wall Ποτήρια & Καπάκι,49.9
2024-12-10,634645,TESSERA Ποτήρια Tree Μαύρο,44.9
2024-12-10,634646,TESSERA Brick Wall Ποτήρια,35.9
2024-12-10,636329,TESSERA Πιάτο 23cm,7.5
2024-12-10,636330,TESSERA Πιάτο 18cm,5.5
2024-12-10,636332,TESSERA Πιάτο BIO 18cm,9.5
2024-12-10,748145,SERENATA Maxi Γάλακτος,16.1
2024-12-10,891569,Χάρτινο Πιάτο 23cm FSC Next Generation,33.5
2024-12-10,58123,XENIA Καλαμών,29.9
2024-12-10,58429,XENIA Γεμιστές με αμύγδαλο,41.5
2024-12-10,58929,XENIA Γεμιστές με πιπεριά,31.1
2024-12-10,729772,AROMATICS Love,49.8
2024-12-10,732121,XENIA Καλαμών (+35% επ-προιόν),20.1
2024-12-10,747576,NATURE VALLEY Protein Καραμέλα,49.7
2024-12-10,985536,ΙΟΝ Double Γάλακτος Λευκή,19.7
2024-12-10,747906,FELIX Βοδινό σε Ζελέ,6.9
2024-12-10,748224,NESTLE Lion Σοκολάτα,8.8
2024-12-10,748225,NESTLE Lion Σοκολάτα White,8.8
2024-12-10,985045,ΒΙΟΛΑΝΤΑ Digestive 0% Ταχίνι Κακάο,19.5
2024-12-10,747248,JUMBO Classic Χ-Γλουτένη,11.2
2024-12-10,746756,Ελιές Πράσινες Γίγας Αρκαδίας,55.8
2024-12-10,748183,XENIA Καλαμών 40% Λιγ-Αλάτι(-0-50Ε),35.7
2024-12-10,16029,BONNE MAMAN Σύκο,44.9
2024-12-10,748230,ΕΠΙΛΟΓΗ ΜΟΥ Ελληνικό Θυμαρίσιο,54.5
2024-12-10,748232,ΕΠΙΛΟΓΗ ΜΟΥ Ανθέων Κωνοφ-Θυμαρ. Ελληνικό,41.8
2024-12-10,748209,ΟΛΥΜΠΟΣ Μαύρη Σοκολάτα & Αλμ-Καραμέλα,39.1
2024-12-10,631733,ΤΑΝΙ Νιτριλίου Μαύρα Small Χ-Πούδρα,49.9
2024-12-10,729721,SEPTONA Παιδικοί Ασφαλείας Pop Up Βιοδ,14.7
2024-12-10,636333,TESSERA Πιρούνια Ξύλινα,6.4
2024-12-10,636334,TESSERA Μαχαίρια Ξύλινα,6.4
2024-12-10,636335,TESSERA Κουτάλια Ξύλινα,6.4
2024-12-10,631819,SANITAS Round Large,27.9
2024-12-10,631825,FORCAL Σφουγγαρίστρα Super Γίγας,26.5
2024-12-10,748340,PURINA One St-Hair.Κοτ.& Δημ.Ολ.Αλ.,75.5
2024-12-10,748361,ΟΙΚΟΓΕΝΕΙΑ ΚΟΝΤΙΛΙΕΡΗ Κουλουράκια Σμυρνέϊκα,39.5
2024-12-10,748362,ΟΙΚΟΓΕΝΕΙΑ ΚΟΝΤΙΛΙΕΡΗ Κουλουράκια Αμυγδάλου,39.5
2024-12-10,751802,ΒΕΡΓΙΝΑ Μπύρα Lager (8+4)Δώρο,84.8
2024-12-10,531890,ΠΑΠΑΔΟΠΟΥΛΟΥ Πτι Μπερ Κλασικό,33.2
2024-12-10,860786,BIC Pure 3 LadyΧ (4+4) Δώρο,36.6
2024-12-10,631653,HEALTH CARE 95o,26.9
2024-12-10,723709,Πυρηνέλαιο Λιόφυτο Φιάλη,54.5
2024-12-10,748343,ΜΟΥΣΕΣ Ελλ/κό Καστανιές Αγ-Ορους,52.5
2024-12-10,748344,ΜΕΛΑΝΘΗ Ανθέων & Κων/ρων,41.0
2024-12-10,632247,ΠΡΟΚΟΣ Ποτήρια Κόκκινα,21.4
2024-12-10,64473,ΚΑΓΙΑ Μπαχάρι Ολόκληρο,7.9
2024-12-10,748150,KELLOGG΄S Krave Milk Choco,54.9
2024-12-10,748257,ΛΑΒΔΑΣ Ζελίνια Αρκουδάκια,23.3
2024-12-10,748342,ΒΙΟΛΑΝΤΑ Δημητριακά Zero 0%,36.9
2024-12-10,748346,HUNGRY NOT Protein με Φυστικοβούτυρο,27.7
2024-12-10,748358,Hai Υποβρύχιο Βανίλια,28.5
2024-12-10,748359,Hai Υποβρύχιο Μαστίχα,28.5
2024-12-10,749035,JOHNNIE WALKER Black 12 ετών Icon,299.0
2024-12-10,983973,ΛΑΒΔΑΣ Καραμέλες Zero Ευκάλυπτος Μέλι,11.6
2024-12-10,984998,ΛΑΒΔΑΣ Καραμέλες  Φρούτων Βουτύρου,20.5
2024-12-10,985362,ΜΑΚΕΔΟΝΙΚΟΣ Σοκολατένιος με φουντούκι,10.5
2024-12-10,748364,MENTOS Vitamins SF Bottle,34.9
2024-12-10,729294,SANEX Zero% Παιδικό,27.7
2024-12-10,733841,NUTRI VALLEY Peppa Pig Μήλο-Πορτ--Ρόδι-Βερ.,7.9
2024-12-10,770090,AIRWICK Vanilla,44.9
2024-12-10,945142,BARILLA Basilico,19.9
2024-12-10,748363,MENTOS Cherry,34.9
2024-12-10,748365,CHUPA CHUPS BigBabol Unic-Eggs Bottle,29.9
2024-12-10,985263,PIRULO Watermelon,60.9
2024-12-10,771109,ΑΛΛΑΤΙΝΗ Digestive Γεμιστά με Σοκολάτα,22.3
2024-12-10,631286,Τσάντα Ισοθερμική Πολλαπλών Χρήσεων 17Λ,19.5
2024-12-10,752459,BECEL ProActiv με Ελαιόλαδο,47.8
2024-12-10,770085,AIRWICK Λεβάντα,44.9
2024-12-10,770015,L΄OREAL Clean Carbon Men Expert,26.2
2024-12-10,631655,PRACTIC Γάντια Latex,36.0
2024-12-10,631656,PRACTIC Γάντια Latex,36.0
2024-12-10,631822,SANITAS Σκεύη Αλουμινίου Cake,14.8
2024-12-10,752460,BECEL ProΑctiv Κλασικό,46.7
2024-12-10,752461,BECEL ProActiv με Ελαιόλαδο,30.7
2024-12-10,771110,CRETA FARMS Γαλοπούλα Edam Χωρίς (-0-60Ε),47.6
2024-12-10,985347,QUAKER Choco Noisette,49.5
2024-12-10,749364,ΑΠΟΣΤΟΛΑΚΗ 1954 37-5%,113.3
2024-12-10,749365,ΑΠΟΣΤΟΛΑΚΗ 1954 37-5%,36.9
2024-12-10,770010,LE PETIT MARSEILLAIS Men Ginger,23.6
2024-12-10,771157,LUX Αφρόλουτρο Magical Orchid,31.4
2024-12-10,771180,NESTLE Cini Minis Churros,29.9
2024-12-10,983423,NOXZEMA Roll On Talc,27.4
2024-12-10,631815,SANITAS Flex & Strong 45L 52x75cm,23.9
2024-12-10,638965,SCOTCH BRITE Σφουγγάρι Delicate,15.0
2024-12-10,771181,NESTLE Lion Triple Crunchy,32.8
2024-12-10,771210,COOK AT HOME Κοτόπουλο Λεμονάτο Φούρνου,29.9
2024-12-10,631282,ESTIA Ανοξείδωτα με Βουρτσάκι,35.0
2024-12-10,619116,VIOMES,49.9
2024-12-10,638966,SCOTCH BRITE Πετσετάκι Κουζίνας,10.2
2024-12-10,733840,NUTRI VALLEY Peppa Pig Μήλο-Σταφύλι-Φράουλα,5.1
2024-12-10,742815,MENTOS CB 2hrs Peppermint Sugar Free,12.9
2024-12-10,742816,MENTOS Cb 2hrs Wintergreen Sugar Free,12.9
2024-12-10,742847,CHUPA CHUPS Party Mix,24.2
2024-12-10,979846,OLD SPICE Captain,27.9
2024-12-10,988534,AMITA Fun Blue,42.0
2024-12-10,43032,ΖΑΝΑΕ Μπάμιες Λαδερές,32.3
2024-12-10,43103,ΖΑΝΑΕ Φασόλια Γίγαντες ΣάλτσαΤομάτας,25.8
2024-12-10,904934,ΖΑΝΑΕ Κεφτεδάκια σε Σάλτσα Τομάτας,34.8
2024-12-10,945499,RIO MARE Insalatissime Κους Κους & Τόνο,59.4
2024-12-10,985411,TRATA Salmon Καπνιστός,33.0
2024-12-10,631823,SANITAS Σκεύος Αλουμινίου Muffin,14.9
2024-12-10,770008,LE PETIT MARSEILLAIS Almond Flower Bio,23.5
2024-12-10,950182,BONDUELLE Αρακάς Πολύ Ψιλός,26.2
2024-12-10,771208,COOK AT HOME Μίγμα Για Μπιφτέκια,9.9
2024-12-10,987480,KNORR Creamy Pesto,13.2
2024-12-10,988551,ΓΙΩΤΗΣ Ζελέ Ροδάκινο,17.0
2024-12-10,864205,TRATA Mexicana,40.6
2024-12-10,945056,ΜΟΥΤΑΒΕΛΗΣ Λουκάνικα Μοσχαρίσια με Θυμάρι,56.3
2024-12-10,987614,ΔΕΡΜΙΣΗΣ Choco Dream Ελβετική Σοκολάτα,21.9
2024-12-10,748373,BRAVA Real,26.3
2024-12-10,771338,ΕΠΙΛΟΓΗ ΜΟΥ Τόνος Τεμαχισμένος σε Νερό,30.3
2024-12-10,746017,ΥΦΑΝΤΗΣ Πίτσα Pepperoni Rock N Roll,79.6
2024-12-10,771313,ΤΡΙΠΟΔΑΚΗΣ Ξυδι Λευκό,22.5
2024-12-10,851969,AXE Dark Temptation (1+1) Δώρο,41.9
2024-12-10,746696,ALFA Ρολάκια Τυρί Μπέικον Μαγιονέζα,24.4
2024-12-10,746697,ALFA Ζαμπονοτυροπιτάκια Κασέρι Σως,27.2
2024-12-10,746703,ALFA ΚΕΦΑΤΑ Κασεροπιτάκια Γραβιέρα Κασέρι,38.4
2024-12-10,987672,FIVE BOUΝCE Δυόσμος 30τεμ-,29.9
2024-12-10,987674,FIVE BOUΝCE Καρπούζι,9.9
2024-12-10,771153,LUX Soft Rose,31.4
2024-12-10,771154,LUX Secret Poppy,31.4
2024-12-10,771159,LUX Alluring Cashmere,31.4
2024-12-10,771483,KNORR Noodles Κάρυ,8.9
2024-12-10,747905,FELIX Κοτόπουλο Σε Ζελέ Junior,7.6
2024-12-10,747907,FELIX Κοτόπουλο Σε Ζελέ,7.6
2024-12-10,747914,FELIX Ποικιλία Ψαρικών σε Ζελέ,27.5
2024-12-10,748049,SHEBA Τόνος Σε Σαλάτα,8.9
2024-12-10,742817,CHUPA CHUPS Big Babol Sugar Free Bottle,20.2
2024-12-10,17003,ΣΑΡΑΝΤΗΣ Γλυκό Κουταλιού Κεράσι,49.2
2024-12-10,17026,ΣΑΡΑΝΤΗΣ Γλυκό Κουταλιού Βύσσινο,61.0
2024-12-10,631142,ΕΠΙΛΟΓΗ ΜΟΥ με Κορδόνι 52x75cm,15.5
2024-12-10,742619,PURINA Steril με Βοδινό,110.5
2024-12-10,748517,ΧΑΪΤΟΓΛΟΥ Φυστικοβούτυρο με καραμέλα,28.7
2024-12-10,758022,PEDIGREE Dentastix Σνακ Σκύλου,108.5
2024-12-10,748185,ΤΟ ΜΕΤΟΧΙ Λευκό (2+1)Δ,13.6
2024-12-10,211248,SANITAS Μεμβράνη 50m,35.2
2024-12-10,41177,Χοιρινό Σνίτσελ Ελληνικό,84.5
2024-12-10,59266,ΗΡΑ Αλάτι (2+1)Δώρο,23.2
2024-12-10,603568,IZZY Αντικολλητικό Τηγάνι 20εκ-,107.9
2024-12-10,603569,IZZY Αντικολλητικό Τηγάνι 24εκ-,139.9
2024-12-10,603570,IZZY Αντικολλητικό Τηγάνι 26εκ-,155.9
2024-12-10,603571,IZZY Αντικολλητικό Τηγάνι 28εκ-,172.9
2024-12-10,606294,IZZY Αντικολλητικό Τηγάνι 28εκ-,189.9
2024-12-10,609616,LINES Ριχτάρι 180*240εκ-,99.9
2024-12-10,609617,LINES Ριχτάρι 180*280εκ-,119.9
2024-12-10,618524,ENERGIZER,82.7
2024-12-10,619094,VIOMES Με Πεντάλ Soft Close 7L,146.9
2024-12-10,620021,ΙΖΖΥ Κατσαρόλα 28εκ-,299.9
2024-12-10,620022,ΙΖΖΥ Κατσαρολάκι Γάλακτος 20εκ-,199.9
2024-12-10,620259,ENERGIZER Αλκαλικές Max C BP,56.9
2024-12-10,62439,BARILLA Pesto Genovese,55.6
2024-12-10,626289,Ι&Β White Spirit,19.9
2024-12-10,626653,FΙDΟ Βάζο 500CC,21.9
2024-12-10,626654,FΙDΟ Βάζο 500CC,21.9
2024-12-10,626655,FΙDΟ Βάζο 750CC,24.9
2024-12-10,626656,FΙDΟ Βάζο 750CC,24.9
2024-12-10,626921,Ι&Β 95ο,24.0
2024-12-10,629629,KIROIL Κερί,68.9
2024-12-10,631204,SAMSON Πράσινος Τρίπτης Γίγας,4.9
2024-12-10,631654,PRACTIC Γάντια Latex,36.0
2024-12-10,631821,SANITAS Round Medium S6,24.7
2024-12-10,631839,DURACELL Αλκαλικές Plus 100AAA,44.1
2024-12-10,631869,DURACELL Αλκαλικές Plus 100AA,44.1
2024-12-10,632249,PROCOS Καλαμάκια Λευκό Μαύρο,19.9
2024-12-10,637602,Μάσκα Προσώπου Υφασμάτινη με πιέτες,15.0
2024-12-10,639829,Δαδί Πεύκου,36.9
2024-12-10,700767,BIP Καραμέλες,58.0
2024-12-10,711471,LELIA Ελιές Καλαμών,38.5
2024-12-10,746684,ΠΑΥΛΙΔΗΣ Υγείας  (-0-15Ε),36.9
2024-12-10,748336,FRISKIES Funtastix Treats,26.3
2024-12-10,750984,WERTHER^S Original Hard Candy,10.8
2024-12-10,770007,LE PETIT MARSEILLAIS Almond,29.9
2024-12-10,771282,ULTREX Active Clean 3In1,39.8
2024-12-10,771311,AMARETTI Γκοφρέτα Less Sugar,7.3
2024-12-10,771315,ORBIT Refreshers Tropical 30τεμ-,29.9
2024-12-10,771337,ΕΠΙΛΟΓΗ ΜΟΥ Τόνος Τεμαχισμένος Ελαιόλαδο,39.7
2024-12-10,771467,NISSIN SOBA Noodles Chili,14.9
2024-12-10,771468,NISSIN SOBA Noodles Κοτόπουλο Yakitori,14.9
2024-12-10,771470,NISSIN SOBA Noodles Classic,14.9
2024-12-10,771471,NISSIN SOBA Noodles Teriyaki,14.9
2024-12-10,771480,PROTEIN GO ON Granola Με Σοκολάτα & Καρύδια,53.1
2024-12-10,861761,ΟΙΚΟΓΕΝΕΙΑ ΣΤΕΡΓΙΟΥ Σάντουιτς Τονοσαλάτα,24.0
2024-12-10,871876,NEDEL Πλαστικά Μαχαίρια,3.8
2024-12-10,871918,ENERGIZER 2032 Lithium 3V,39.3
2024-12-10,917194,FLORIAN Γαρδένια Καμέλια,33.0
2024-12-10,93151,PALMOLIVE Naturals Μέλι & Γάλα,16.2
2024-12-10,942401,CAMEL Αυτογιαλιστή Πάστα Καφέ,30.3
2024-12-10,942510,SANITAS Extra Strong Small,19.9
2024-12-10,942537,SANITAS Extra Strong Large,19.9
2024-12-10,942573,SANITAS Extra Strong Medium,19.9
2024-12-10,960743,HOF DOG Κοτόπουλο,35.0
2024-12-10,965254,CAMEL Αδιαβροχοποιητικό Spray,64.9
2024-12-10,976225,ΣΥΝΕΡΓΑΣΙΑ Κρήτης Ρίγανη,21.5
2024-12-10,976228,ΣΥΝΕΡΓΑΣΙΑ Κρήτης Τσάι του Βουνού,22.9
2024-12-10,976230,ΣΥΝΕΡΓΑΣΙΑ Κρήτης Χαμομήλι,25.4
2024-12-10,988371,ΠΑΠΟΥΤΣΑΝΗΣ ΚΑΡΑΒΑΚΙ Δροσιά Αιγίου Αντλία,26.1
2024-12-10,68377,KINDER Pingui,6.5
2024-12-10,771624,ΕΠΙΛΟΓΗ ΜΟΥ Παγωτό Βανίλια-Κακάο,54.9
2024-12-10,531547,ΠΑΠΑΔΟΠΟΥΛΟΥ Μιράντα Choco,18.1
2024-12-10,771589,ΠΑΠΑΔΟΠΟΥΛΟΥ Digestive 0% Ζάχαρη (-0-50)Ε,36.4
2024-12-10,875726,AXE Roll On AFRICA  (1+1) Δώρο,54.9
2024-12-10,79504,ΥΦΑΝΤΗΣ Παριζάκι,34.4
2024-12-10,724678,AXE Spray Collision (1+1)Δ,59.9
2024-12-10,724679,AXE Spray Dark Tempt-(1+1)Δ,59.9
2024-12-10,748557,ΠΑΠΑΔΟΠΟΥΛΟΥ Granola Σοκολάτα Χωρίς Ζάχαρη,32.8
2024-12-10,771564,ΕΠΙΛΟΓΗ ΜΟΥ Ταχίνι Ολικής Άλεσης,27.9
2024-12-10,771654,TURCI Τζίντζερ,28.8
2024-12-10,771655,TRATA Τονοσαλάτα Με Φακές & Κινόα,23.7
2024-12-10,771657,NESTLE Fitness ChocoBanana,49.8
2024-12-10,79404,CRETA FARMS Εν Ελλάδι,40.6
2024-12-10,966606,HANSAPLAST Elastic,30.8
2024-12-10,985825,HANSAPLAST Green & Protect,30.1
2024-12-10,771314,ΓΙΩΤΗΣ Φρουί Ζελέ Λεμόνι,13.9
2024-12-10,710172,BIGGER Πλαστικό,13.7
2024-12-10,874118,FORKAL 20m Αλουμινίου Τρίφυλλη,265.5
2024-12-10,904802,HEMO Σοκολατούχο Ρόφημα,34.9
2024-12-10,988531,AMITA Fun Red,42.0
2024-12-10,770084,AIRWICK Vanilla,56.2
2024-12-10,867597,ΞΕΝΙΑ Γλυκοελιές Καλαμών,69.5
2024-12-10,771333,ΕΠΙΛΟΓΗ ΜΟΥ Τόνος Τεμαχισμένος σε Νερό,34.9
2024-12-10,747138,HUNGRYNOT Σοκολάτα Πραλίνα Φουντούκι,27.7
2024-12-10,771769,ΕΛ ΓΚΡΕΚΟ Master,459.9
2024-12-10,771804,KNORR Για Ζυμαρικά,20.2
2024-12-10,771807,ΕΠΙΛΟΓΗ ΜΟΥ Μέλι & Γάλα Refill Pack,9.9
2024-12-10,771811,ΠΑΥΛΙΔΗΣ Υγείας με Αμύγδαλο,32.0
2024-12-10,771814,KINDER Bueno,24.0
2024-12-10,771816,3BIT Με Μπανάνα,11.0
2024-12-10,771819,NESTLE Lion Σοκολάτα Peanut,8.8
2024-12-10,717754,FA MEN Roll On Sport Energy Boost,22.1
2024-12-10,729630,EVERYDAY Hyperdry Ultra Plus Double Dry,38.0
2024-12-10,771871,FA Roll On Pink Passion,22.1
2024-12-10,771872,FA Spray Pink Passion,24.9
2024-12-10,771873,AXE Spray Epic Fresh (1+1) Δώρο,59.9
2024-12-10,89071,DOVE Spray Fresh,27.5
2024-12-10,89308,DOVE Roll On Cream,27.9
2024-12-10,721791,FYTRO Ακατέργαστη Για Καφέ,21.8
2024-12-10,984826,HUNGRYNOT Cookies Cream (-0-70E),26.9
2024-12-10,985502,HUNGRYNOT Καραμέλα Cookies (-0-70E),26.9
2024-12-10,70276,ΚΑΝΑΚΙ Φρέσκο,49.4
2024-12-10,771881,ΧΡΥΣΗ ΖΥΜΗ Τρίγωνα Φέτα-Κατίκι Δομοκού,45.4
2024-12-10,746090,ALFA Χωριάτικη,75.7
2024-12-10,746701,ALFA Εκλεκτά Πιτάκια Γαλοπούλα&Τυρί,25.1
2024-12-10,771949,ΟΛΥΜΠΟΣ Στέβια & Σοκολάτα,6.3
2024-12-10,771950,ΟΛΥΜΠΟΣ Σοκολάτα & Φουντούκι,6.3
2024-12-10,771960,TRIDENT Oral-B White Spearmint,11.0
2024-12-10,771966,ΕΠΙΛΟΓΗ ΜΟΥ Παξιμάδια Κρίθινα,19.8
2024-12-10,771967,ΕΠΙΛΟΓΗ ΜΟΥ Κριθαροκούλουρα Κρήτης,19.8
2024-12-10,771968,ALFA Mini Rollitos Pizza,38.4
2024-12-10,771969,ALFA Rollitos Φέτα Γραβιέρα Μυζήθρα,38.4
2024-12-10,771971,ALFA Τα Κρουασανάκια μου Μιλφέιγ,29.3
2024-12-10,771972,ALFA Τα Κρουασανάκια μου Πραλίνα,30.0
2024-12-10,771976,ΑΛΙΜΠΙΝΙΣΗΣ Κουλούρι Θεσσαλονίκης,9.9
2024-12-10,771977,ΑΛΙΜΠΙΝΙΣΗΣ Μπαγκέτα Λευκή,13.4
2024-12-10,771996,CAMPER GAZ Πλαστικό Basic Simple,114.9
2024-12-10,982836,JANNIS Χαρούπι- Τζίντζερ & Πορτοκάλι,8.4
2024-12-10,990388,JANNIS Βιολογικό,6.9
2024-12-10,748526,ΠΑΠΑΔΟΠΟΥΛΟΥ Μιράντα 30%Λιγ-Ζάχαρη(-0.30Ε),31.4
2024-12-10,771885,DALFOUR Βερίκοκο (-0-80Ε),45.0
2024-12-10,747893,KINDER Μπισκότα Cards,7.0
2024-12-10,771085,ΠΑΠΑΔΟΠΟΥΛΟΥ Digestive Μαυρη Σοκολάτα,21.0
2024-12-10,985932,ΒΙΟΛΑΝΤΑ Cookies Γεμιστά Κρέμα Ταχίνι,21.0
2024-12-10,988126,ΠΑΠΑΔΟΠΟΥΛΟΥ Chocostrawberry,19.1
2024-12-10,771332,ΕΠΙΛΟΓΗ ΜΟΥ Τόνος Τεμαχισμένος σε Νερό,17.5
2024-12-10,771086,ΠΑΞΑΜΑΣ Λαδιού,31.8
2024-12-10,771834,EL SABOR Wraps Family Time 8τεμ-,16.5
2024-12-10,530259,ΠΑΠΑΔΟΠΟΥΛΟΥ Μιράντα,14.9
2024-12-10,771882,ΧΡΥΣΗ ΖΥΜΗ Τρίγωνα Αντίδια Πράσο Μυζήθρα,44.9
2024-12-10,748675,ΠΑΠΑΔΟΠΟΥΛΟΥ Στρογγυλές Ολικής Άλεσης,16.8
2024-12-10,771334,ΕΠΙΛΟΓΗ ΜΟΥ Τόνος Τεμαχισμένος σε Ηλιέλαιο,18.3
2024-12-10,771840,NIVEA Gel Energy For Men  (-40%),27.3
2024-12-10,771731,ΧΡΥΣΗ ΖΥΜΗ Μπουγάτσα Θεσσαλονίκης Κρέμα,48.8
2024-12-10,772013,TRATA Σολομός Λαχανικά Φασόλια,23.7
2024-12-10,772014,FLOKOS Θράψαλο με Ντομάτα & Πιπεριές,24.0
2024-12-10,862521,7DAYS Κρουασάν Βερίκοκο,15.0
2024-12-10,989562,7DAYS Κρουασάν με Σταγόνες Σοκολάτας,6.7
2024-12-10,990993,TRATA Ρεβύθια και Βασιλικός,23.7
2024-12-10,991150,ΚΥΚΝΟΣ Χωρίς Ζάχαρη,31.2
2024-12-10,991280,ΚΥΚΝΟΣ Top Down Χωρίς Ζάχαρη,46.9
2024-12-10,991359,KINDER Σοκολατένιες Φιγούρες,9.9
2024-12-10,991695,ΚΡΙΣ ΚΡΙΣ Selection Premium Καλαμπόκι,22.9
2024-12-10,991960,AGRINO Quick Deli με Κινόα,24.0
2024-12-10,771998,BEAMORE Κρέμα Κακάο,3.6
2024-12-10,771063,ΚΟΝΤΟΓΙΑΝΝΗ Ελευθέρας Βοσκής 6άδα Medium,36.5
2024-12-10,771880,ΧΡΥΣΗ ΖΥΜΗ Τυροπιτάκια Κουρού,32.9
2024-12-10,875428,ΨΥΧΑΛΗΣ Ψωμί Χωριάτικο με Σουσάμι,10.0
2024-12-10,79646,Χοιρινός κιμάς Νωπός,86.2
2024-12-10,771339,ΕΠΙΛΟΓΗ ΜΟΥ Τόνος Τεμαχισμένος σε Ηλιέλαιο,30.2
2024-12-10,68323,FERRERO ROCHE Διαμάντι 24τεμ-,79.9
2024-12-10,771072,BONDUELLE Gold Mexico Mix,21.5
2024-12-10,748630,TOTTIS Triplo με Φουντούκι,24.9
2024-12-10,771737,ΛΑΜΠΑΚΗΣ Ξυδάτα Κρήτης,42.9
2024-12-10,771835,EL SABOR Big Wraps Family Time 6τεμ-,16.5
2024-12-10,772171,ΟΙΚΟΓΕΝΕΙΑ ΚΟΝΤΙΛΙΕΡΗ Κουραμπιέδες,39.9
2024-12-10,772172,ΟΙΚΟΓΕΝΕΙΑ ΚΟΝΤΙΛΙΕΡΗ Μελομακάρονα,41.5
2024-12-10,852693,ΑΛΙΜΠΙΝΙΣΗΣ Μελομακάρονα με Επικάλυψη,41.5
2024-12-10,984786,OSCAR Μίνι Αγιοβασιλάκια,18.9
2024-12-10,772224,ΚΑΤΣΕΛΗΣ Ψωμί Διπλοζυμωτό Καλαμποκιού,18.8
2024-12-10,772225,ΚΑΤΣΕΛΗΣ Ψωμί Διπλοζυμωτό Πολύσπορο,18.8
2024-12-10,39012,HEMO Σοκολατούχο Ρόφημα,40.6
2024-12-10,771732,ΧΡΥΣΗ ΖΥΜΗ Μακεδονικό Στριφτάρι,57.4
2024-12-10,772208,ΠΑΠΑΔΟΠΟΥΛΟΥ Γεύση 2 Σίτου,9.8
2024-12-10,748692,ΠΑΠΑΔΟΠΟΥΛΟΥ Φρυγανιές Σταρένιες,15.8
2024-12-10,752230,ΕΠΙΛΟΓΗ ΜΟΥ Λουκάνικα τύπου Φρανκφούρτης,23.9
2024-12-10,772201,ΕΠΙΛΟΓΗ ΜΟΥ Αντισηπτικό Gel Χεριών Lemon,21.0
2024-12-10,772202,ΕΠΙΛΟΓΗ ΜΟΥ Αντισηπτικό Gel Χεριών Lemon,11.0
2024-12-10,772203,ΕΠΙΛΟΓΗ ΜΟΥ Αντισηπτικό Gel Χεριών Μέντα,21.0
2024-12-10,772204,ΕΠΙΛΟΓΗ ΜΟΥ Αντισηπτικό Gel Χεριών Μέντα,11.0
2024-12-10,772211,ΓΥΠΑΡΑΚΗ Χανιώτικα με Αμύγδαλο & Μέλι,58.5
2024-12-10,772212,ΓΥΠΑΡΑΚΗ Χανιώτικα με Σησάμι & Μέλι,53.5
2024-12-10,772245,ΕΠΙΛΟΓΗ ΜΟΥ Καραμέλες Γάλακτος Toffees,12.9
2024-12-10,772246,ΕΠΙΛΟΓΗ ΜΟΥ Καραμέλες Ζελεδάκια Φρούτων,12.9
2024-12-10,772247,ΕΠΙΛΟΓΗ ΜΟΥ Καραμέλες Μπίλια Φρούτων,12.9
2024-12-10,772248,ΕΠΙΛΟΓΗ ΜΟΥ Φάβα Κομμένη,15.9
2024-12-10,989557,7DAYS Cake Bar Κακάο,4.7
2024-12-10,991114,AXE Roll On Epic Fresh (1+1) Δώρο,54.9
2024-12-10,992311,ΠΑΠΑΔΟΠΟΥΛΟΥ Μπισκότα Γεμιστά Σοκολάτα,5.7
2024-12-10,721588,NOYNOY Φαρίν Λακτέ Με Μπισκότα,45.5
2024-12-10,771961,ΤΟ ΜΑΝΝΑ Ποντιακό με Ηλιόσπορο (-0-60Ε),26.8
2024-12-10,871006,ΓΙΩΤΗΣ Σοκολάτα,27.7
2024-12-10,531430,ΑΛΛΑΤΙΝΗ Γεμιστά Κακάο,12.4
2024-12-10,16330,ΧΡΥΣΑ ΑΥΓΑ Βιολογικά 6άδα,48.8
2024-12-10,749395,PELLITO LOV Banana-Choco.Almond Bites,16.9
2024-12-10,749396,PELLITO LOV Raspberry Almond,16.9
2024-12-10,39020,CAOTONIC Ρόφημα Κακάο,28.8
2024-12-10,967170,ΛΑΔΑΚΗΣ Medium 6άδα,14.9
2024-12-10,16520,MILLHOUSE Νιφάδες Βρώμης,14.6
2024-12-10,401974,GOURMET Gold Βοδινό Κοτόπουλο,5.5
2024-12-10,470584,ΝΟΥΝΟΥ Φαρίν Λακτέ,37.3
2024-12-10,470858,ΝΟΥΝΟΥ Μπισκοτόκρεμα,59.7
2024-12-10,59001,ΚΑΛΑΣ Αλάτι,18.3
2024-12-10,59164,ΗΡΑ Ριζάτο,23.6
2024-12-10,700714,ΥΦΑΝΤΗΣ Παριζάκι Βραστό,42.2
2024-12-10,705603,ΡΟΔΟΠΑΚΙ Κακάο,8.5
2024-12-10,707847,DIGESTIVE Μαύρη Σοκολάτα Χωρίς Ζάχαρη,32.8
2024-12-10,710514,FYTRO Ακατέργαστη,18.3
2024-12-10,717338,ΠΑΞΑΜΑΣ Κρίθινα,27.3
2024-12-10,717340,ΠΑΞΑΜΑΣ Κρίθινα Χωρίς Πρόσθετο Αλάτι,27.1
2024-12-10,729994,AROMATICS Musk,7.6
2024-12-10,729996,AROMATICS Lavender,7.6
2024-12-10,744792,ΠΑΞΑΜΑΣ Με Χαρούπι & Πετιμέζι,36.2
2024-12-10,748438,ΠΑΠΑΔΟΠΟΥΛΟΥ Σίκαλης Χωρίς Αλάτι,18.6
2024-12-10,763586,MIMIKOS Τραγανά Nuggets,59.8
2024-12-10,771335,ΕΠΙΛΟΓΗ ΜΟΥ Τόνος Τεμαχισμένος σε Ηλιέλαιο,35.9
2024-12-10,771336,ΕΠΙΛΟΓΗ ΜΟΥ ΤόνοςΤεμαχισμένος σε Ελαιόλαδο,19.9
2024-12-10,771713,ΥΦΑΝΤΗΣ Μπιφτέκι Κοτόπουλο,59.0
2024-12-10,772209,ΠΑΠΑΔΟΠΟΥΛΟΥ Γεύση 2 Ολικής Άλεσης-Σίκαλης,12.6
2024-12-10,79870,CRETA FARMS Εν Ελλάδι Γαλοπούλα Καπνιστή,39.9
2024-12-10,854195,ΠΑΠΑΔΟΠΟΥΛΟΥ Σίκαλης,20.7
2024-12-10,861664,DIGESTIVE Κόκκινα Φρούτα και Σοκολάτα,29.5
2024-12-10,861666,DIGESTIVE Με Κομμάτια Σοκολάτας,29.5
2024-12-10,863084,ΜΙΜΙΚΟΣ Μπούτια Ολόκληρα,65.0
2024-12-10,871023,SEPTONA Sensitive Normal,28.8
2024-12-10,872421,CAOTONIC Ρόφημα Κακάο Σακούλα,21.0
2024-12-10,630584,ΕΠΙΛΟΓΗ ΜΟΥ Θήκη Για Σακούλες Υγιεινής,18.5
2024-12-10,777826,JOHNSON^S Vita Rich Cocoa,29.7
2024-12-10,986594,JOHNSON^S Vita Rich Ρόδι,29.7
2024-12-10,986608,JOHNSON^S Vita Rich Yoghurt & Coconut,29.7
2024-12-10,68523,RITTER SPORT Alpine Milk,22.9
2024-12-10,68555,RITTER SPORT Marzipan,22.9
2024-12-10,700579,ΙΟΝ,13.0
2024-12-10,720790,ΤΕΞΑΣ Αμυγδαλόψυχα,44.9
2024-12-10,724711,YOGI Tea Ginger-Lemon Bio,39.5
2024-12-10,745367,CONDITO Για Pizza,18.3
2024-12-10,747631,OREO O^s,57.0
2024-12-10,748971,ΠΑΠΑΔΟΠΟΥΛΟΥ Γεμιστά με Σοκολάτα,19.2
2024-12-10,748976,ΟΙΚ-ΚΟΝΤΙΛΙΕΡΗ Panettone με Σταφίδες,62.9
2024-12-10,750845,MARS Σοκολατάκια Mini,38.2
2024-12-10,771114,ΚΟΛΙΟΝΑΣΙΟΣ Νηστήσιμο 16τεμ-,61.3
2024-12-10,771831,ΕΠΙΛΟΓΗ ΜΟΥ Καλαμάκια Σπαστά,17.5
2024-12-10,772821,RITTER SPORT Hazelnuts,22.9
2024-12-10,772834,LACTA Banoffee Flavor,18.5
2024-12-10,772835,ΠΑΥΛΙΔΗΣ Υγείας,32.0
2024-12-10,772910,MILLHOUSE Crunchy Oat Digestive Chocolat,30.1
2024-12-10,772911,ALFA Καλόζυμα Σίτου με Σουσάμι,13.7
2024-12-10,772912,ALFA Καλόζυμα Ολικής Πολύσπορα,13.7
2024-12-10,772924,GALAXY Μουστάρδα Απαλή,29.0
2024-12-10,774029,ΧΑΛΒΑΤΖΗΣ Βιολογικά Παντζάρια (+100γρ)Δ,21.9
2024-12-10,777834,PALMOLIVE Naturals Άγρια Ορχιδέα,30.8
2024-12-10,964251,AIRWICK Λεβάντα & Μέλι,47.2
2024-12-10,975288,ΒΙΟΛΑΝΤΑ Δημητριακά Βρώμης Χωρίς Ζάχαρη,36.8
2024-12-10,975290,ΒΙΟΛΑΝΤΑ Zero Κακάο & Μαύρη Σοκολάτα,31.8
2024-12-10,991017,JUMBO Κρουασάν  Πραλίνα Φουντουκιού,5.8
2024-12-10,219029,ΗΠΕΙΡΩΤΙΚΑ Αυγά Αχυρώνα 6άδα,25.4
2024-12-10,630490,THRACE 70x95,15.1
2024-12-10,630491,THRACE 52x75,11.1
2024-12-10,630492,THRACE 52x60,9.0
2024-12-10,630493,SWIFFER Ανταλλακτικά (16+8)ΔΩΡΟ,85.9
2024-12-10,745521,KNORR Καρμπονάρα XXL,16.9
2024-12-10,749453,LIPTON Αφέψημα Μάνγκο & Φραγκοστάφυλο,28.5
2024-12-10,749454,LIPTON Αφέψημα Σμέουρα & Μούρα,28.5
2024-12-10,752128,ΕΠΙΛΟΓΗ ΜΟΥ Μπουγατσάκια με Κρέμα,27.9
2024-12-10,752129,ΕΠΙΛΟΓΗ ΜΟΥ Κασεροπιτάκια,35.9
2024-12-10,771197,AIRWICK Spring Wildflowers,44.9
2024-12-10,852114,NATURE VALLEY Crunchy Dipped Milk Chocolate,26.6
2024-12-10,988546,ΔΕΡΜΙΣΗΣ Soft Brownies Καρότο,19.2
2024-12-10,990353,ΤΣΑΤΣΑΚΗΣ Ξακουστά Κριτσίνια Ηλιόσπορο,34.9
2024-12-10,990990,SANITAS Αλουμινόχαρτο 20m,33.6
2024-12-10,991962,ΔΕΡΜΙΣΗΣ Soft Brownies 0% Μαύρη Σοκολ-,13.9
2024-12-10,993278,SANITAS Αντικολλητικό Χαρτί 30 Φύλλα,26.7
2024-12-10,993304,ΕLITE Κριτσίνια με Ρίγανη & ΝΤομάτα,17.5
2024-12-10,993305,ELITE Christi Snack Μεσογειακά,17.5
2024-12-10,749483,ΟΛΑ ΒΙΟ Βιολογικά Φασόλια Μαυρομάτικα,37.4
2024-12-10,993384,KELLOGG΄S Special K,53.0
2024-12-10,630585,ΕΠΙΛΟΓΗ ΜΟΥ Premium Ψυχρό Φως Ε27 11W,29.9
2024-12-10,630586,ΕΠΙΛΟΓΗ ΜΟΥ Κεράκι Ψυχρό Φως Ε14 6W,24.9
2024-12-10,630587,ΕΠΙΛΟΓΗ ΜΟΥ Γλόμπος Θερμό Φως Ε27 11W,29.9
2024-12-10,752132,ΦΑΣΤ Μαργαρίνη Classic,10.6
2024-12-10,752133,ΦΑΣΤ Μαργαρίνη Soft,23.7
2024-12-10,752135,ΦΑΣΤ Μαργαρίνη Soft,43.6
2024-12-10,749512,FLOKOS Θράψαλο Ριγανάτο,27.6
2024-12-10,809077,FLOKOS Θράψαλο Πικάντικο,27.6
2024-12-10,30715,7DAYS Τσουρεκάκι,43.6
2024-12-10,219056,PESCANOVA Καλαμάρι Ινδίας Ολόκληρο,76.9
2024-12-10,219084,ΓΙΑΝΝΙΩΤΗ Πίτα 4 Τυριά,59.1
2024-12-10,219085,ΓΙΑΝΝΙΩΤΗ Πίτσα Σκεπαστή,74.8
2024-12-10,219087,PET & PET Υγρομάντηλα με Πούδρα,17.5
2024-12-10,219100,ΕΒΓΑ Στρατσιατέλλα,84.3
2024-12-10,219101,ΕΒΓΑ Μπράουνι,84.3
2024-12-10,219110,ΟΙΚΟΓΕΝΕΙΑ ΚΟΝΤΙΛΙΕΡΗ Κουλουράκια Πορτοκαλιού,29.9
2024-12-10,23102,SWEET SECRETS Μαλακό Κέικ Φράουλα & Βανίλια,14.4
2024-12-10,43616,ΖΑΝΑΕ Ντολμαδάκια Γιαλαντζί,30.6
2024-12-10,630462,ΕΠΙΛΟΓΗ ΜΟΥ Σούκο με διακόπτη 3*1-5cm,49.9
2024-12-10,630463,ΕΠΙΛΟΓΗ ΜΟΥ Σούκο 3x1-5cm,84.9
2024-12-10,630582,ΕΠΙΛΟΓΗ ΜΟΥ Λαμπάκι Νυκτός Βιδωτό E14 7W,14.9
2024-12-10,949063,CHIPICAO Κρουασάν Mini με Κρέμα Κακάο,6.7
2024-12-10,975430,ΔΑΣΚΑΛΑΚΗΣ Σουπιά Καθαρισμένη Ινδίας,89.5
2024-12-10,989570,MOLTO Κρουασάν με Κεράσι,8.9
2024-12-10,991643,ΤΟ ΜΑΝΝΑ Λαδοκούλουρο (0-60Ε),27.9
2024-12-10,749528,KELLOGG΄S Extra Choco & Nuts,37.0
2024-12-10,219219,ΙΟΝ Αμυγδάλου (-0-15)E,47.7
2024-12-10,752131,ΦΑΣΤ Μαργαρίνη Soft Light,12.5
2024-12-10,746058,ΜΟΥΤΕΒΕΛΗΣ Λουκάνικα Ριγανάτα,46.6
2024-12-10,771273,ΚΑΡΑΜΟΛΕΓΚΟΣ Αξιαγάπιτες Μεγάλες 6τεμ-,21.1
2024-12-10,772642,NISSIN Soba Noodles Cup,21.9
2024-12-10,772643,ΖΩΓΡΑΦΟΣ Γλυκαντικό Slim Line Zero,68.7
2024-12-10,772644,KELLOGG΄S Extra Barista Choco Mocca,37.0
2024-12-10,772654,JANNIS Παστέλι Μπάρα Σουσάμι,9.3
2024-12-10,992817,ΚΥΚΝΟΣ Μαγιονέζα Premium,36.2
2024-12-10,992818,ΚΥΚΝΟΣ Μαγιονέζα Light,43.1
2024-12-10,992821,ΚΥΚΝΟΣ Μουστάρδα Απάλη,39.9
2024-12-10,992823,ΚΥΚΝΟΣ Μουστάρδα Hot,39.9
2024-12-10,993960,ORIENTAL EXPRESS 3^ Μοσχαράκι,10.8
2024-12-10,219253,WHISKAS Surf & Turf Mix,25.1
2024-12-10,219254,PEDIGREE Rodeo Κοτόπουλο Μπέικον,29.9
2024-12-10,987622,TESSERA Καλαμάκια Χάρτινα,7.9
2024-12-10,993681,WHISKAS Σολομό σε Σάλτσα,7.9
2024-12-10,993682,WHISKAS Τόνο σε Ζελέ,7.9
2024-12-10,993683,WHISKAS Μοσχάρι σε Σάλτσα (Φακελάκι),7.9
2024-12-10,993901,WHISKAS Duo Πουλερικά σε Ζελέ,27.9
2024-12-10,993986,WHISKAS Duo Κρεάτων σε Ζελέ,25.1
2024-12-10,993987,WHISKAS Επιλεγμένο Κρέας σε Σάλτσα,24.9
2024-12-10,746102,PESCANOVA Μπακαλιάρος Pollock Φιλέτο,41.1
2024-12-10,749435,ΓΙΩΤΗΣ Ρόφημα Σοκολάτας (-0-30Ε),37.0
2024-12-10,772623,RANA Νιόκι Πατάτας,29.0
2024-12-10,752198,PESCANOVA Γλώσσα Λιμάντα Φιλέτο,67.1
2024-12-10,219262,KELLOGG΄S Extra Red Fruit,37.7
2024-12-10,219347,TOTTIS Κουκουρούκου JURASSIC WORLD,4.4
2024-12-10,219263,KELLOGG΄S Extra Original,37.0
2024-12-10,993815,ΕΛΜΑ Sticks Κουτί,17.5
2024-12-10,752050,NUII Mini Pecan & Cookies,86.9
2024-12-10,772529,ΠΑΠΑΔΟΠΟΥΛΟΥ Πτι Μπερ Ολικής (-0-40Ε),21.4
2024-12-10,772520,NUII Mini Salted Caramel & Berry,86.9
2024-12-10,772641,ΝΙΚΑΣ Παριζάκι (200γρ- Δώρο),46.0
2024-12-10,752134,ΦΑΣΤ Μαργαρίνη Soft Φυτικό,12.8
2024-12-10,219349,3ΑΛΦΑ Ρεβύθια Χονδρά,24.2
2024-12-10,219351,3ΑΛΦΑ Φακές Ψιλές,20.7
2024-12-10,219429,KELLOGG΄S Extra Milk Chocolate,37.0
2024-12-10,711012,XΩΡΙΟ Μαργαρίνη Soft Bio,27.9
2024-12-10,719631,KUCHEN Βάφλες,28.9
2024-12-10,748077,BDL Buddha Bowl Blye Bio,41.9
2024-12-10,748081,BDL Buddha Bowl Red Bio,41.9
2024-12-10,748084,BDL Αγάρ Αγάρ Σκόνη,31.4
2024-12-10,748085,BDL Αλάτι Χονδρό Ροζ Ιμαλαΐων,10.8
2024-12-10,748087,BDL Αλάτι Χονδρό Λευκό Μεσολογγίου,7.9
2024-12-10,748088,BDL Αλάτι Ψιλό Λευκό Μεσολογγίου,7.9
2024-12-10,748099,BDL Λιναρόσπορος Καφέ Σπασμένος,23.9
2024-12-10,748100,BDL Νιφάδες Βρώμης Ελληνικές,20.5
2024-12-10,748113,BDL Σελινάκι με Κατσικίσιο Γάλα,34.4
2024-12-10,748116,BDL Σπόροι Chia,37.8
2024-12-10,748120,BDL Τριβελάκι με Κατσικίσιο Γάλα,34.4
2024-12-10,748125,BDL Χυλοπιτάκι με Κατσικίσιο Γάλα,34.4
2024-12-10,748128,BDL Πίτουρο Βρώμης,21.4
2024-12-10,748129,BDL Λιναρόσπορος Χρυσός,16.6
2024-12-10,772539,QUAKER Μήλο- Καρύδια Πεκάν & Κανέλα,49.9
2024-12-10,772540,QUAKER Φράουλα & Ροδάκινο,49.9
2024-12-10,772545,STR8 Spray Game on,25.9
2024-12-10,774109,VITA GO Berry Doypack,3.5
2024-12-10,774110,VITA GO Multivitam Doypack,3.5
2024-12-10,774111,VITA GO Strawberry Doypack,3.5
2024-12-10,878170,ΒΙΟΫΓΕΙΑ Ολικής Άλεσης Bio,32.4
2024-12-10,965565,ΜΕΤΕΩΡΑ Φυσικός Χυμός Λεμονιού,7.2
2024-12-10,990264,BONDUELLE Καλαμπόκι Bio,31.2
2024-12-10,994063,ΥΦΑΝΤΗΣ Κεφτεδάκια Κοτόπουλου,58.2
2024-12-10,219222,DERBY Multipack (-0-12E),22.8
2024-12-10,771272,ΚΑΡΑΜΟΛΕΓΚΟΣ Αξιαγάπιτες Μεγάλες 6τεμ-,21.6
2024-12-10,772592,ΕΠΙΛΟΓΗ ΜΟΥ Ποτήρια Νερού 250ml,13.5
2024-12-10,772593,ΕΠΙΛΟΓΗ ΜΟΥ Ποτήρια Νερού 250ml,13.5
2024-12-10,772531,ΝΙΚΑΣ Fuego Μπριζόλα Καπνιστή,34.1
2024-12-10,729252,HEAD & SHOULDERS Citrus Fresh,64.7
2024-12-10,752130,ΣΑΒΟΙ Βούτυρο Τύπου Κερκύρας,38.8
2024-12-10,219372,TAI NEW Ταμπλέτες Vegan,12.3
2024-12-10,219449,ΒΟΣΙΝΑΚΗ Φουρνίσματα Σταρένιο,16.1
2024-12-10,974823,ΑΡΟΣΙΣ Βιολογικά Μέτρια Καστοριάς,44.2
2024-12-10,772496,ΝΙΚΑΣ Γαλοπούλα Καπνιστή Gouda Light,55.0
2024-12-10,772499,ΝΙΚΑΣ Γαλοπούλα Ψητή & Gouda,55.0
2024-12-10,219217,ΙΟΝ Σοκολάτα Γάλακτος (-0-30Ε),55.8
2024-12-10,219348,ΠΑΥΛΙΔΗΣ Υγείας (-0-10Ε),14.0
2024-12-10,772359,ΕΔΕΣΜΑ Πάριζα,39.6
2024-12-10,772360,ΕΔΕΣΜΑ Γαλοπούλα Καπνιστή,77.7
2024-12-10,772362,ΥΦΑΝΤΗΣ Γαλοπούλα Καπνιστή & Milner,43.9
2024-12-10,772364,ΥΦΑΝΤΗΣ Πάριζα & Nounou Γκούντα,34.7
2024-12-10,772365,ΥΦΑΝΤΗΣ Γαλοπούλα & NOYNOY light,43.9
2024-12-10,772366,ΥΦΑΝΤΗΣ Γαλοπούλα Καπνιστή & Gouda,43.9
2024-12-10,772897,ΕΠΙΛΟΓΗ ΜΟΥ Άρωμα Τροπικών Φρούτων,24.9
2024-12-10,772898,ΕΠΙΛΟΓΗ ΜΟΥ Άρωμα Εσπεριδοειδών,24.9
2024-12-10,219225,ΙΟΝ Mini Αμυγδάλου (-0-50)Ε,64.5
2024-12-10,995142,KELLOGG΄S Extra Fruit & Nut,37.7
2024-12-10,219736,DOVE Roll On Men Clean Comfort,27.9
2024-12-10,219332,ΕΠΙΛΟΓΗ ΜΟΥ Τσουρέκι Πραλίνα,29.9
2024-12-10,219485,DENTYNE Fire Κανέλα,29.9
2024-12-10,219613,HEINZ Μαγιονέζα με Κέτσαπ,32.1
2024-12-10,219617,BARILLA Pesto Basilico Pistacchio,36.8
2024-12-10,219619,ΕΠΙΛΟΓΗ ΜΟΥ Τορτίγιες Ολικής Άλεσης,15.9
2024-12-10,219620,ΕΠΙΛΟΓΗ ΜΟΥ Τορτίγιες Σίτου,14.9
2024-12-10,219634,ΠΑΠΑΔΟΠΟΥΛΟΥ Χωριάτικες με Χαρούπι,22.8
2024-12-10,219636,KIT KAT Cereal,29.9
2024-12-10,219637,TWIX Γέμιση Καραμέλας,36.8
2024-12-10,219642,ORBIT Refreshers Peppermint,29.9
2024-12-10,219675,ORBIT Refreshers Φράουλα & Λεμόνι,29.9
2024-12-10,219698,ΟΙΚΟΓΕΝΕΙΑ ΛΙΝΑΡΔΑΤΟΥ Μάντολες,20.6
2024-12-10,219700,Παραδοσιακό Γλύκισμα Ρόδου Μελεκούνι,9.9
2024-12-10,219701,ΚΑΤΣΕΛΗΣ Διπλοζυμωτό Σταρένιο,14.9
2024-12-10,219702,ΚΑΤΣΕΛΗΣ Διπλοζυμωτό Ολικής Άλεσης,15.4
2024-12-10,219703,ΚΑΡΑΜΟΛΕΓΚΟΣ Πρόζυμο Σαντορινιό σε Φέτες,18.0
2024-12-10,219704,ΚΑΡΑΜΟΛΕΓΚΟΣ Θεσσαλικό με Προζύμι,17.5
2024-12-10,219705,NUTRI VALLEY Granola 30% Λιγ-Ζάχαρη,34.6
2024-12-10,742854,QUAKER Γκρανόλα με Βρώμη,37.0
2024-12-10,745586,OSCAR Σταγόνες Κουβερτούρα,20.2
2024-12-10,749464,ΕΠΙΛΟΓΗ ΜΟΥ Χαμομήλι,5.9
2024-12-10,749466,ΕΠΙΛΟΓΗ ΜΟΥ Πράσινο Τσάι,6.9
2024-12-10,749467,ΕΠΙΛΟΓΗ ΜΟΥ Ζωμός Λαχανικών,9.9
2024-12-10,749468,ΕΠΙΛΟΓΗ ΜΟΥ Ζωμός Βοδινού,9.9
2024-12-10,749469,ΕΠΙΛΟΓΗ ΜΟΥ Ζωμός Κότας,9.9
2024-12-10,749563,ΕΠΙΛΟΓΗ ΜΟΥ Μαύρη Σοκολάτα,17.5
2024-12-10,749564,ΕΠΙΛΟΓΗ ΜΟΥ Σοκολάτα Γάλακτος,17.5
2024-12-10,749565,ΕΠΙΛΟΓΗ ΜΟΥ Digestive Σοκολάτα Γάλακτος,17.0
2024-12-10,772334,ALFA Μπουγάτσα Θεσσαλονίκης με Τυρί,21.3
2024-12-10,772457,TRIDENT Δυόσμος,29.9
2024-12-10,772458,DENTYNE ICE Δυόσμος,29.9
2024-12-10,903130,MAGGI Carbonara Pasta,16.6
2024-12-10,914272,MAGGI Napoli Pasta,16.6
2024-12-10,914313,ΚΡΙΣ ΚΡΙΣ Selection Ολικής Άλεσης,19.8
2024-12-10,976234,ΣΥΝΕΡΓΑΣΙΑ Κρήτης Γλυκό του Κουταλιού,70.1
2024-12-10,994891,ΙΟΝ Αμυγδάλου (-0-30Ε),69.8
2024-12-10,219712,PURINA Nuggets με Αγριόχοιρο,16.9
2024-12-10,219715,GOURMET Gols Βοδινό & Κοτόπουλο,24.4
2024-12-10,219716,GOURMET Gold Σολομός & Ψάρια Ωκεανού,24.4
2024-12-10,219722,ECO DIANA Πατέ με Βοδινό,6.7
2024-12-10,219723,ECO DIANA Πατέ με Κοτόπουλο,6.7
2024-12-10,219724,ECO OSCAR Σε Σάλτσα Κοτόπουλο,57.5
2024-12-10,219725,ECO OSCAR Πατέ Βοδινού,14.0
2024-12-10,630480,ΕΠΙΛΟΓΗ ΜΟΥ Πιάτα Ζαχαροκάλαμου,12.5
2024-12-10,772341,PALMOLIVE Aroma Delight,30.8
2024-12-10,772347,PALMOLIVE Spa Massage,30.8
2024-12-10,772348,PALMOLIVE Spa Butter,30.8
2024-12-10,772349,PALMOLIVE Aroma Relax,30.8
2024-12-10,772351,NOXZEMA Spray Mineral Dry Force,28.5
2024-12-10,890426,LE PETIT MARSEILLAIS  Tiare,16.0
2024-12-10,914187,PURINA Strips με Ελάφι,16.9
2024-12-10,940294,PALMOLIVE Kids με Αντλία,27.6
2024-12-10,991002,KLINEX Πατώματος με Λεμόνι,32.4
2024-12-10,772537,ΙΟΝ Αμυγδάλου (-0-15)E,22.5
2024-12-10,219751,DOVE Spray Talco,30.4
2024-12-10,219639,3ΒΙΤ (-0-10Ε),12.5
2024-12-10,219697,MAC MAGIC Μίγμα Προζυμιών και Μαγιάς,5.2
2024-12-10,219699,ΑΤΤΙΚΗ Πίττας με Άνθη-Ανθοφορίες,106.0
2024-12-10,772271,MY LIGHTING STORIES Υγρό Προσάναμμα,46.9
2024-12-10,771312,ΓΙΩΤΗΣ Ρόδι Χωρίς Ζάχαρη,13.9
2024-12-10,940778,ΓΙΩΤΗΣ Φράουλα,36.5
2024-12-10,219875,ΜΟΥΣΕΣ Μέλι Κλασσικό,68.8
2024-12-10,219752,DOVE Men Advanced Clean & Comfort,30.4
2024-12-10,219847,ΓΕΩΡΓΟΠΟΥΛΟΥ ΟΛΓΑ Μάνης,45.5
2024-12-10,219852,CHUPA CHUPS Χωρίς Ζάχαρη,24.9
2024-12-10,749595,ΤΟ ΜΑΝΝΑ Δαγκωτό με Ντομάτα & Πιπεριά,18.8
2024-12-10,749596,ΤΟ ΜΑΝΝΑ Δαγκωτό Ελιά & Λιαστή Ντομάτα,18.8
2024-12-10,749597,ΤΟ ΜΑΝΝΑ Δαγκωτό με Γραβιέρα & Πάπρικα,18.8
2024-12-10,749598,ΤΟ ΜΑΝΝΑ Δαγκωτό με Μαύρη Τρούφα,18.8
2024-12-10,772519,OREO Ball Top,91.3
2024-12-10,774291,NIKOLOPOULOU Mac & Cheese Sticks,37.3
2024-12-10,861905,ΑΓΓΕΛΙΚΑ Πίτσα Special,35.4
2024-12-10,979804,HARIBO Miami Fizz,13.2
2024-12-10,994050,CRETA FARMS Μπιφτέκια Κοτόπουλου,57.5
2024-12-10,994299,HARIBO Pico Balla,13.2
2024-12-10,618193,ΕΠΙΛΟΓΗ ΜΟΥ Κουβάς με Στίφτη 14lt,49.9
2024-12-10,774275,BECEL Μαργαρίνη ProΑctiv Gourmet,31.7
2024-12-10,975863,DUREX Play Feel,80.9
2024-12-10,975871,VEET Κρύο Ποδιών,80.9
2024-12-10,975872,VEET Κρύο Προσώπου,62.9
2024-12-10,219916,ΑΛΛΑΤΙΝΗ Soft Kings Choco,21.8
2024-12-10,219917,ΑΛΛΑΤΙΝΗ Soft Kings Dark Choco,21.8
2024-12-10,219920,ΑΛΛΑΤΙΝΗ SOFT KINGS Triple Choco,21.8
2024-12-10,774287,DUREX Classic,103.9
2024-12-10,774299,VEET Expert,80.9
2024-12-10,219738,DOVE Roll On Original,27.9
2024-12-10,219743,DOVE Spray Invisible,30.4
2024-12-10,219451,COROΛΑ Αραβοσιτέλαιο (-1-00Ε),35.9
2024-12-10,774265,FLORA Μαργαρίνη Soft,26.7
2024-12-10,219739,DOVE Advanced Talco,27.9
2024-12-10,219753,DOVE Spray Invisible Dry,30.4
2024-12-10,774317,ΑΛΦΑ Μπύρα Χωρίς Αλκοόλ (4+2)Δώρο,35.2
2024-12-10,219918,ΑΛΛΑΤΙΝΗ SOFT KINGS Zero 0% Ζάχαρη,23.5
2024-12-10,152314,ΖΩΓΡΑΦΟΣ Σιρόπι Αγαύης Bio,45.0
2024-12-10,219641,ΑΦΟΙ Ι. ΛΑΜΠΟΥ Μέλι και Φυστίκι Κελυφωτό,10.8
2024-12-10,219865,SWEET PLUS Happy Choice Wafer bar,6.6
2024-12-10,219866,SWEET PLUS Muesli,12.5
2024-12-10,219867,SWEET PLUS Varna Family Pack Wafers,19.5
2024-12-10,219870,ST-MICHEL Mini Madeleins,14.4
2024-12-10,219872,ST-MICHEL Ντόνατ με Επικάλυψη Σοκολάτας,26.9
2024-12-10,219958,ΠΑΠΑΔΟΠΟΥΛΟΥ Γεμιστά Σοκολάτα Φράουλα,23.6
2024-12-10,219960,MORFAT Choco,24.3
2024-12-10,219976,GO TAN Smokey Sriracha,35.9
2024-12-10,219977,GO TAN Sriracha Mayo,39.9
2024-12-10,219978,GO TAN Sriracha,35.9
2024-12-10,219992,NUTRI VALLEY Strawberry,12.5
2024-12-10,260303,NUTRI VALLEY Peppa Pig Honey Rings,24.5
2024-12-10,618113,ΕΠΙΛΟΓΗ ΜΟΥ Πιρουνάκια,14.0
2024-12-10,618114,ΕΠΙΛΟΓΗ ΜΟΥ Κουταλάκια,14.0
2024-12-10,618115,ΕΠΙΛΟΓΗ ΜΟΥ Φίλτρο Απορροφητήρα,24.9
2024-12-10,618116,ΕΠΙΛΟΓΗ ΜΟΥ Σιδερόπανο,43.9
2024-12-10,618117,ΕΠΙΛΟΓΗ ΜΟΥ Σπογγοπετσέτα Νο1,14.9
2024-12-10,618118,ΕΠΙΛΟΓΗ ΜΟΥ Πανάκια Μικροϊνών,35.9
2024-12-10,618127,DURACELL Simply AAA,38.7
2024-12-10,618128,DURACELL Simply AA,38.7
2024-12-10,746715,ΚΟΛΙΟΣ Cream Cheese,34.9
2024-12-10,747570,PANINI Cranberry,11.0
2024-12-10,748556,ΠΑΠΑΔΟΠΟΥΛΟΥ Granola Bars με Μέλι,29.8
2024-12-10,748576,PANINI Κρέμα Κακάο,11.0
2024-12-10,749601,ΠΑΠΑΔΟΠΟΥΛΟΥ Δίκοκκο Ολικής Άλεσης,19.9
2024-12-10,749618,GULLON Sugar Free Choco Chips,14.9
2024-12-10,749701,ΕΠΙΛΟΓΗ ΜΟΥ Τόνος Πικάντικος σε Ηλιέλαιο,18.5
2024-12-10,774231,SCHWEPPES Ginger Ale,47.2
2024-12-10,774266,BECEL Μαργαρίνη ProΑctiv Κλασικό,29.1
2024-12-10,774438,ΠΙΝΔΟΣ Κοτόπουλο Φιλετάκι Πανέ,89.5
2024-12-10,774439,ΠΙΝΔΟΣ Λουκάνικο Kοτόπουλου,46.0
2024-12-10,774440,ΠΙΝΔΟΣ Τηγανιά Κοτόπουλο,99.5
2024-12-10,774482,PEDIGREE Medium,29.9
2024-12-10,774553,ΜΠΑΡΜΠΑ ΣΤΑΘΗΣ Allegra,18.5
2024-12-10,774554,ΜΠΑΡΜΠΑ ΣΤΑΘΗΣ Δροσερή Οικογενειακή,28.3
2024-12-10,774555,ΜΠΑΡΜΠΑ ΣΤΑΘΗΣ Φριζάτη με Σως,24.6
2024-12-10,867399,GULLON Mega Duo Βανίλια,21.9
2024-12-10,867400,GULLON Mega Duo Σοκολάτα,21.9
2024-12-10,988215,ΟΛΥΜΠΟΣ Αμύγδαλα & Cranberries,9.8
2024-12-10,988217,ΟΛΥΜΠΟΣ Σοκολάτα & Θαλασσινό Αλάτι,9.8
2024-12-10,992312,ΠΑΠΑΔΟΠΟΥΛΟΥ Γεμιστά με Φράουλα,5.7
2024-12-10,993206,CRETA FARMS Λουκάνικα με Γραβιέρα,56.2
2024-12-10,2000,J & B Rare,200.5
2024-12-10,749743,SNACK BREAK Κάσιους Ψημένα Ανάλατα Ινδίων,16.5
2024-12-10,749744,SNACK BREAK Αμυγδαλόψιχα Ωμή Αμερικής,16.5
2024-12-10,772116,AGRIFARM Ρύζι Καρολίνα,23.2
2024-12-10,772118,AGRIFARM Φακες Ψιλές,26.6
2024-12-10,772120,AGRIFARM Φασόλια Μέτρια,32.5
2024-12-10,774264,FLORA Μαργαρίνη,26.3
2024-12-10,774566,ALPRO Βανίλια,34.6
2024-12-10,774574,ΦΑΙΔΩΝ Chia & Φαγόπυρο,29.9
2024-12-10,777868,ΦΑΙΔΩΝ Ηλιόσπορος & Κριθάρι,29.9
2024-12-10,777871,BEN΄S ORIGINAL Ρύζι Indian 2^,18.0
2024-12-10,777872,ΕΠΙΛΟΓΗ ΜΟΥ Με Σοκολάτα Υγείας,2.9
2024-12-10,977928,NUTRI VALLEY Σολομός,37.9
2024-12-10,218955,ΕΠΙΛΟΓΗ ΜΟΥ Σφουγγάρι Μπάνιου με Τούλι,12.9
2024-12-10,218956,ΕΠΙΛΟΓΗ ΜΟΥ Ξεσκονόπανο σε 4 Χρώματα,11.9
2024-12-10,218958,ΕΠΙΛΟΓΗ ΜΟΥ Σπογγοπετσέτα Νο2,9.9
2024-12-10,774652,ΧΑΛΒΑΤΖΗΣ Καλαμπόκι Ατμού (-1-00E),51.8
2024-12-10,988373,ΠΑΠΟΥΤΣΑΝΗΣ ΚΑΡΑΒΑΚΙ Μανταρίνι & Καλέντουλα Αντλία,26.1
2024-12-10,751862,ΜΕΒΓΑΛ Το Δικό Μας Οικογενειακό,29.4
2024-12-10,703739,HARIBO Mega Roulette,9.2
2024-12-10,713098,CHUPA CHUPS Crazy Dips Φράουλα,5.0
2024-12-10,993771,CHUPA CHUPS XXL Playlist 25τεμ.,6.0
2024-12-10,219991,NUTRI VALLEY Chocolate,12.5
2024-12-10,774622,ΕΠΙΛΟΓΗ ΜΟΥ Σαρδελάκι Πικάντικο,9.0
2024-12-10,219740,DOVE Advanced Soft Feel,30.4
2024-12-10,774650,ΜΠΑΡΜΠΑ ΣΤΑΘΗΣ Αρακάς,45.9
2024-12-10,218960,ΕΠΙΛΟΓΗ ΜΟΥ Σπογγοπετσέτα Νο1,19.9
2024-12-10,774621,ΕΠΙΛΟΓΗ ΜΟΥ Σαρδελάκι Λαδιού,9.0
2024-12-10,749745,TRIDENT Long Μέντα,11.0
2024-12-10,749756,ZERO Ευκάλυπτος Μαστίχα,11.6
2024-12-10,890081,MENTOS Vitamins Berry,34.9
2024-12-10,890082,MENTOS Fanta Πορτοκάλι,9.0
2024-12-10,992767,CHUPA CHUPS Big Babol Fruit Mix,10.0
2024-12-10,774417,ΧΡΥΣΗ ΖΥΜΗ Πίτσα Special,93.8
2024-12-10,218901,ΠΥΡΟΦΑΝΙ Μεξικάνα,21.0
2024-12-10,218903,HUNGRY NOT Με Σοκολάτα,26.1
2024-12-10,218905,ΕΠΙΛΟΓΗ ΜΟΥ Σφουγγάρι Massage,16.9
2024-12-10,218907,ΕΠΙΛΟΓΗ ΜΟΥ Spa Wellness,24.9
2024-12-10,218908,ΕΠΙΛΟΓΗ ΜΟΥ Revival,24.9
2024-12-10,218909,ΕΠΙΛΟΓΗ ΜΟΥ Cotton Care,24.9
2024-12-10,218918,LE PETIT MARSEILLAIS  Bio Jojoba,41.9
2024-12-10,444584,ΒΙΟΛΑΝΤΑ Πτι-Μπερ Γεμιστά,16.8
2024-12-10,444585,ΒΙΟΛΑΝΤΑ Πτι-Μπερ Μίνι,13.9
2024-12-10,444588,ΒΙΟΛΑΝΤΑ Proteino Μαύρη Σοκολάτα,36.7
2024-12-10,555630,MASTIQUA Λεμόνι (3+1)Δώρο,49.5
2024-12-10,627505,Μάσκα Προσώπου Υφασμάτινη 3 φύλλων,12.5
2024-12-10,627507,Μάσκα Προσώπου Υφασμάτινη 2 φύλλων,9.9
2024-12-10,749703,ΚΑΡΑΜΟΛΕΓΚΟΣ Πρόζυμο Ορεινό,17.5
2024-12-10,771659,NESTLE Fitness Chocolate Almond,38.9
2024-12-10,774662,ΕΠΙΛΟΓΗ ΜΟΥ Τόνος Καπνιστός σε Ηλιέλαιο,18.5
2024-12-10,774663,HEALTHY ALL DAYS Πατέ Κοτόπουλο,12.9
2024-12-10,774664,HEALTHY ALL DAYS Πατέ Κοτόπουλο,8.5
2024-12-10,774665,HEALTHY ALL DAYS Πατέ Τόνος,10.9
2024-12-10,774667,HEALTHY ALL DAYS Πατέ Γαλοπούλας,18.9
2024-12-10,774668,HEALTHY ALL DAYS Πατέ Κοτόπουλο,8.9
2024-12-10,774669,HEALTHY ALL DAYS Πατέ Βοδινό,18.9
2024-12-10,774670,HEALTHY ALL DAYS Πατέ Βοδινό,8.9
2024-12-10,774671,HEALTHY ALL DAYS Πατέ Βοδινό,12.9
2024-12-10,774672,RUPP GOODIES Sticks με Βοδινό,14.9
2024-12-10,774673,RUPP GOODIES Αρνί και Ρύζι,16.9
2024-12-10,774674,RUPP GOODIES Sticks με Μοσχάρι,11.9
2024-12-10,774675,ΦΥSIS SELECTION Energy Mix,19.8
2024-12-10,774676,ΦΥSIS SELECTION Αμύγδαλο Λευκό Ανάλατο,24.8
2024-12-10,774677,ΦΥSIS SELECTION Κάσιους Ψημένο Αλατισμένο,27.8
2024-12-10,774678,ΦΥSIS SELECTION Μακαντέμια Ψημένο Αλατισμένο,39.8
2024-12-10,774679,ΦΥSIS SELECTION Mix Καρπών Για Γιαούρτι,22.8
2024-12-10,774680,ΦΥSIS SELECTION Brazil Nuts,29.8
2024-12-10,774695,ΟΛΥΜΠΟΣ Κεφίρ Φράουλα,13.0
2024-12-10,774703,NESTLE Nesquik Crunchy Brownie,28.6
2024-12-10,774705,PEDIGREE Dentastix Fresh Medium,32.9
2024-12-10,774706,ΕΠΙΛΟΓΗ ΜΟΥ Πτι Μπερ,6.8
2024-12-10,774707,ΕΠΙΛΟΓΗ ΜΟΥ Μπισκοτάκια,8.9
2024-12-10,774709,ΟΛΥΜΠΟΣ Σοκολατούχο Γάλα Κακάο,8.7
2024-12-10,774734,ΧΡΥΣΑ ΑΥΓΑ 10άδα,29.0
2024-12-10,852266,ELITE Ολικής Άλεσης,8.9
2024-12-10,852267,ELITE Σταρένια,8.9
2024-12-10,890285,HELLMANN^S 1000 Island,26.9
2024-12-10,984797,OLMECA Silver 35%,237.5
2024-12-10,994290,ΠΥΡΟΦΑΝΙ Μεσογειακή,21.0
2024-12-10,774481,PEDIGREE Large,29.9
2024-12-10,774659,ΤΟ ΜΑΝΝΑ Λαδιού Τύπου Κυθήρων,35.0
2024-12-10,218864,ΚΑΤΣΕΛΗΣ Κλαμπ Σάντουιτς Σταρένιο,26.9
2024-12-10,218865,ΚΑΤΣΕΛΗΣ Ολικής ?Άλεσης Μεγάλες Φέτες,24.1
2024-12-10,219741,DOVE Advanced Original,30.4
2024-12-10,774416,ΧΡΥΣΗ ΖΥΜΗ Πίτσα Μαργαρίτα,79.1
2024-12-10,218785,KELLOGG^S Coco Pops Chocos,57.0
2024-12-10,219742,DOVE Advanced Coconut,30.4
2024-12-10,260199,HUNGRY NOT Ταχίνι (-0-50Ε),47.5
2024-12-10,260301,NUTRI VALLEY Peppa Pig Choco Balls,24.5
2024-12-10,218660,KITEKAT Κοτόπουλο σε Σάλτσα,6.2
2024-12-10,218661,KITEKAT Μοσχάρι σε Σάλτσα,6.2
2024-12-10,218662,KITEKAT Σολομός σε Σάλτσα,6.2
2024-12-10,218897,ΑΡΤΟΠΟΥΛΟΣ Με Αλεύρι Ολικής,18.3
2024-12-10,218753,NESTLE Fitness Chocolate,74.9
2024-12-10,751870,ΟΛΥΜΠΟΣ Βούτυρο Soft 80%,35.3
2024-12-10,94904,ΟΙΚΟΓΕΝΕΙΑ ΣΤΕΡΓΙΟΥ Τσουρέκι Παραδοσιακό,31.4
2024-12-10,774708,ΟΛΥΜΠΟΣ Γάλα με Κακάο,16.7
2024-12-10,618027,ΕΠΙΛΟΓΗ ΜΟΥ Σφουγγάρι Κουζίνας,11.9
2024-12-10,444752,KELLOGG΄S Coco Pops Choco,44.9
2024-12-10,618026,ΕΠΙΛΟΓΗ ΜΟΥ Σφουγγάρι Κουζίνας,9.9
2024-12-10,218647,NESTLE Dessert Χωρίς Γλουτένη,18.1
2024-12-10,218750,ΜΙΝΕΡΒΑ (-0-90Ε),31.1
2024-12-10,218867,NATURE VALLEY Μούσλι Cranberry,24.4
2024-12-10,218868,NATURE VALLEY Μούσλι & Μαύρη Σοκολάτα,24.4
2024-12-10,219218,ΙΟΝ Γάλακτος (-0-20Ε),49.0
2024-12-10,772109,ΓΙΩΤΗΣ Μήλο Αχλάδι (-0-30Ε),39.1
2024-12-10,105285,KOLESTON Kit 10/0 Πλατινένιο,54.0
2024-12-10,152366,FERRERO ROCHER Γάλακτος,28.0
2024-12-10,152367,FERRERO ROCHER Λευκή,28.0
2024-12-10,218398,BURIKOS Αποξηραμένα Σύκα Καλαμάτας,59.8
2024-12-10,218417,KNORR Μπρόκολο & Τυρί,13.2
2024-12-10,218419,SKITTLES Sours Candy,8.9
2024-12-10,218420,SKITTLES Fruit Candy,8.9
2024-12-10,218424,COOK AT HOME Κοτόπουλο Αλά Κρεμ,32.9
2024-12-10,218425,RIO MARE Insalatissime Sicily Edition,30.7
2024-12-10,218459,KITKAT Hazelnut,9.4
2024-12-10,218461,KITKAT Chunky Peanut Butter,8.9
2024-12-10,218462,DANVITA Crisp Bread Ντομάτα Βασιλικό,21.0
2024-12-10,218478,ΛΙΟΦΥΤΟ Κλασικό,229.0
2024-12-10,221668,GILLETTE Mach3,214.6
2024-12-10,221670,JOHNSON΄S BABY Aloe & Vitamin-Ε,19.8
2024-12-10,221675,ΑΡΩΜΑ ΜΕΛΙΣΣΑΣ Θυμάρι,84.8
2024-12-10,221676,LACTA Big Time,39.9
2024-12-10,221677,HALLS Citrus Mix,9.9
2024-12-10,271142,JANNIS Φράουλα&Ράσμπερι χωρίς Ζάχαρη,9.8
2024-12-10,271143,JANNIS Χωρίς Ζάχαρη,9.8
2024-12-10,42806,RIO MARE Insalatissime Κριθάρι Ντίνκελ,30.7
2024-12-10,444619,ΑΛΛΑΤΙΝΗ Goody Βανίλια,12.7
2024-12-10,444913,ΔΕΛΤΑ Milko Σοκολατούχο Γάλα Marvel,20.1
2024-12-10,444942,GILLETTE Fusion,263.4
2024-12-10,617858,ELITE Με κορδόνι (1+1)ΔΩΡΟ 10τεμ-,21.9
2024-12-10,746628,NESQUIK Γαλακτοφέτες με Κρέμα,7.1
2024-12-10,752648,7 ΘΑΛΑΣΣΕΣ Σολομός Φιλέτο,101.8
2024-12-10,771992,ΑΡΩΜΑ ΜΕΛΙΣΣΑΣ Πεύκο Βελανιδιά Άγρια Βότανα,80.8
2024-12-10,774398,AIM White Now Time Correct,28.1
2024-12-10,774686,PEPPA PIG Drink & Go,49.7
2024-12-10,774869,ΕΠΙΛΟΓΗ ΜΟΥ Αποχνουδωτικό Ρολό,18.5
2024-12-10,774870,ΕΠΙΛΟΓΗ ΜΟΥ Αποχνουδωτικό Ρολό Large,39.5
2024-12-10,774871,ΕΠΙΛΟΓΗ ΜΟΥ Αποχνουδωτικό Ρολό Large,16.5
2024-12-10,774883,ΕΠΙΛΟΓΗ ΜΟΥ Στεγνά Πανάκια,17.5
2024-12-10,774884,ΕΠΙΛΟΓΗ ΜΟΥ Αποχνουδωτικό Ρολό,16.5
2024-12-10,774886,ΕΠΙΛΟΓΗ ΜΟΥ Με Χερ/βή 54x60cm,13.0
2024-12-10,774894,PESCANOVA Φιλέτο Μπακαλιάρου,29.9
2024-12-10,774895,BECEL Μαργαρίνη Light,19.9
2024-12-10,774907,POP BAKERY Κρουασάν Σοκολάτας,43.7
2024-12-10,774908,POP BAKERY Κρουασάν,31.8
2024-12-10,774909,POP BAKERY Πίτσα,36.7
2024-12-10,774911,POP BAKERY Pancakes,44.7
2024-12-10,996058,NUTELLA Ferrero,9.0
2024-12-10,996059,FERRERO ROCHER Dark,28.0
2024-12-10,152415,ATLANTIC Αναπλήρωμα Χαβιαριού,39.0
2024-12-10,218407,ΕΠΙΛΟΓΗ ΜΟΥ Γατοτροφή Κοτόπουλο,4.5
2024-12-10,218408,ΕΠΙΛΟΓΗ ΜΟΥ Γατοτροφή Βοδινό,4.5
2024-12-10,218409,PROLIFE Σκυλοτροφή Premium,42.5
2024-12-10,218410,PROLIFE Γατοτροφή Premium,32.5
2024-12-10,555811,ΧΑΛΒΑΤΖΗΣ Ροδάκικο Κύβοι,20.9
2024-12-10,555812,ΧΑΛΒΑΤΖΗΣ Κοκτέιλ Φρούτων,20.9
2024-12-10,219919,ΑΛΛΑΤΙΝΗ Βρώμης Σοκολάτα-Πορτοκάλι,21.8
2024-12-10,218613,EL SABOR Wraps Happy Time 6τεμ-,17.1
2024-12-10,119024,BIC Megalighter,42.9
2024-12-10,444598,BIC EZ Reach,19.9
2024-12-10,485970,COMFORT Τζακιού,24.9
2024-12-10,603125,BIC Megalighter Relax (Flex),47.9
2024-12-10,639830,ΒΒQ Σπίρτα Ασφαλείας 10cm,16.6
2024-12-10,752121,KANAKI Ζύμη Κουρού με Μαγιά (-0-80Ε),43.4
2024-12-10,218751,ΜΙΝΕΡΒΑ (-1-60Ε),66.3
2024-12-10,751895,MINI BABYBEL Original Disney,25.5
2024-12-10,218705,COOK AT HOME Κοτόπουλο Λεμονάτο (-0.30Ε),32.0
2024-12-10,218869,NATURE VALLEY Βρώμης με Μέλι,24.4
2024-12-10,218352,ΤΟ ΜΕΤΟΧΙ  6 Βαθμοί,7.9
2024-12-10,221678,BDL Μαύρο Πιπέρι Κόκκοι,18.5
2024-12-10,221679,BDL Πράσινο Πιπέρι Κόκκοι,22.8
2024-12-10,221680,BDL Ολικής Άλεσης,22.8
2024-12-10,221681,BDL Καλαμποκιού,23.8
2024-12-10,221682,ΤΣΑΝΟΣ Ολικής Άλεσης,15.8
2024-12-10,221683,ΤΣΑΝΟΣ Οκτάσπορο,15.8
2024-12-10,221684,ΠΑΡΟΣ Πετιμέζι,42.0
2024-12-10,221686,NESTLE Fitness Fiber Honey,27.3
2024-12-10,221687,NESTLE Fitness Protein Cocoa,27.4
2024-12-10,221689,HEALTHY HABITS Φυστικοβούτυρο και Μαύρη Σοκολ,46.9
2024-12-10,221690,HEALTHY HABITS Φυστικοβούτυρο,42.9
2024-12-10,221693,ORBIT Φράουλα,8.0
2024-12-10,221695,ORBIT Bubblemint,8.0
2024-12-10,221696,FIT ZEN 38% Πρωτεΐνης-Σοκολάτα,24.0
2024-12-10,221697,FIT ZEN 38% Πρωτεΐνης-Βανίλια,24.0
2024-12-10,270577,GALAXY Απαλή,19.5
2024-12-10,271503,TIMOTEI Gold Χαμομήλι,44.3
2024-12-10,528486,JUMBO Κρέμα Κακάο,5.4
2024-12-10,529396,ΥΦΑΝΤΗΣ Τα Κτόπουλα της Μάρως,28.7
2024-12-10,529397,ΥΦΑΝΤΗΣ Τα Κτόπουλα της Μάρως,28.7
2024-12-10,529398,ΥΦΑΝΤΗΣ Τα Κτόπουλα της Μάρως,28.7
2024-12-10,617767,ΚΡΗΤΙΚΟΣ Πολλαπλών Χρήσεων 40*50cm,11.9
2024-12-10,774931,ALFA Mini Rollitos BBQ,38.4
2024-12-10,774932,ALFA Mini Rollitos Cheddar Bacon,38.4
2024-12-10,940782,SWEET & BALANCE Φράουλα,35.7
2024-12-10,981109,NESTLE Nan 1 Optipro,225.7
2024-12-10,989558,7DAYS Φράουλα,4.7
2024-12-10,989560,7DAYS Βανίλια,4.7
2024-12-10,989564,7DAYS Πραλίνα Φουντουκιού,12.0
2024-12-10,221694,ORBIT Χωρίς Ζάχαρη,9.0
2024-12-10,774951,IGLO Fish Sticks,43.2
2024-12-10,218879,MILKY POPS Καραμέλες Γάλακτος (+30%)ΔΩΡΟ,11.6
2024-12-10,218704,COOK AT HOME Μοσχάρι Κοκκινιστό (-0.30Ε),32.0
2024-12-10,218754,NESTLE Fitness Μαύρη Σοκολάτα,74.9
2024-12-10,555886,ΑΜΒΡΟΣΙΑΔΗ Τηγανιά Κοτόπουλου Πολίτικη,65.0
2024-12-10,555887,ΑΜΒΡΟΣΙΑΔΗ Strips Κοτόπουλου Προψημένα,39.5
2024-12-10,218315,LUX FARM Λευκή Κρυσταλλική,7.8
2024-12-10,218232,OSCAR Χριστ/τικο Ημερολόγιο Minions,28.0
2024-12-10,218233,ELITE Melba Toast Σταρένιες,20.9
2024-12-10,218243,ΟΙΚΟΓΕΝΕΙΑ ΚΟΝΤΙΛΙΕΡΗ Μελομακάρονα,15.9
2024-12-10,218253,ELITE Melba Toast Ολικής,20.9
2024-12-10,218254,ELITE Melba Toast Σταρένιες,19.9
2024-12-10,218255,BDL Νιφάδες Βρώμης,21.5
2024-12-10,218257,SPIN SPAN Κεράσι,39.8
2024-12-10,218258,ANNA FAGGIO Crunchy,49.8
2024-12-10,218260,ΙΟΝ Με Ολόκληρο Φουντούκι,17.1
2024-12-10,218261,DERBY Με Φουντούκι,6.0
2024-12-10,218262,ΓΙΩΤΗΣ Τιραμισού,17.7
2024-12-10,218263,LOYD Φρούτα του Δάσους,18.5
2024-12-10,218264,LOYD Μήλο Κανέλα,18.5
2024-12-10,218271,BARON Γάλακτος με Φουντούκια,15.9
2024-12-10,218272,VARNA Family Pack Milk Cream,19.5
2024-12-10,218274,BARON Γάλακτος με Αμύγδαλα,15.9
2024-12-10,218275,BARON DELICADOR Υγείας Almond &Nugat,17.9
2024-12-10,218278,BARON DELICADOR Υγείας πορτοκάλι,17.9
2024-12-10,221701,AXE Africa,37.7
2024-12-10,444550,ΑΛΛΑΤΙΝΗ Βανίλια με Κακάο,35.9
2024-12-10,445167,KINDER Ferrero Καρδιά Εκπληξη,27.8
2024-12-10,445169,KINDER Ferrero Bueno Eggs 8τεμ-,25.9
2024-12-10,529358,BONITO Μείγμα Αφυδατωμένων Λαχανικών,21.5
2024-12-10,529359,BONITO Κοτόσουπα με φιδέ,13.5
2024-12-10,529360,BONITO Σούπα Λαχανικών με Αστράκι,13.5
2024-12-10,529361,BONITO Μανιταρόσουπα Βελουτέ,19.9
2024-12-10,71283,ΜΠΑΡΜΠΑ ΣΤΑΘΗΣ,42.9
2024-12-10,719709,VIOFAST Νηστίσιμο,13.9
2024-12-10,719710,VIOFAST Νηστίσιμο Λευκό,19.1
2024-12-10,749757,SPIN SPAN Ροδάκινο,39.8
2024-12-10,774403,LE PETIT MARSEILLAIS  Αντιπιτυριδικό,28.8
2024-12-10,774984,ΔΕΛΤΑ Vitaline Πουτίγκα Καραμέλα,19.8
2024-12-10,774985,ΧΡΥΣΑ ΑΥΓΑ Je L^egg Γιαούρτι Φράουλα,22.8
2024-12-10,852401,ΧΡΥΣΗ ΖΥΜΗ Σουσαμίνια Κασέρι και Γραβιέρα,38.2
2024-12-10,861631,ΧΡΥΣΗ ΖΥΜΗ Μίνι Μακεδονίτικα Στριφτάρια,44.3
2024-12-10,946097,ASTIR Άγιος Βασίλης,46.5
2024-12-10,990326,FREEVIA Υγρό σε Sticks (40+10 Δώρο),32.0
2024-12-10,990327,FREEVIA Σκόνη σε Sticks (40+10 Δώρο),32.0
2024-12-10,993599,KIT KAT Σοκολάτα Γάλακτος Santa,16.8
2024-12-10,218276,CHOCO FUN Peanut & Caramel,29.9
2024-12-10,218277,CHOCO FUN Smooth & Caramel,29.9
2024-12-10,218333,ΕΠΙΛΟΓΗ ΜΟΥ Πάστα Ελιάς Καλαμών,16.9
2024-12-10,218337,ΕΠΙΛΟΓΗ ΜΟΥ Ελιές Καλαμών,20.9
2024-12-10,270299,ALTERRA Αρακάς,28.5
2024-12-10,748629,TOTTIS Triplo Γάλακτος,24.9
2024-12-10,992964,ALTERRA Φασολάκια Πλατιά,26.0
2024-12-10,218251,MAGGI Βοδινό,22.6
2024-12-10,221708,GLADE Warm Apple Pie,58.3
2024-12-10,221709,LE PETIT MARSEILLAIS  Intense Repair Jojoba,49.5
2024-12-10,221710,LE PETIT MARSEILLAIS  Intense Repair Jojoba,24.0
2024-12-10,218219,ΠΑΠΑΔΟΠΟΥΛΟΥ Πτι Μπερ Σοκολάτα (-1-00Ε),47.0
2024-12-10,218250,MAGGI Βοδινό Κλασικό,10.5
2024-12-10,218703,KELLOGG^S Coco Pops Jumbo,49.9
2024-12-10,218116,ROSHEN Φουντούκι,14.8
2024-12-10,218117,ROSHEN Milky Cream,9.2
2024-12-10,218118,ROSHEN Κακάο,14.8
2024-12-10,218119,ROSHEN Cocoa Cream,9.2
2024-12-10,218124,TWIX Multipack,25.9
2024-12-10,218132,OREO Με Λευκή Επικάλυψη,6.2
2024-12-10,218133,OREO Με Επικάλυψη Σοκολάτας,6.2
2024-12-10,218149,CONDITO 0% Ζάχαρη 65% Λιγ-Αλάτι,31.9
2024-12-10,218153,ΦYSIS Κάσιους Ψημένο Ανάλατο,18.5
2024-12-10,218154,ΦYSIS Mix Κράνμπερι & Σταφίδα,16.5
2024-12-10,218155,PELLITO Strawb- Alm. Choc. Oat bites,15.9
2024-12-10,218157,LOVITA Γεμιστά με Φράουλα,13.8
2024-12-10,219972,BARILLA Pesto Basilico Limone,36.8
2024-12-10,271392,CONDITO Pesto Genovese,29.5
2024-12-10,445361,SKITTLES Fruit Candy,19.9
2024-12-10,445362,SKITTLES Sours Candy,19.9
2024-12-10,529722,TOSTAKI Γαλοπούλα Βραστή,27.9
2024-12-10,555915,KIDS BOMB Πορτοκάλι,6.5
2024-12-10,555916,KIDS BOMB Φράουλα,6.5
2024-12-10,768683,TOSTAKI Γαλοπούλα Καπνιστή & Gouda,43.5
2024-12-10,768684,TOSTAKI Πάριζα & Gouda,39.6
2024-12-10,772621,CONDITO Burger Sauce,27.9
2024-12-10,774897,ΗΠΕΙΡΟΣ,87.6
2024-12-10,774994,ΟΙΚΟΓΕΝΕΙΑ ΚΟΝΤΙΛΙΕΡΗ Γεμιστά με Σοκολάτα,14.9
2024-12-10,774995,ΟΙΚΟΓΕΝΕΙΑ ΚΟΝΤΙΛΙΕΡΗ Κέικ Βανίλια Σοκολάτα,24.9
2024-12-10,774996,ΟΙΚΟΓΕΝΕΙΑ ΚΟΝΤΙΛΙΕΡΗ Κέικ Βανίλια,24.9
2024-12-10,988585,TOSTAKI Κοτόπουλο Ψητό,22.5
2024-12-10,218107,DERBY Mini,30.1
2024-12-10,218127,PERFECT FIT Steril Sensitive Mix,34.6
2024-12-10,774918,BENECOL Μαργαρίνη (-0-50Ε),28.8
2024-12-10,768700,BEVELINI Με Φυστικοβούτυρο,33.3
2024-12-10,960171,TILLI Ρεσώ,33.9
2024-12-10,774718,Χταπόδι Πλοκάμι Δισκάκι,99.9
2024-12-10,218122,MARS Multipack,25.9
2024-12-10,219448,ΒΟΣΙΝΑΚΗ Φουρνίσματα Ολικής,16.6
2024-12-10,774584,MAGIC Προσανάμματα,13.0
2024-12-10,218121,ΓΙΩΤΗΣ Τρούφα Σοκολάτα Γάλακτος,13.8
2024-12-10,218024,ROSHEN Konafetto Κρέμα Κακάο,11.8
2024-12-10,218063,MADEEASY Φάβα με Λεμόνι,21.9
2024-12-10,218064,MADEEASY Φάβα Φυσική,21.9
2024-12-10,218065,MADEEASY Φάβα με Ρίγανη,21.9
2024-12-10,218068,TERRA CRETA Εξαιρετικό Παρθένο,290.3
2024-12-10,218070,ΚΟΛΙΟΝΑΣΙΟΣ Καταΐφι & Ξηροί Καρποί,9.8
2024-12-10,218071,ΚΟΛΙΟΝΑΣΙΟΣ Καρύδι & Αμύγδαλο,10.7
2024-12-10,218072,ΚΟΛΙΟΝΑΣΙΟΣ Αμύγδαλο & Μέλι,9.8
2024-12-10,218073,KELLOGG΄S Extra Καραμελωμένα Φουντούκια,37.0
2024-12-10,445216,CHUPA CHUPS Shaked Φράουλα,9.0
2024-12-10,445217,CHUPA CHUPS Shaked Μπανάνα,9.0
2024-12-10,728480,GUM ON Καρπούζι,3.7
2024-12-10,768713,ΟΛΥΜΠΟΣ Καρπός Βρώμης & 3 Σπόροι,22.7
2024-12-10,768768,ΟΛΥΜΠΟΣ Καρπός Σόγια Βανίλια,23.6
2024-12-10,768769,ALFA Κασσιάτα Κολοκύθι Μυζήθρα,55.4
2024-12-10,768770,ALFA Κασσιάτα με Κιμά,59.9
2024-12-10,768773,PRESIDENT Cottage Cheese,22.5
2024-12-10,768776,ΟΛΥΜΠΟΥ Βαρελίσιο Τυρί,67.5
2024-12-10,984384,ΧΑΛΒΑΤΖΗΣ Παντζάρια Ατμού (+50%)ΔΩΡΟ,24.5
2024-12-10,445177,SEPTONA Για Κατοικίδια,15.2
2024-12-10,445179,SEPTONA 90*60 cm,52.4
2024-12-10,529457,NATURA  Σανδαλόξυλο & Gojiberry,32.9
2024-12-10,941975,PANTENE Aqua Light,37.6
2024-12-10,774890,ΜΙΡΑΝ Σουτζούκι Παραδοσιακό,98.5
2024-12-10,217863,ΜΕΛΙΣΣΩΝ ΓΗ Θυμαρίσιο Κρήτης,116.5
2024-12-10,445488,ΠΑΠΑΔΟΠΟΥΛΟΥ Χωρίς Προσθήκη Ζάχαρης,17.4
2024-12-10,774347,ATLANTIC Μπρικ Γερμανίας,145.8
2024-12-10,774999,McCAIN Airfryer Chips,34.5
2024-12-10,768797,ΕΠΙΛΟΓΗ ΜΟΥ Καλαμάρια Ολόκληρα 20/40,65.0
2024-12-10,768798,ΕΠΙΛΟΓΗ ΜΟΥ Κοκκινόψαρα Α/Κ,67.6
2024-12-10,555993,BALLANTINES Limited Edition 40%,179.5
2024-12-10,218309,DERBY Multipack (-0-12Ε),16.8
2024-12-10,751941,ΕΠΙΛΟΓΗ ΜΟΥ Μπακαλιάρος Pollock Φιλέτο,44.9
2024-12-10,768796,ΕΠΙΛΟΓΗ ΜΟΥ Γλώσσα Φιλέτο,74.5
2024-12-10,768799,ΕΠΙΛΟΓΗ ΜΟΥ Πέρκα Φιλέτο,122.5
2024-12-10,768822,ΕΠΙΛΟΓΗ ΜΟΥ Καλαμάρι Ινδίας κομμένο 6/10,63.0
2024-12-10,768828,ΕΠΙΛΟΓΗ ΜΟΥ Γάμπαρες Αργεντινής Νο3,79.9
2024-12-10,218091,NESTLE Dessert Κακάο,11.8
2024-12-10,217672,ΕΠΙΛΟΓΗ ΜΟΥ Κουλουράκια Κανέλας,22.9
2024-12-10,217600,GLISS Bond Building Repair 4in1,59.4
2024-12-10,218140,ΤΟ ΜΑΝΝΑ Χαρούπι από Πετρόμυλο,25.4
2024-12-10,217632,ΓΚΡΕΚΑ Τριμμένη Polpa,8.5
2024-12-10,555428,Μανιτάρια Ελληνικά Συσκ.,26.5
2024-12-10,617354,IZZY Φόρμες Σιλικόνης 2τεμ-,134.0
2024-12-10,217612,FITNESS Fitness Μέλι Χωρίς Ζάχαρη,49.8
2024-12-10,217613,NESTLE Fitness Κακάο,49.8
2024-12-10,217614,KITKAT Dark,9.4
2024-12-10,217615,Μέλι Θυμαρίσιο Χάλκης,59.5
2024-12-10,217616,Μέλι Θυμαρίσιο Αστυπάλαιας,59.5
2024-12-10,217619,PEDIGREE Junior Mini Πουλερικά,26.9
2024-12-10,217620,PEDIGREE Adult Πουλερικά & Λαχανικά,54.5
2024-12-10,217621,PEDIGREE Adult Mini Πουλερικά,26.9
2024-12-10,217622,ΜΥΛΟΙ ΑΓΙΟΥ ΓΕΩΡΓΙΟΥ Easy Bake,39.6
2024-12-10,217628,ΒΟΣΙΝΑΚΗ Φουρνίσματα Πολύσπορο,18.0
2024-12-10,217630,OSCAR Mini Αλατισμένη Καραμέλα,66.3
2024-12-10,217633,MY GREEK PICKLES Λαχανικά Γλυκόξινα,28.8
2024-12-10,217634,MY GREEK PICKLES Αγγουράκι Γλυκόξινο,31.6
2024-12-10,217635,BUONO Πάστα Ψητής Μελιτζάνας,21.9
2024-12-10,217636,BUONO Πάστα Κόκκ- Πιπεριάς με Φέτα,21.0
2024-12-10,217637,TRATA Καπνιστός (2+1)ΔΩΡΟ,59.9
2024-12-10,217638,TRATA Φασόλια & Σπανάκι,20.7
2024-12-10,217639,TRATA Φακές Belluga & Κολοκύθα,20.7
2024-12-10,445773,ΧΑΪΤΟΓΛΟΥ Φυστικοβούτυρο Μπανάνα,28.7
2024-12-10,527248,ΛΑΒΔΑΣ Zero Αλατισμένη Καραμέλα,11.6
2024-12-10,617400,CATSAN Για Γάτες,84.9
2024-12-10,729260,OLD SPICE Stick Captain,32.9
2024-12-10,756446,WELLAFLEX All Day Definition,43.2
2024-12-10,768854,ΜΟΥΤΕΒΕΛΗΣ Μπριζόλα Χοιρινή Καπνιστή,56.5
2024-12-10,768855,ΜΟΥΤΕΒΕΛΗΣ Λουκάνικα hot dog,33.9
2024-12-10,768856,ΜΟΥΤΕΒΕΛΗΣ Λουκάνικα  Black Angus,83.6
2024-12-10,768857,ΜΟΥΤΕΒΕΛΗΣ Λουκάνικα Μυκόνου Θρούμπι,37.0
2024-12-10,768858,ΜΟΥΤΕΒΕΛΗΣ Λουκάνικα Χωριατικα Καπνιστά,45.2
2024-12-10,768859,ΧΡΥΣΑ ΑΥΓΑ Ασπράδι,34.1
2024-12-10,768860,POP BAKERY Φρέσκια σάλτσα,14.7
2024-12-10,768862,ΗΠΕΙΡΟΣ Τυρί ελαφρύ,28.3
2024-12-10,768863,HIPRO Πουτίγκα Σοκολάτα,15.2
2024-12-10,768865,HIPRO Πουτίγκα Βανίλια,15.2
2024-12-10,768866,ALPRO Protein drink Coffee caramel,15.5
2024-12-10,768867,ALPRO Protein drink Choco,15.5
2024-12-10,909799,WELLAFLEX Power Definition,43.2
2024-12-10,964151,ΜΥΛΟΙ ΑΓΙΟΥ ΓΕΩΡΓΙΟΥ Easy Bake,18.3
2024-12-10,432778,ΕΠΙΛΟΓΗ ΜΟΥ Κουλουράκια Βανίλιας,22.9
2024-12-10,555394,ΦΡΕΣΚΟΥΛΗΣ Σαλάτα,38.9
2024-12-10,217516,ΟΛΥΜΠΟΣ Χαλβάς,134.9
2024-12-10,217517,ΟΛΥΜΠΟΣ Φυστίκι Σοκολάτα,44.9
2024-12-10,217518,ΜΑΚΕΔΟΝΙΚΟΣ Σοκολάτα Φουντούκια,50.5
2024-12-10,217519,ΜΑΚΕΔΟΝΙΚΟΣ Βανίλια,53.5
2024-12-10,217520,ΜΑΚΕΔΟΝΙΚΟΣ Κακάο,53.5
2024-12-10,217521,ΟΛΥΜΠΟΣ Κακάο,25.5
2024-12-10,217522,ΟΛΥΜΠΟΣ Βανίλια,25.5
2024-12-10,446024,ΜΑΚΕΔΟΝΙΚΟΣ Αλμυρή Καραμέλα,54.9
2024-12-10,446025,ΜΑΚΕΔΟΝΙΚΟΣ Φράουλα & Σοκολάτα,53.5
2024-12-10,446026,ΜΑΚΕΔΟΝΙΚΟΣ Σοκολάτα & Φουντούκια,53.5
2024-12-10,749886,ΜΑΚΕΔΟΝΙΚΟΣ Σοκολάτα & Φράουλα,167.5
2024-12-10,752052,ΜΑΚΕΔΟΝΙΚΟΣ Αλμυρή καραμέλα,167.5
2024-12-10,218357,ΕΠΙΛΟΓΗ ΜΟΥ Μους με Ψάρι,4.5
2024-12-10,217591,LOVITA Γεμιστά με Πορτοκάλι,13.8
2024-12-10,217502,MYGREEKPICLES Κουνουπίδι,27.3
2024-12-10,104004,ATRIX Κρέμα χεριών,41.8
2024-12-10,217534,ΤΟ ΜΑΝΝΑ Παξιμάδια λαδιού,33.3
2024-12-10,217541,SCHWARZKOPF Taft Power Cashmere HL5,43.5
2024-12-10,217542,SCHWARZKOPF Taft Curl HL3,43.5
2024-12-10,217543,SCHWARZKOPF Taft Power Cashmere HL5,43.5
2024-12-10,217544,SCHWARZKOPF Taft Volume HL4,43.5
2024-12-10,217545,SCHWARZKOPF Taft Power HL5,43.5
2024-12-10,217546,SCHWARZKOPF Taft Ultimate HL6,43.5
2024-12-10,217547,SCHWARZKOPF Taft V12,48.2
2024-12-10,217548,SCHWARZKOPF Taft Maxx Power,50.9
2024-12-10,217552,ΕΠΙΛΟΓΗ ΜΟΥ Ρόδι,12.0
2024-12-10,218572,NATURE VALLEY Πρωτεΐνη Choco Berries,34.9
2024-12-10,219706,NUTRI VALLEY Granola Μαύρη Σοκολάτα,34.6
2024-12-10,221780,FELIX Βοδινό & Κοτόπουλο σε Ζελέ,26.7
2024-12-10,221781,FELIX Ψάρι σε Ζελέ,26.7
2024-12-10,221782,PURINA One Mini Σολομός & Ρύζι,55.6
2024-12-10,221789,GALAXY Μουστάρδα,28.9
2024-12-10,221790,GALAXY Μουστάρδα,28.9
2024-12-10,221791,SANITAS Με μικροίνες,23.9
2024-12-10,221795,MARCHOC Κακάο (+20% Δωρεάν Προϊόν),19.9
2024-12-10,221796,ΚΡΗΤΩΝ ΑΡΤΟΣ Παξιμαδοκλέφτρα Λαδιού,29.5
2024-12-10,221797,ΚΡΗΤΩΝ ΑΡΤΟΣ Παξιμαδοκλέφτρα Καλαμποκιού,29.5
2024-12-10,27007,ΓΙΩΤΗΣ Διάφορες Γεύσεις,25.8
2024-12-10,273170,NUTRI VALLEY Scoobydoo Choco Flakes,24.5
2024-12-10,273238,ΙΟΝ Σοκοφρέτα,15.9
2024-12-10,273276,ΙΟΝ Σοκοφρέτα,15.9
2024-12-10,444683,REEVA Pasta carbonara,15.9
2024-12-10,47518,3ΑΛΦΑ Φασόλια,30.5
2024-12-10,526287,SCHWARZKOPF Taft Power,34.1
2024-12-10,555411,HAVANA Anejo Especial 37-5%,210.0
2024-12-10,742982,ΖΩΓΡΑΦΟΣ Slim Line,30.4
2024-12-10,747577,KELLOGG^S Miel Pops Loops,49.9
2024-12-10,768945,ALAMBRA Χαλούμι,28.0
2024-12-10,768946,PESCANOVA Καλαμάρι Κομμένο Καθαρισμένο,59.8
2024-12-10,768948,ΔΕΛΤΑ Vitaline Mousse Μαύρη Σοκολάτα,23.0
2024-12-10,768952,ΔΕΛΤΑ Γάλα του τόπου μας,31.6
2024-12-10,768955,LIFE Πορτοκάλι,13.3
2024-12-10,768956,LIFE Ginger,13.3
2024-12-10,768958,LIFE Μήλο Πορτοκάλι Καρότο,11.9
2024-12-10,768959,LIFE Πορτοκάλι Μήλο,38.2
2024-12-10,768960,LIFE Μήλο,29.9
2024-12-10,768965,ΔΕΛΤΑ Μήλο Κανέλα,33.2
2024-12-10,768966,ΔΕΛΤΑ Chocoberries,34.9
2024-12-10,768968,ΚΡΙ ΚΡΙ S-Spoon,14.2
2024-12-10,768969,ΚΡΙ ΚΡΙ S-Spoon,14.2
2024-12-10,768973,ADORO Creamy Τριγωνάκια,26.6
2024-12-10,772114,AGRIFARM Ρεβύθια Μικρά,23.3
2024-12-10,809543,NIVEA Κρέμα χεριών,24.1
2024-12-10,943668,NIVEA Body,89.5
2024-12-10,945229,ISOSTEVIA Σε Σκόνη Χωρίς Γλουτένη,53.4
2024-12-10,945232,ISOSTEVIA Υγρό Χωρίς Γλουτένη,31.6
2024-12-10,947579,ECHO Κρέμα χεριών ενυδατική,34.6
2024-12-10,976594,NIVEA Κρέμα χεριών,31.9
2024-12-10,989846,ΦΑΡΜΑ ΜΗΤΣΙΟΠΟΥΛΟΣ Γύρος Χοιρινός Προψημένος,62.9
2024-12-10,989847,ΦΑΡΜΑ ΜΗΤΣΙΟΠΟΥΛΟΣ Γύρος Κοτόπουλο Προψημένος,62.9
2024-12-10,221783,LIPTON Μαύρο Τσάι Τροπικά Φρούτα,32.2
2024-12-10,221784,LIPTON Μαύρο Τσάι Decaffeinated,28.9
2024-12-10,774511,ΣΠΙΤΙΚΕΣ ΕΠΙΛΟΓΕΣ Λαζάνια με Κιμά Κοτόπουλου,57.5
2024-12-10,768869,ΜΠΑΡΜΠΑ ΣΤΑΘΗΣ Φασολάκια Πλατιά,47.0
2024-12-10,768870,ΜΠΑΡΜΠΑ ΣΤΑΘΗΣ Φασολάκια Στρογγυλά,44.9
2024-12-10,769059,ΔΕΛΤΑ Advance Μπανάνα Μήλο,20.1
2024-12-10,769058,ΔΕΛΤΑ Advance Δημητριακά,20.1
2024-12-10,769061,ΔΕΛΤΑ Advance Βερικόκο Αχλάδι,20.1
2024-12-10,217432,SYOSS Repair,23.1
2024-12-10,217433,SYOSS Keratin,23.1
2024-12-10,217437,SYOSS Intense Plex,23.1
2024-12-10,217525,ΠΑΠΑΔΟΠΟΥΛΟΥ Πολυδημητριακά με Πρωτεϊνη,19.1
2024-12-10,221803,ORBIT White Fruit,8.0
2024-12-10,221804,SHEBA Δισκάκι Κοτόπουλο σε Σάλτσα,8.9
2024-12-10,221810,TERRA CRETA Εξαιρετικό Παρθένο ΠΓΕ Χανίων,281.7
2024-12-10,221811,ΕΠΙΛΟΓΗ ΜΟΥ Grazer Βουτύρου,34.9
2024-12-10,221812,ΕΠΙΛΟΓΗ ΜΟΥ Ομπρελίνο με Πραλίνα,9.9
2024-12-10,221813,ΕΠΙΛΟΓΗ ΜΟΥ Μαρμελάδα Βερίκοκο,29.9
2024-12-10,221815,MCVITIES Tartlets Λεμόνι,11.4
2024-12-10,260511,LOYD Λεμόνι Μέλι Ginger,18.5
2024-12-10,273304,ZERO Κανέλα Βανίλια,11.6
2024-12-10,446121,ΥΦΑΝΤΗΣ Κοτόπουλου με Γραβιέρα Νάξου,64.4
2024-12-10,768915,ΕΒΓΑ Scandal Παρφέ Βανίλια,119.0
2024-12-10,769101,ΔΩΔΩΝΗ Plantd Φυτικό Λευκό Άλμης,25.2
2024-12-10,769102,ΔΩΔΩΝΗ Plantd Κίτρινο,20.7
2024-12-10,769104,ΥΦΑΝΤΗΣ Κοτομπουκιές BBQ,64.4
2024-12-10,769110,Βαρελίσιο Τυρί Καρύταινας,116.5
2024-12-10,769169,ΚΡΙ ΚΡΙ Frozen Yogurt Αγριοκέρασο,65.8
2024-12-10,774697,ΟΛΥΜΠΟΣ Φρούτα του Δάσους,13.0
2024-12-10,217565,ΑΓΡΟΤΟΠΟΣ Φασόλια Μέτρια,11.9
2024-12-10,217598,HEAD & SHOULDERS Ενυδάτωση,34.7
2024-12-10,221801,CESAR Βοδινό & Καρότα,29.9
2024-12-10,221817,SO SNACKY Brioche Κρέμα Bueno,13.9
2024-12-10,221818,SO SNACKY Brioche Σοκολάτα Gianduja,13.9
2024-12-10,217401,ΚΡΙΣ ΚΡΙΣ Selection Sando,22.8
2024-12-10,221802,ORBIT Sweet Mint,8.0
2024-12-10,217416,ΑΛΛΑΤΙΝΗ SOFT KINGS Αλατισμένη Καραμέλα,21.8
2024-12-10,221800,CATISFACTIONS Με γέυση Φυτού Catnip,20.0
2024-12-10,221826,ΠΑΠΑΔΟΠΟΥΛΟΥ Πτι Μπερ Σοκολάτα,21.5
2024-12-10,221828,ΠΑΠΑΔΟΠΟΥΛΟΥ Μιράντα Σοκολάτα,22.7
2024-12-10,444625,ORAL-B Cross Action Black Edition,179.9
2024-12-10,67130,ΝΟΥΝΟΥ Choq,10.5
2024-12-10,81000504,ORAL-B Magnetic Black iO3,595.0
2024-12-10,81000516,ORAL-B Ultimate Cleaning Black iO,159.9
2024-12-10,36000,LORENZ CHIPSLETTEN Αλάτι,27.5
2024-12-10,526283,ΧΡΥΣΕΛΙΑ Εξτρα Παρθένο,427.4
2024-12-10,717906,ΥΦΑΝΤΗΣ Πάριζα,20.7
2024-12-10,724159,ΥΦΑΝΤΗΣ Γαλοπούλα Καπνιστή,25.8
2024-12-10,730665,ΥΦΑΝΤΗΣ Μορταδέλα,21.7
2024-12-10,752217,McCAIN Chef Gourmet,37.4
2024-12-10,768853,McCAIN Pickers Onion Rings,27.7
2024-12-10,768941,McCAIN Pickers Nacho Triangle,38.4
2024-12-10,774201,MIX Mojito,25.7
2024-12-10,81000102,PRESIDENT Βούτυρο 60%,24.9
2024-12-10,81000109,HUNGRY NOT Σοκολάτα Γάλακτος Με Καραμέλα,31.6
2024-12-10,81000144,CANDEREL Σε Ταμπλέτες Blue,42.5
2024-12-10,81000145,CANDEREL Σε Σκόνη Sugarly,70.5
2024-12-10,81000147,CANDEREL Σε Σκόνη Erithritol,55.0
2024-12-10,81000175,ΑΡΧΟΝΤΙΚΟΝ ΠΕΤΡΑΣ Τυρί σε Άλμη,48.0
2024-12-10,81000179,35N Syrah 38%,165.2
2024-12-10,81000184,MIX Pornstar Martini,25.7
2024-12-10,81000185,MIX Vodka & Pink Grapefruit,25.7
2024-12-10,81000197,DOVE Silk,40.2
2024-12-10,81000198,DOVE Endurance,29.3
2024-12-10,81000199,DOVE Centle Pamper,38.9
2024-12-10,81000202,DOVE Hydrate,29.5
2024-12-10,81000204,DOVE Hydrate,38.9
2024-12-10,81000222,ΤΡΙΚΑΛΩΝ Λευκό Τυρί,29.4
2024-12-10,81000229,NOXZEMA Talc,20.0
2024-12-10,81000235,NOXZEMA Memories Bonus Pack,21.6
2024-12-10,81000237,NOXZEMA Talc Bonus Pack,21.6
2024-12-10,81000238,NOXZEMA Με Γάλα Ρυζιού & Λιναρόσπορο,20.0
2024-12-10,81000255,DOVE Silky Velvet,38.9
2024-12-10,81000272,DOVE Nour Care,40.2
2024-12-10,81000273,DOVE Antistress,33.9
2024-12-10,81000274,DOVE Antistress,40.2
2024-12-10,81000277,DOVE Deep Nour,40.2
2024-12-10,81000281,DOVE Nour Care,33.9
2024-12-10,81000283,DOVE Silk,33.9
2024-12-10,81000365,ΕΠΙΛΟΓΗ ΜΟΥ Γλόμπος E27 6W 3000K,32.5
2024-12-10,81000366,ΕΠΙΛΟΓΗ ΜΟΥ Γλόμπος E27 6W 3000K,36.5
2024-12-10,81000816,ΠΑΣΣΙΑΣ Πάριζα,19.9
2024-12-10,81000907,ΠΑΣΣΙΑΣ Λουκάνικα Φρανκφούρτης,14.9
2024-12-10,81000914,ΠΑΣΣΙΑΣ Γαλοπούλα Καπνιστή,24.0
2024-12-10,752001,ΦΑΡΜΑ ΚΟΥΚΑΚΗ Πλήρες,27.7
2024-12-10,752002,ΦΑΡΜΑ ΚΟΥΚΑΚΗ Ελαφρύ,27.7
2024-12-10,81000276,DOVE Ντους,33.9
2024-12-10,81001002,AROXOL Pure & Strong,49.5
2024-12-10,769017,ΝΟΥΝΟΥ Powerbowl Φράουλα 1.7%,24.8
2024-12-10,81001508,GOURMET DELIGHTS Κοτόπουλο Korma,53.5
2024-12-10,81001511,GOURMET DELIGHTS Stir Fry Με Τρίχρωμες Πιπεριές,49.5
2024-12-10,81001513,GOURMET DELIGHTS Κοτόπουλο Με Γλυκόξινη Σάλτσα,53.5
2024-12-10,81001514,GOURMET DELIGHTS Κοτόπουλο Green Curry,53.5
2024-12-10,769004,NIRVANA Pralines & Cream,123.6
2024-12-10,769018,ΝΟΥΝΟΥ Powerbowl Μπισκότο Chia 2%,24.8
2024-12-10,769019,ΝΟΥΝΟΥ Powerbowl Ροδάκινο Βρώμη 1.5%,24.8
2024-12-10,218967,TENA Pants Plus Medium Economy,136.2
2024-12-10,218968,TENA Pants Plus Large Economy,153.7
2024-12-10,740872,HARIBO Happy Cola,23.7
2024-12-10,81001360,REVUELE Αφρόλουτρο Σώματος,59.9
2024-12-10,81001361,REVUELE Σπρέι Σώματος,89.9
2024-12-10,81001367,ΠΑΠΑΔΟΠΟΥΛΟΥ Πτι Μπερ,18.8
2024-12-10,81001378,MISSION Ολικής 6τεμ.,19.1
2024-12-10,81001381,MISSION Σίτου 6τεμ.,17.9
2024-12-10,81001442,HARIBO Fizzy Cola,39.0
2024-12-10,868913,HARIBO Erdbeeren Φράουλα,13.2
2024-12-10,742755,GELATOMANIA Χωνάκια Παγωτού,26.5
2024-12-10,745307,TWISTER Χωνάκια Παγωτού,34.5
2024-12-10,81001974,ECOCLEAN Καρύδα Ανταλλακτικό,9.5
2024-12-10,2501,TULLAMORE DEW 40%,215.0
2024-12-10,2607,FINSBURY,146.2
2024-12-10,3627,HABANA CLUB 7 Ετών,279.1
2024-12-10,769020,ΝΟΥΝΟΥ Powerbowl Μπανάνα Βρώμη 2%,24.8
2024-12-10,81002112,FIXODENT Complete Original +50% Προϊόν,56.2
2024-12-10,81002546,ΜΕΑΤΚΑ Κεφτεδάκι Βόειο,59.5
2024-12-10,81002547,ΜΕΑΤΚΑ Μπιφτέκι Γαλοπούλας,79.5
2024-12-10,81001315,ΕΠΙΛΟΓΗ ΜΟΥ Λευκό τυρί,19.8
2024-12-10,81002586,ΡΟΔΟΠΗ Βιολογικό Κατσικίσιο 4.6%,17.5
2024-12-10,743700,DISARONNO Velvet,169.0
2024-12-10,81002585,ΡΟΔΟΠΗ Βιολογικό Πρόβειο 6.6%,17.5
2024-12-10,81002882,LUX FARM Καστανή,15.2
2024-12-10,81002266,HEINZ Μαγιονέζα Με Μουστάρδα,33.2
2024-12-10,81002276,TASTY COOK Ζυμαρικά με Σάλτσα Καρμπονάρας,9.9
2024-12-10,81002279,TASTY COOK Ζυμαρικά με Σάλτσα Μπολονέζ,9.9
2024-12-10,81002280,TASTY COOK Πουρές Πατάτας με Μπέικον,9.9
2024-12-10,81002294,ΙΟΝ Nucrema με Κακάο,41.8
2024-12-10,81002303,SMART BARS Γιαούρτι με Φράουλα,37.9
2024-12-10,81002304,SMART BARS Ταχίνι με Σοκολάτα,33.9
2024-12-10,81002354,SEPTONA Junior No5 11-16Kg,89.7
2024-12-10,81002355,SEPTONA Maxi No4 8-13Kg,58.8
2024-12-10,81002357,SEPTONA Maxi No4 8-13Kg,96.0
2024-12-10,81002362,SEPTONA Midi No3 4-9Kg,98.8
2024-12-10,81002363,SEPTONA Pants No4 7-13Kg,110.0
2024-12-10,81002366,SEPTONA Pants No5 10-16Kg,107.9
2024-12-10,81002367,SEPTONA XLarge No6 14-20Kg,104.0
2024-12-10,81002966,ΔΕΛΤΑ Smart Μπισκότο (-0.60Ε),25.9
2024-12-10,81002968,ΔΕΛΤΑ Smart Φράουλα (-0.60Ε),25.9
2024-12-10,81002983,ΔΕΛΤΑ Smart Μπανάνα (-0.60Ε),25.9
2024-12-10,81003221,COLGATE Triple Action (-0-30Ε),14.3
2024-12-10,81003429,ΣΠΙΤΙΚΕΣ ΕΠΙΛΟΓΕΣ Κριθαρότο Γαρίδας,74.0
2024-12-10,81003433,ΣΠΙΤΙΚΕΣ ΕΠΙΛΟΓΕΣ Κεφτεδάκια Κοκκινιστά με Πουρέ,52.5
2024-12-10,12041,ΑΛΦΑ Retro Φιάλη,12.5
2024-12-10,81003580,ΚΡΗΤΙΚΟΣ Τσάντα Πολλαπλών Χρήσεων,26.9
2024-12-10,724582,ΟΛΑ ΒΙΟ Χωρίς Ζάχαρη,22.9
2024-12-10,81003229,FRISKIES Adult Ζελέ Βοδ-Κοτοπ-&Αρνί,29.5
2024-12-10,81003904,ΔΟΥΜΠΙΑ Ανθρακούχο Περγαμόντο,10.2
2024-12-10,81003989,ΕΠΙΛΟΓΗ ΜΟΥ με Aloe Vera,8.9
2024-12-10,154528,MR. BROWNIE Κέικ με Κομμάτια Σοκολάτας,26.4
2024-12-10,154529,MR. BROWNIE Λευκά με Κομμάτια Σοκολάτας,26.4
2024-12-10,23252,7DAYS Κακάο,22.9
2024-12-10,444541,CRETA FARMS Εν Ελλάδι Γαλοπούλα Καπνιστή,35.8
2024-12-10,723510,ST.MICHEL Mini Madeleines Σοκολάτα,11.9
2024-12-10,723511,ST.MICHEL Mini Madeleines Σοκολάτα,11.9
2024-12-10,729051,BOTANIC THERAPY Avocado Oil & Shea Butter,23.3
2024-12-10,752368,CRETA FARMS Εν Ελλάδι Πάριζα,19.9
2024-12-10,774700,ΠΑΠΑΔΟΠΟΥΛΟΥ Χωριανό Ολικής με Dinkel,19.9
2024-12-10,774701,ΠΑΠΑΔΟΠΟΥΛΟΥ Ολικής Άλεσης,24.4
2024-12-10,81003566,AQUA CARPATICA Peach & Mango,9.0
2024-12-10,81003567,AQUA CARPATICA Can,7.5
2024-12-10,81003568,AQUA CARPATICA Lime & Mint,9.0
2024-12-10,81003665,ORAL-B Vitality Pro Kids,219.9
2024-12-10,81003727,ΑΡΚΑΔΙ Baby Εκχύλισμα Ελιάς,49.7
2024-12-10,81003850,PET BOOST Ενηλίκων Σκύλων,69.5
2024-12-10,81003865,HOME CAKE Moccacino Cream,7.8
2024-12-10,81003867,HOME CAKE Raspberry & Chocolate Cream,7.8
2024-12-10,81004154,TOSTAKI,24.9
2024-12-10,867637,GARNIER COLOR SENSATION Ν-10.1 Κατάξανθο Σαντρέ,39.2
2024-12-10,870063,KIKKOMAN Latex-  Extra Large,46.0
2024-12-10,985852,FRUCTIS Vitamin Strength,28.4
2024-12-10,445805,BABYLINO Unisex Economy No8 20+Kg,99.8
2024-12-10,81003212,SEPTONA XLarge No6 13-20Kg,92.0
2024-12-10,260318,McCAIN Kid Smile,38.8
2024-12-10,72006,ΜΠΑΡΜΠΑ ΣΤΑΘΗΣ Σαλάτα Εποχής,38.1
2024-12-10,72010,ΜΠΑΡΜΠΑ ΣΤΑΘΗΣ Σαλάτα Καλαμποκιού,35.8
2024-12-10,741462,ΜΠΑΡΜΠΑ ΣΤΑΘΗΣ,28.6
2024-12-10,749202,ΠΙΝΔΟΣ Nuggets (-20%),49.0
2024-12-10,749204,ΠΙΝΔΟΣ Σνίτσελ (-20%),42.0
2024-12-10,81004071,ΠΑΠΑΔΟΠΟΥΛΟΥ Cookies Διπλή Σοκολάτα(-0-40)E,24.3
2024-12-10,81004279,ΑΛΛΑΤΙΝΗ Γεμιστά Κακάο Βανίλια (-0-50Ε),23.4
2024-12-10,743466,ΙΟΛΗ Φυσικό Μεταλλικό (5+1)Δώρο,11.3
2024-12-10,81003060,LIFE JOY Πορτοκάλι,20.9
2024-12-10,81003062,LIFE JOY Μήλο-Πορτοκάλι-Βερίκοκο,12.5
2024-12-10,81003067,LIFE JOY 9 Φρούτα,22.9
2024-12-10,81003916,ΕΠΙΛΟΓΗ ΜΟΥ Επικάλυψη Σοκολάτα Γάλακτος,29.9
2024-12-10,81003943,ΕΠΙΛΟΓΗ ΜΟΥ Επικάλυψη Σοκολάτα Υγείας,29.9
2024-12-10,81004439,DESINO White Almond,29.9
2024-12-10,81004300,ΚΡΗΤΙΚΟΣ Μπλε 40*50cm,11.9
2024-12-10,81004590,DESINO Βανίλια Κακάο Φράουλα,39.5
2024-12-10,81004301,ΚΡΗΤΙΚΟΣ Μπλε Υφασμάτινη 38*40cm,8.9
2024-12-10,81004369,ΧΡΥΣΑ ΑΥΓΑ Je L΄egg  Φράουλα (1+1)Δ,22.8
2024-12-10,81004395,ΧΡΥΣΑ ΑΥΓΑ Je L΄egg Κεράσι (1+1)Δ,22.8
2024-12-10,81004396,ΧΡΥΣΑ ΑΥΓΑ Je L΄egg Πορτοκάλι (1+1)Δ,22.8
2024-12-10,81003944,ΕΠΙΛΟΓΗ ΜΟΥ Σοκολάτα Brownies,39.9
2024-12-10,81003953,ΕΠΙΛΟΓΗ ΜΟΥ Cookies & Cream,39.9
2024-12-10,81003955,ΕΠΙΛΟΓΗ ΜΟΥ Βανίλια Καραμέλα Πεκάν,39.9
2024-12-10,81003956,ΕΠΙΛΟΓΗ ΜΟΥ Στρατσιατέλα,37.9
2024-12-10,81005343,ΓΑΙΑ Φασόλια Μαυρομάτικα,13.5
2024-12-10,260513,LOYD Sense,17.7
2024-12-10,445841,LOYD Sense,15.5
2024-12-10,446156,ΣΟΥΡΩΤΗ Pink Grapefruit,49.7
2024-12-10,716179,TESORI Do Aromatic White Musk,109.5
2024-12-10,81004988,AMITA Σταφύλι Ρόδι Πατζάρι Cranberry,10.5
2024-12-10,81004989,AMITA Ανανά Πορτοκάλι Passion Ginger,10.5
2024-12-10,81005206,ΑΜΙΤΑ Σταφύλι Ρόδι Πατζάρι Cranberry,21.1
2024-12-10,81005208,AMITA Ανανά Πορτοκάλι Passion Ginger,21.1
2024-12-10,81005210,AMITA Free Πορτοκάλι Καρότο Λεμόνι,10.5
2024-12-10,81005310,ΑΥΓΟΥΛΑΚΙΑ Νέλη 6άδα,26.3
2024-12-10,81005316,ΑΥΓΟΥΛΑΚΙΑ Μάχη 6άδα,27.7
2024-12-10,81005318,ΑΥΓΟΥΛΑΚΙΑ Μάχη 6άδα,23.9
2024-12-10,81005447,TUVUNU Κουτί,14.2
2024-12-10,81005482,SALT BLISS Αλάτι Ροζ Ιμαλαΐων,6.9
2024-12-10,81005542,ΚΛΕΠΚΟΣ Χειροποίητο Τσαντίλας,68.5
2024-12-10,882295,CROCO Ανάμικτα,13.5
2024-12-10,890084,NUTRI VALLEY Banana,12.5
2024-12-10,960036,MAGGI Chicken Taste,16.2
2024-12-10,81005413,ΕΠΙΛΟΓΗ ΜΟΥ Honey Rings,25.5
2024-12-10,741159,ΟΙΚ-ΧΡΙΣΤΟΔΟΥΛΟΥ Μήλο-Πορτοκάλι-Καρότο,9.4
2024-12-10,741160,ΟΙΚ-ΧΡΙΣΤΟΔΟΥΛΟΥ Πορτοκάλι,10.1
2024-12-10,81006267,ELITE Status Ολικής Άλεσης,21.6
2024-12-10,985292,ΦΑΓΕ Τotal 2% Φρούτα Δάσους,29.4
2024-12-10,422732,PANTENE Smooth & Sleek,41.8
2024-12-10,81006528,PANTENE Miracles Hydra Glow,31.4
2024-12-10,81006531,PANTENE Miracles Lift & Volume,28.5
2024-12-10,81006532,PANTENE Miracles Hydra Glow,28.5
2024-12-10,81006533,PANTENE Smooth & Sleek,48.0
2024-12-10,81006535,PANTENE Pro-V 3 Minute Miracle Αναδόμη,50.0
2024-12-10,81006537,PANTENE Pro-V Classic,48.0
2024-12-10,81006539,PANTENE Pro-V Μήκος Χωρίς Ορια,41.8
2024-12-10,81006544,PANTENE Pro-V Χρώμα & Προστασία,33.9
2024-12-10,81006545,PANTENE Smooth & Sleek,33.9
2024-12-10,81006546,PANTENE Pro-V Μήκος Χωρίς Ορια,33.9
2024-12-10,81006547,PANTENE Pro-V Αναδόμηση & Προστασία,48.0
2024-12-10,81006548,PANTENE Pro-V Αναδόμηση & Προστασία,33.9
2024-12-10,869148,PANTENE Pro-V Χρώμα & Προστασία,41.8
2024-12-10,88806,PANTENE Pro-V Classic,41.8
2024-12-10,93711,PANTENE Pro-V Αναδόμηση & Προστασία,41.8
2024-12-10,81006643,VIAKAL Αντιβακτηριδιακό Αντλία,38.4
2024-12-10,81006647,VIAKAL Κατά των Αλάτων Αντλία,41.9
2024-12-10,81005272,NIVEA Creme Care,46.0
2024-12-10,81005966,NEOMAT Gel Ορχιδέα,80.6
2024-12-10,81006662,K2R Colour Catcher,41.9
2024-12-10,81006665,DIXAN Ocean,56.3
2024-12-10,81006669,NEOMAT Gel Λωτός Μπαλί,80.6
2024-12-10,81006696,SOUPLINE Mistral,41.9
2024-12-10,733999,SERENATA Twin Dark,5.4
2024-12-10,81005302,ΕΛ ΓΚΡΕΚΟ Βάση Εστίας,70.4
2024-12-10,81005306,ΕΛ ΓΚΡΕΚΟ Βάση Εστίας,70.4
2024-12-10,81006039,ΕΛ ΓΚΡΕΚΟ Βάση Εστίας,70.4
2024-12-10,81006718,MALTESERS Teasers,8.7
2024-12-10,81006741,LACTA Ολόκληρο Αμύγδαλο,14.8
2024-12-10,81006834,ΕΠΙΛΟΓΗ ΜΟΥ Γάλακτος Με Φουντούκια,13.0
2024-12-10,707878,SMIRNOFF Ice,19.2
2024-12-10,81004108,FROLIC Μοσχάρι-Λαχανικά&Δημ/κά,89.9
2024-12-10,81005333,ΟΙΚΟΓΕΝΕΙΑ ΚΟΝΤΙΛΙΕΡΗ Κουλουράκια Βανίλια,9.9
2024-12-10,81005334,ΟΙΚΟΓΕΝΕΙΑ ΚΟΝΤΙΛΙΕΡΗ Κουλουράκια Κανέλα,9.9
2024-12-10,81005335,ΟΙΚΟΓΕΝΕΙΑ ΚΟΝΤΙΛΙΕΡΗ Κουλουράκια Αμυγδάλου,9.9
2024-12-10,81006744,LACTA Ολόκληρο Φουντούκι,14.8
2024-12-10,81006932,GORDON^S Space,21.8
2024-12-10,81006937,VIVA FRESH Ανανάς Νέκταρ,17.5
2024-12-10,705625,ELEPHANT Πρέτζελ με Θαλασσινό Αλάτι,9.0
2024-12-10,751951,PESCANOVA Σολομός Φιλέτο Ατλαντικού,82.3
2024-12-10,770064,NOXZEMA Spray Talc,28.5
2024-12-10,772926,ΣΑΜΟΥΡΗ Βανίλια Μαδαγασκάρης,12.2
2024-12-10,81005983,HEAD & SHOULDERS Coconut Βαθιά Ενυδάτωση,34.7
2024-12-10,81006254,NIKAS Μπέικον,39.2
2024-12-10,81006255,TOSTAKI Σαλάμι Αέρος Καπνιστό,21.5
2024-12-10,81006279,ΣΑΜΟΥΡΗ Mini Marshmallows,12.5
2024-12-10,81006280,ΣΑΜΟΥΡΗ Κουβερτούρα Υγείας 60%,16.9
2024-12-10,81006335,BURIKOS Αποξηραμένα Σύκα Καλαμάτας,36.0
2024-12-10,81006367,ΕΠΙΛΟΓΗ ΜΟΥ Granola Ταχίνι Μαύρη Σοκολάτα,29.5
2024-12-10,81006369,ΕΠΙΛΟΓΗ ΜΟΥ Granola Σοκολάτα Γάλακτος,29.5
2024-12-10,81006372,ΕΠΙΛΟΓΗ ΜΟΥ Granola Μαύρη Σοκολάτα,29.5
2024-12-10,81006374,ΕΠΙΛΟΓΗ ΜΟΥ Granola Χαρούπι Μαύρη Σοκολάτα,29.5
2024-12-10,81006395,PAMPERS Premium Care No4 Jumbo,168.9
2024-12-10,81006397,PAMPERS Premium Care No5 Jumbo,168.9
2024-12-10,81006398,PAMPERS Premium Care No7 Jumbo,136.3
2024-12-10,81006413,PANTENE Miracles Μοριακή Αναδόμηση,74.7
2024-12-10,81006414,PANTENE Miracles Μοριακή Αναδόμηση,31.4
2024-12-10,81006477,PAMPERS Premium Care No2 Jumbo,136.3
2024-12-10,854613,VIDAL White Musk (1+1)Δ,47.3
2024-12-10,89637,AXE Roll On Dark Temptation,27.5
2024-12-10,904218,ΣΑΜΟΥΡΗ Τρούφα Σοκολάτα Υγείας,16.5
2024-12-10,904219,ΣΑΜΟΥΡΗ Τρούφα Χρωματιστή,17.2
2024-12-10,81007148,Λουκάνικο Αράχωβας Ελληνικής Επεξεργασίας,84.5
2024-12-10,217399,TERRA CRETA Εξαιρετικό Παρθένο ΠΓΕ Χανίων,144.9
2024-12-10,748066,TSAKIRIS Τσιπς Sticks Με Αλάτι (-20%),31.7
2024-12-10,81008149,ELITE Crackers Ντομάτα Βασιλικός,35.1
2024-12-10,81008154,ELITE Crackers με Σουσάμι,35.1
2024-12-10,217673,FERRERO Σοκολατάκια Moments 21τεμ.,65.0
2024-12-10,526893,SMARTIES Φιγούρες Festive Friends,18.7
2024-12-10,81006534,PANTENE Pro-V Αναδόμηση & Προστασία,57.1
2024-12-10,81007584,PALSE Καραμελωμένα Ρεβύθια Κράνμπερι,9.9
2024-12-10,81007586,PALSE Αρακάς Κουκιά Καλαμπόκι,9.9
2024-12-10,81007731,SMARTIES  Σοκολάτα Γάλακτος Icon Santa,12.7
2024-12-10,81007737,MR. BROWNIE Κέικ Winter Edition,29.9
2024-12-10,81007739,BAULI Panettone Κομμάτια Σοκολάτας,22.9
2024-12-10,81007743,BAULI Panettone Mini Classic,22.9
2024-12-10,81007744,ΑΛΙΜΠΙΝΙΣΗΣ Κουραμπιέδες Λευκή Σοκολάτα,45.9
2024-12-10,81007746,ASTIR Panettone με Πραλινάκια,22.0
2024-12-10,81007751,ΚΩΝΣΤΑΝΤΙΝΙΔΗΣ  Burro in Latta  Classico,135.5
2024-12-10,81007753,BALOCCO Panettone Φυστίκι,109.5
2024-12-10,81007768,ASTIR Πραλινάκια,48.9
2024-12-10,81007771,ΚΩΝΣΤΑΝΤΙΝΙΔΗΣ Φιγούρες Λούτρινες με Πραλίνες,66.9
2024-12-10,81007775,NUOVA GABRIEL  Χριστουγεννιάτικα Σοκολατάκια,19.9
2024-12-10,81007776,OSCAR  Σοκολάτα  Άγιος Βασίλης,8.5
2024-12-10,81007778,OSCAR  Σοκολάτα  Άγιος Βασίλης,13.5
2024-12-10,81007862,ΕΠΙΛΟΓΗ ΜΟΥ Σπογγοπετσέτα Νο2,13.9
2024-12-10,991657,KINDER Σοκολάτα  Άγιος Βασίλης,23.3
2024-12-10,81007777,OSCAR Σοκολατάκια Στρουμφάκια,36.5
2024-12-10,81003877,XIXO Peach Black Tea,6.9
2024-12-10,81007207,ΕΥΡΗΚΑ Senso Ενεργό Οξυγόνο,22.9
2024-12-10,81003880,XIXO Strawberry Black Tea,6.9
2024-12-10,81007517,SPRITE Zero,18.8
2024-12-10,270544,ΡΕΑ Πορτοκάλι,11.9
2024-12-10,744670,ΜΕΛΙΣΣΑ Φιογκάκι,14.4
