2025-11-08,14304134,Χοιρινή-Μπριζόλα-Κόντρα-Με-Κόκαλο-Ελληνική,3.74
2025-11-08,14304118,Χοιρινή-Πανσέτα-Με-Κόκαλο-Ελληνική,3.74
2025-11-08,14303021,ΠΙΝΔΟΣ-Κοτόπουλου-Μπούτι-Νωπό-Ελληνικό,1.4
2025-11-08,14304123,Χοιρινή-Πανσέτα-Με-Κόκαλο-Εισαγωγής-Ολλανδίας,3.74
2025-11-08,14304176,Χοιρινή-Μπριζόλα-Κόντρα-Με-Κόκαλο-Εισαγωγής-Ολλανδίας,3.74
2025-11-08,89068058,ΠΙΝΔΟΣ-Φιλέτο-Στήθος-Κοτόπουλο-650gr-20,9.4
2025-11-08,89068059,ΠΙΝΔΟΣ-Κοτόπουλο-Μπούτι-Νωπό-800γρ-20,6.15
2025-11-08,89053577,ΠΙΝΔΟΣ-Μπιφτέκι-Κοτόπουλο-Grill-400gr-20-Φθηνότερα,3.9
2025-11-08,89053788,ΠΙΝΔΟΣ-Chicken-Nuggets-Κοτόπουλο-400gr-20-Φθηνότερα,4.39
2025-11-08,89053786,ΠΙΝΔΟΣ-Cordon-Bleu-Κοτόπουλο-370gr-20-Φθηνότερα,4.63
2025-11-08,89047466,ΠΙΝΔΟΣ-Κοτόπουλο-Νωπό-Ολόκληρο-Συσκ-20,5.71
2025-11-08,89066904,ΠΙΝΔΟΣ-σνίτσελ-κοτόπουλο-420γρ-20,3.99
2025-11-08,89070043,ΠΙΝΔΟΣ-κοτόπουλο-ελεύθερης-βοσκής-τυπ-νο-20-το-κιλό,10.38
2025-11-08,89053790,ΠΙΝΔΟΣ-Φιλετάκια-Πανέ-Κοτόπουλο-400gr-20-Φθηνότερα,5.24
2025-11-08,14303033,Κοτόπουλο-Ρολό-Γεμιστό-Νωπό-Ελληνικό-το-Κιλό,10.49
2025-11-08,89070045,ΠΙΝΔΟΣ-Κοτόπουλο-Ελεύθερης-Βοσκής-Τυποποιημένο-10-το-κιλό,13.24
2025-11-08,89017405,Βόειο-Κρέας-Σπάλα-Α-Ο-Πολωνίας,7.25
2025-11-08,14304124,Χοιρινό-Φιλέτο-Εισαγωγής-Ολλανδίας,6.48
2025-11-08,14305166,Βόειο-Κρέας-Στρογγυλό-Χωρίς-Κόκαλο-Εισαγωγής-Γαλλίας,8.48
2025-11-08,14305165,Βόειο-Κρέας-Κιλότο-Χωρίς-Κόκαλο-Εισαγωγής-Γαλλίας,8.48
2025-11-08,89024856,Βόεια-Ουρά-Χωρίς-Κόκαλο-Ελληνική,8.49
2025-11-08,89079853,ΑΡΤΑ-BBQ-Μπαχαρωμένο-Μπούτι-Παϊδάκι-Νωπού-Κοτόπουλου-το-Κιλό,5.99
2025-11-08,89089276,ΜΙΚΡΕΣ-ΦΑΡΜΕΣ-ΤΟΥ-ΒΟΥΝΟΥ-Cordon-Blue-Πουλερικών-Πανέ-500γρ,3.99
2025-11-08,89089277,ΜΙΚΡΕΣ-ΦΑΡΜΕΣ-ΤΟΥ-ΒΟΥΝΟΥ-Σνίτσελ-Κοτόπουλο-Πανέ-440γρ,3.99
2025-11-08,89089135,Χοιρινή-Πανσέτα-μαριναρισμένη-χωρίς-κόκκαλο-Ολλανδίας-το-κιλό,4.19
2025-11-08,89043323,ΜΙΜΙΚΟΣ-Μπιφτέκι-Κοτόπουλο-320gr,4.32
2025-11-08,14305130,Βόειο-Κρέας-Συκώτι-Νωπό-Εισαγωγής-Γαλλίας,3.75
2025-11-08,89024853,Βόεια-Ελιά-Χωρίς-Κόκαλο-Ελληνική,7.85
2025-11-08,89024851,Βόεια-Λάπα-Χωρίς-Κόκαλο-Ελληνική,6.75
2025-11-08,14305063,Βόειο-Κρέας-Ελιά-Χωρίς-Κόκαλο-Εισαγωγής-Γαλλίας,7.83
2025-11-08,14303056,ΠΙΝΔΟΣ-Κοκόρι-Νωπό-Ελευθέρας-Βοσκής,13.73
2025-11-08,89026193,ΜΙΚΡΕΣ-ΦΑΡΜΕΣ-ΤΟΥ-ΒΟΥΝΟΥ-Κοτόπουλο-Φτερούγες-Φρέσκο-Κοπής,2.19
2025-11-08,89026191,ΜΙΚΡΕΣ-ΦΑΡΜΕΣ-ΤΟΥ-ΒΟΥΝΟΥ-Κοτόπουλο-Μπούτι-Φρέσκο-σε-Δισκάκι,2.92
2025-11-08,89068708,ΕΛΙΑ-με-οστό-από-νεαρό-Μοσχάρι-Ολλανδίας-το-κιλό,6.0
2025-11-08,89010449,Βόειο-Ποντίκι-Ιταλίας,8.48
2025-11-08,89017404,Βόειο-Κρέας-Ελιά-Α-Ο-Πολωνίας,7.25
2025-11-08,14305064,Βόειο-Κρέας-Μπούτι-Ουρά-Χωρίς-Κόκαλο-Εισαγωγής-Γαλλίας,8.48
2025-11-08,89095183,ΑΡΤΑ-Κοτόπουλο-Νωπό-Ελληνικό-σε-Vaccum-το-Κιλό,7.54
2025-11-08,89089278,ΜΙΚΡΕΣ-ΦΑΡΜΕΣ-ΤΟΥ-ΒΟΥΝΟΥ-Κοτομπουκιές-Φιλέτο-Πανέ-400γρ,3.49
2025-11-08,89009154,ΜΙΜΙΚΟΣ-Κοτόπουλο-Σνίτσελ-470gr,7.49
2025-11-08,89024859,Βόειο-Νουά-Χωρίς-Κόκαλο-Ελληνικό,8.75
2025-11-08,14305060,Βόεια-Μπριζόλα-Κόντρα-με-Κόκαλο-Γαλλίας,9.57
2025-11-08,14305059,Βόειο-Κρέας-Σπαλομπριζόλα-Με-Κόκαλο-Γαλλίας,14.24
2025-11-08,89034825,Λουκάνικα-Χοιρινά-Πράσο-Πιαλείας-Τρικάλων,3.85
2025-11-08,89028845,Σουτζουκάκια-Σμυρνέικα,3.75
2025-11-08,89028844,Μπιφτέκι-Πολίτικο,4.3
2025-11-08,89024854,Βόειο-Ποντίκι-Χωρίς-Κόκαλο-Ελληνικό,8.49
2025-11-08,89017143,ΑΜΒΡΟΣΙΑΔΗΣ-Κοκόρια-Νωπά-Εγχωρία,9.98
2025-11-08,14305141,Βόειο-Κρέας-Λάπα-Χωρίς-Κόκαλο-Εισαγωγής-Γαλλίας,6.45
2025-11-08,14304170,Χοιρινό-Σνίτσελ-Εισαγωγής-Ολλανδίας,4.25
2025-11-08,14304142,Χοιρινός-Λαιμός-Με-Κόκαλο-Ελληνικός,5.24
2025-11-08,14304011,Χοιρινή-Τηγανιά-Ελληνική,3.98
2025-11-08,89026190,ΜΙΚΡΕΣ-ΦΑΡΜΕΣ-ΤΟΥ-ΒΟΥΝΟΥ-Κοτόπουλο-Ολόκληρο-Φρέσκο-Δισκάκι,6.98
2025-11-08,89088863,ΑΡΤΑ-Μπιφτέκια-Κοτόπουλο-Ψημένο-4τεμαχίων-500γρ,7.99
2025-11-08,89088893,ΜΙΚΡΕΣ-ΦΑΡΜΕΣ-ΤΟΥ-ΒΟΥΝΟΥ-λουκάνικο-τ-Αράχωβας-πρασάτο-το-κιλό,3.5
2025-11-08,89024862,Βόειο-Χτένι-Σπάλας-Χωρίς-Κόκαλο-Ελληνικό,8.75
2025-11-08,89014316,Μόσχου-Κόντρα-Γάλακτος-Ολλανδίας,10.85
2025-11-08,89036692,ΜΙΚΡΕΣ-ΦΑΡΜΕΣ-ΤΟΥ-ΒΟΥΝΟΥ-Λουκάνικο-Καραμανλίδικο-το-κιλό,3.9
2025-11-08,89030353,ΠΙΝΔΟΣ-Κοτόπουλου-Κοπανάκι-Νωπό,2.24
2025-11-08,89024863,Βόεια-Σπαλομίτα-Χωρίς-Κόκαλο-Ελληνική,8.75
2025-11-08,89024848,Βόεια-Κόντρα-Μπριζόλα-με-Κόκαλο-Ελληνική,8.48
2025-11-08,89020489,Βόειο-Σπαλομίτα-Χωρίς-Κόκαλο-Γαλλίας,8.4
2025-11-08,14302068,Συκωταριά-Αρνιού-Νωπή-Ελληνική-το-κιλό,19.32
2025-11-08,14304216,Λουκάνικα-τ-Μυκόνου,2.25
2025-11-08,14304068,Χοιρινό-Μπούτι-Χωρίς-Κόκαλο-Ελληνικό,4.05
2025-11-08,14304024,Χοιρινός-Λαιμός-με-Κόκαλο-Εισαγωγής-Ολλανδίας,4.49
2025-11-08,14303020,ΠΙΝΔΟΣ-Κοτόπουλο-Νωπό-Α΄-Ελληνικό,7.11
2025-11-08,14302057,Αρνί-Γάλακτος-Νωπό-Ελληνικό-το-κιλό,11.04
2025-11-08,89026196,ΜΙΚΡΕΣ-ΦΑΡΜΕΣ-ΤΟΥ-ΒΟΥΝΟΥ-Κοτόπουλο-Μπούτι-Φιλέτο-Δισκάκι,4.5
2025-11-08,89026195,ΜΙΚΡΕΣ-ΦΑΡΜΕΣ-ΤΟΥ-ΒΟΥΝΟΥ-Κοτόπουλο-Στήθος-Φιλέτο-Δισκάκι,6.99
2025-11-08,89079855,ΑΡΤΑ-BBQ-Τηγανιά-Νωπού-Κοτόπουλου-το-Κιλό,5.99
2025-11-08,89079854,ΑΡΤΑ-BBQ-Κοτόπουλο-Αποστεωμένο-Μπαχαρωμένο-Νωπό-το-Κιλό,5.99
2025-11-08,89089137,ΧΟΙΡΙΝΗ-Μπριζόλα-Σταβλίσια-Ολλανδίας-το-κιλό,3.01
2025-11-08,89009155,ΜΙΜΙΚΟΣ-Κοτομπουκιές-480gr,7.49
2025-11-08,14305069,Βόειο-Κρέας-Σνίτσελ-Ελληνικό-το-Κιλό,8.49
2025-11-08,89019412,Βόειο-Κρέας-Χτένι-Σπάλας-Χωρίς-Κόκαλο-Εισαγωγής-Γαλλίας,8.4
2025-11-08,89024852,Βόεια-Σπάλα-Χωρίς-Κόκαλο-Ελληνική,7.85
2025-11-08,89038393,Χοιρινός-Λαιμός-με-Κόκαλο-Εισαγωγής-Βελγίου,4.49
2025-11-08,89024847,Βόεια-Μπριζόλα-Χωρίς-Κόκαλο-Ελληνική,8.98
2025-11-08,89024855,Βόειο-Τρανς-Χωρίς-Κόκαλο-Ελληνικό,8.49
2025-11-08,14301028,AMADORI-Φιλέτο-Γαλοπούλας-Νωπό-Ιταλίας,4.8
2025-11-08,89082653,Σουβλάκι-Χοιρινό-Νωπό-ΕΕ-80γρ-το-τεμ-,0.59
2025-11-08,89035802,Βόειο-Κρέας-Καπάκι-Τρανς-Εισαγωγής-Ιταλίας,6.98
2025-11-08,89026678,Βόειο-Συκώτι-Ελληνικό,3.93
2025-11-08,14305019,Βόειο-Κρέας-Νουά-Μπούτι-Χωρίς-Κόκαλο-Γαλλίας,8.75
2025-11-08,14303151,ΠΙΝΔΟΣ-Κοτόπουλου-Φιλέτο-Μπούτι-Νωπο,4.57
2025-11-08,89011627,Χοιρινή-Τηγανιά-Ε-Ε-,3.6
2025-11-08,14304099,Χοιρινή-Σπάλα-Χωρίς-Κόκαλο-Ελληνική,4.0
2025-11-08,14304049,Χοιρινό-Ρολό-Γεμιστό-Νωπό-ΕΕ-το-Κιλό,8.39
2025-11-08,14303128,ΠΙΝΔΟΣ-Κοτόπουλο-Φιλέτο-Νωπό-Χύμα-Ελληνικό,4.95
2025-11-08,14303028,ΠΙΝΔΟΣ-Κοτόπουλο-Στομάχια-Νωπά-Ελληνικά,0.9
2025-11-08,14303027,ΠΙΝΔΟΣ-Κοτόπουλου-Στήθος-Νωπό-Ελληνικό,5.4
2025-11-08,14303022,ΠΙΝΔΟΣ-Κοτόπουλο-Φτερούγες-Νωπές-Χύμα-Ελληνικό,0.89
2025-11-08,89026194,ΜΙΚΡΕΣ-ΦΑΡΜΕΣ-ΤΟΥ-ΒΟΥΝΟΥ-Κοτόπουλο-Κοπανάκι-Φρέσκο-Κοπής,4.0
2025-11-08,89035803,Βόεια-Τουρτουγκίτα-Εισαγωγής-Ιταλίας,8.48
2025-11-08,89024994,Βόειο-Σπιτικό-Μπιφτέκι-Νωπό,5.28
2025-11-08,14302018,Γίδα-Νωπή-Ελληνική,9.68
2025-11-08,89024858,Βόειο-Στρογγυλό-Χωρίς-Κόκαλο-Ελληνικό,8.49
2025-11-08,14305167,Βόειο-Κρέας-Τρανς-Χωρίς-Κόκαλο-Εισαγωγής-Γαλλίας,8.48
2025-11-08,14304026,Χοίρινη-Σπάλα-Με-Κόκαλο-Ελληνική,6.49
2025-11-08,14302046,Πρόβατο-Νωπό-Ελληνικό,12.74
2025-11-08,89024857,Βόειο-Κιλότο-Χωρίς-Κόκαλο-Ελληνικό,8.49
2025-11-08,14304027,Χοίρινο-Μπούτι-Με-Κόκαλο-Ελληνικό,7.9
2025-11-08,89082656,Σουβλάκι-Κοτόπουλο-Φιλέτο-Μπούτι-Νωπό-Ελληνικό-80γρ-το-τεμ,0.79
2025-11-08,89078158,Χοιρινό-Κότσι-με-κόκκαλο-χωρίς-δέρμα-Ολλανδίας-νωπό-το-κιλό,5.15
2025-11-08,89024860,Βόειο-Φιλέτο-Χωρίς-Κόκαλο-Ελληνικό,11.98
2025-11-08,89024849,Βόεια-Σπαλομπριζόλα-με-Κόκαλο-Ελληνική,14.24
2025-11-08,14305105,Βόειο-Κρέας-Σνίτσελ-Γαλλίας-το-Κιλό,8.4
2025-11-08,89005789,ΠΙΝΔΟΣ-Κοτόπουλο-Συκώτια-Νωπά-Ελληνικά,1.16
2025-11-08,89003371,Γουρουνοπούλα-Ελληνική,7.99
2025-11-08,14305125,Βόειο-Κρέας-Ποντίκι-Εισαγωγής-Γαλλίας,8.48
2025-11-08,14305124,Βόειο-Κρέας-Σπάλα-Χωρίς-Κόκαλο-Εισαγωγής-Γαλλίας,7.83
2025-11-08,14304105,Χοιρινό-Μπούτι-Α-Ο-Εισαγωγής-Ολλανδίας,3.93
2025-11-08,14304104,Χοιρινή-Σπάλα-Α-Ο-Εισαγωγής-Ολλανδίας,3.75
2025-11-08,14304067,Χοιρινό-Σνίτσελ-Ελληνικό,4.25
2025-11-08,14302081,Κατσίκι-Ελληνικό-Νωπό-το-κιλό,14.2
2025-11-08,14202648,Μήλα-Κόκκινα-Στάρκιν-Εγχώρια-Α΄,0.77
2025-11-08,14202185,Σταφύλια-Σταφίδα-Εγχώρια-Α΄,1.72
2025-11-08,89040795,ΦΡΕΣΚΟΥΛΗΣ-Σαλάτα-Ιταλική-425gr,2.54
2025-11-08,89021998,ΦΡΕΣΚΟΥΛΗΣ-Σαλάτα-Λάχανο-Καρότο-300γρ,1.32
2025-11-08,14205014,ΦΡΕΣΚΟΥΛΗΣ-Σαλάτα-Δροσερή-200gr,1.59
2025-11-08,89029940,ΦΡΕΣΚΟΥΛΗΣ-Σαλάτα-Ιταλιάνα-100γρ,0.98
2025-11-08,89029939,ΦΡΕΣΚΟΥΛΗΣ-Σαλάτα-Γουστόζα-100gr,0.95
2025-11-08,89021999,ΦΡΕΣΚΟΥΛΗΣ-Σαλάτα-Τρυφερά-Μαρουλάκια-200-γρ-,1.61
2025-11-08,89051293,ECONOMY-Σαλάτα-Φρέσκια-Πριμαβέρα-150γρ-,1.0
2025-11-08,14202156,Σκόρδα-Ξερά-Εισαγωγής-Α΄-το-Τεμάχιο,0.63
2025-11-08,14202438,Μήλα-Σμιθ-Α΄-Εγχώρια,1.23
2025-11-08,14202367,Σέλινο-Εγχώριο-Α-Τεμάχιο,0.55
2025-11-08,89084703,ΜΠΑΝΑΝΑ-Deloro-Εισαγωγής-Α-το-Κιλό,1.34
2025-11-08,89039108,ΦΡΕΣΚΟΥΛΗΣ-Σαλάτα-Γεύμα-Italian-220γρ-,3.59
2025-11-08,89038080,ΜΠΑΡΜΠΑ-ΣΤΑΘΗΣ-Σαλάτα-Ιταλική-140-γρ-,1.7
2025-11-08,89003105,Μανιτάρια-Portobello-Α-Εισαγωγής-Συσκευασμένο-500gr,3.25
2025-11-08,14202768,Αχλάδια-Κρυστάλλια-Εγχώρια-Α΄,1.37
2025-11-08,14202481,Σαλάτες-Εγχώριες-Α΄-το-Τεμάχιο,0.85
2025-11-08,14202478,Αγγουράκια-Εγχώρια-Α΄,0.9
2025-11-08,14202384,Κολοκύθια-Εγχώρια-Α΄,1.61
2025-11-08,14202293,DOLE-Μπανάνα-Εισαγωγής-A΄,1.67
2025-11-08,14202126,Μανιτάρια-Πλευρώτους-Εγχώρια-Α-500gr-το-Τεμάχιο,2.55
2025-11-08,14202046,Λεμόνια-Εγχώρια-A,1.26
2025-11-08,14202025,Κουνουπίδι-Εγχώριο-Α΄,3.34
2025-11-08,14202005,Αγγούρια-Εγχώρια-Α΄-το-Τεμάχιο,0.65
2025-11-08,89042781,ΦΡΕΣΚΟΥΛΗΣ-Σαλάτα-Γεύμα-Vegan-με-Quinoa-250γρ-,3.4
2025-11-08,14202824,Λωτός-Εγχώριος-Α΄,1.37
2025-11-08,14202684,Πιπεριά-Φλωρίνης-Εγχώρια-A-,1.91
2025-11-08,14202944,Πιπεριά-Κέρατο-Εγχώρια-Α-,1.25
2025-11-08,14202194,Σαλάτα-Λόλα-Πράσινη-Εγχώρια-Α-το-Τεμάχιο,0.85
2025-11-08,89052694,ΜΠΑΡΜΠΑ-ΣΤΑΘΗΣ-Σαλάτα-Δροσάτη-200γρ,1.69
2025-11-08,14202550,ΜΑΝΑΒΙΚΗ-Κρεμμύδια-Ξανθά-Εγχώρια-το-κιλό,0.63
2025-11-08,89039106,ΦΡΕΣΚΟΥΛΗΣ-Σαλάτα-Γεύμα-Caesar-260-γρ-,4.25
2025-11-08,14202767,Μπρόκολο-Εγχώριο-το-κιλό,2.62
2025-11-08,14202403,Πιπεριές-Πράσινες-Εγχώριες-Α-,1.23
2025-11-08,14202389,ΚΡΕΜΜΥΔΙΑ-ΞΕΡΑ-ΕΓΧΩΡΙΑ-Α-ΚΙΛΟ,0.63
2025-11-08,14202121,Τομάτες-Εγχώριες-Α΄,0.92
2025-11-08,14202897,Ρόδια-Εγχώρια-Α΄,1.04
2025-11-08,14202065,Γκρέιπ-Φρουτ-Κόκκινο-Α΄-Εισαγωγής,0.87
2025-11-08,14202195,Σαλάτα-Λόλα-Κόκκινη-Εγχώρια-Α-το-Τεμάχιο,0.85
2025-11-08,14202733,Αβοκάντο-Α΄-Εισαγωγής,1.6
2025-11-08,89012587,Μήλα-Fuji-Εγχώρια-Α,1.06
2025-11-08,14202232,Καρότα-Εγχώρια-Α-,0.47
2025-11-08,14202082,Μαϊντανός-Εγχώριος-Α-το-Τεμάχιο,0.65
2025-11-08,89051292,ECONOMY-Σαλάτα-Φρέσκια-Ιταλική-150γρ-,0.95
2025-11-08,14202298,Πατάτα-Κύπρου-Α΄-Δίχτυ-το-Kιλό,4.32
2025-11-08,14202851,Μανταρίνια-Κλιμεντίνες-Εγχώρια-A΄,1.25
2025-11-08,14202972,Πορτοκάλια-Ναβαλίνα-Α΄-Χυμού-Εγχώρια-Δίχτυ,2.18
2025-11-08,14202368,Ραδίκια-Ποικιλίας-Ιταλικά-Α΄-Εγχώρια,1.11
2025-11-08,89004469,Κρεμμυδάκια-Φρέσκα-Α΄-Εγχώρια-το-Τεμάχιο,0.78
2025-11-08,14202591,Μαρούλια-Εγχώρια-Α-το-Τεμάχιο,0.75
2025-11-08,14202454,Μελιτζάνα-Φλάσκα-Εγχώρια-Α΄,1.42
2025-11-08,14202422,Λάχανο-Άσπρο-Εγχώριο-Α΄,1.18
2025-11-08,14202392,Ακτινίδια-Εγχώρια-το-κιλό,1.72
2025-11-08,14202168,Ντομάτες-Εγχώριες-Τσαμπί-A,0.84
2025-11-08,14202108,Πατάτα-Εγχώρια-Α-,0.35
2025-11-08,89034439,Σταφύλια-Crimson-Χωρίς-Κουκούτσι-Ελληνικά-Α΄-το-Κιλό,2.71
2025-11-08,89051294,ECONOMY-Σαλάτα-Φρέσκια-Καπριτσιόζα-150γρ-,1.0
2025-11-08,14202809,Πορτοκάλια-Ναβαλίνα-A΄-Εγχώρια,1.29
2025-11-08,14202658,Κολοκύθα-Α΄-Εγχώρια,1.61
2025-11-08,14202031,Ρόκα-Εγχώρια-Α-το-Τεμάχιο,0.75
2025-11-08,14202543,Πράσο-Εγχώριο-A΄,1.13
2025-11-08,89014426,ΦΡΕΣΚΟΥΛΗΣ-Σαλάτα-Ιταλική-200gr,1.4
2025-11-08,89009538,ΦΡΕΣΚΟΥΛΗΣ-Σαλάτα-Πανδαισία-160gr,1.65
2025-11-08,89025020,Μανιτάρια-Στρογγυλά-Α΄-Εισαγωγής-250γρ-το-Τεμάχιο,1.39
2025-11-08,89019339,Γλυκοπατάτα-Α-Εγχώρια,0.84
2025-11-08,89009116,Τοματίνια-Βελανίδι-A΄-Εγχώρια-Συσκευασμένα-250gr,1.89
2025-11-08,14202387,DOLE-Ανανάς-Εισαγωγής-A΄,2.09
2025-11-08,14202362,Μήλα-Γκόλντεν-Εγχώρια-Α,0.79
2025-11-08,14202047,Άνιθος-Εγχώριος-Α΄-το-Τεμάχιο,0.65
2025-11-08,14202001,Πιπεριές-Ανάμικτες-A΄-Εισαγωγής-3τεμ-,2.45
2025-11-08,89089339,ΓΙΩΤΗΣ-Πουρές-Πατάτας-Στιγμής-2Χ125γρ,2.54
2025-11-08,11501158,MISKO-Σπαγγετίνη-No10-500gr,0.79
2025-11-08,89006092,EL-SABOR-Nacho-Chips-Καλαμποκιού-με-Αλάτι-225gr,1.29
2025-11-08,11501159,MISKO-Σπαγγέτι-No6-500gr,0.79
2025-11-08,10906631,EL-SABOR-Nacho-Chips-Καλαμποκιού-με-Chili-225gr,1.29
2025-11-08,12307010,ΗΡΑ-Αλάτι-Ριζάτο-1Kg,1.49
2025-11-08,89070530,ΜΙΚΡΕΣ-ΦΑΡΜΕΣ-ΤΟΥ-ΒΟΥΝΟΥ-sauces-ΒΒQ-280γρ,1.75
2025-11-08,89078648,ΜΙΚΡΕΣ-ΦΑΡΜΕΣ-ΤΟΥ-ΒΟΥΝΟΥ-Sauses-Σάλτσα-Curry-280γρ,1.75
2025-11-08,89070532,ΜΙΚΡΕΣ-ΦΑΡΜΕΣ-ΤΟΥ-ΒΟΥΝΟΥ-sauces-Mexico-280γρ,1.75
2025-11-08,89070531,ΜΙΚΡΕΣ-ΦΑΡΜΕΣ-ΤΟΥ-ΒΟΥΝΟΥ-sauces-sweet-_-sour-280γρ,1.75
2025-11-08,10002024,RIO-MARE-Τόνος-σε-Ελαιόλαδο-2x160gr,5.59
2025-11-08,11702015,AGRINO-Φακες-Ψιλες-Καναδα-500Γρ,1.49
2025-11-08,89070796,EL-SABOR-wraps-τορτίγιες-6τεμ-240γρ,1.19
2025-11-08,10708137,ΠΑΠΑΔΟΠΟΥΛΟΥ-Μπισκότα-Γεμιστά-με-Σοκολάτα-200gr,0.99
2025-11-08,89071025,ΜΙΚΡΕΣ-ΦΑΡΜΕΣ-ΤΟΥ-ΒΟΥΝΟΥ-pasta-snack-με-Κρέμα-Γάλακτος-61γρ,0.69
2025-11-08,89071022,ΜΙΚΡΕΣ-ΦΑΡΜΕΣ-ΤΟΥ-ΒΟΥΝΟΥ-Pasta-Snack-με-Τυρί-62γρ,0.69
2025-11-08,89051877,ISOSTEVIA-Στέβια-sticks-40τμχ-80gr,2.29
2025-11-08,89095081,ISOSTEVIA-Γλυκαντικό-με-Στέβια-Χωρίς-Γλουτένη-150γρ,3.19
2025-11-08,89037429,ISOSTEVIA-Υγρό-Γλυκαντικό-με-Στέβια-Χωρίς-Γλουτένη-60ml,2.25
2025-11-08,89089362,ΑΛΛΑΤΙΝΗ-Μπισκότα-Γεμάτα-Max-Βανίλια-35γρ,0.39
2025-11-08,89095231,ELITE-Φρυγανιές-Σίκαλης-Οικογενειακή-Συσκευασία-360γρ,1.69
2025-11-08,11701044,AGRINO-Φασόλια-Μέτρια-Καναδά-500γρ,1.79
2025-11-08,89051242,ΚΡΙΣ-ΚΡΙΣ-Selection-the-Classic-Toast-700gr-elbisco,1.59
2025-11-08,89096316,CHEETOS-Crunchy-Sweet-_-Spicy-110γρ,1.1
2025-11-08,89043402,DIMELLO-Κάψουλες-Espresso-Intenso-9-10x5-6gr,3.49
2025-11-08,89043401,DIMELLO-Κάψουλες-Espresso-Forte-Lungo-8-10x5-6gr,3.49
2025-11-08,89042789,CHEETOS-Σνακ-Πακοτίνια-125gr,1.1
2025-11-08,89042788,CHEETOS-Σνακ-Δρακουλίνια-100gr,1.1
2025-11-08,89067661,CHEETOS-Lotto-Γαριδάκια-90gr,1.1
2025-11-08,89049759,DIMELLO-Κάψουλες-Espresso-Ristretto-10-10x5-6gr,3.49
2025-11-08,89042838,AGRINO-Ρυζογκοφρέτες-με-Ρίγανη-110gr,1.49
2025-11-08,89069115,ΤΣΙΡΟΓΑΛΑΚΗ-Ελληνικός-Καφές-200gr,2.95
2025-11-08,89049278,TOTTIS-Κρουασανάκια-Κρέμα-Μιλφέιγ-300-γρ-,1.79
2025-11-08,89051243,ΚΡΙΣ-ΚΡΙΣ-Selection-Τhe-Brioche-Toast-350-gr-elbisco,1.26
2025-11-08,11101011,ΜΥΛΟΙ-ΑΓΙΟΥ-ΓΕΩΡΓΙΟΥ-Αλεύρι-Μαλακό-Νο2-1kg,1.75
2025-11-08,89034475,DIMELLO-Καφές-Espresso-Forza-5-Αλεσμένος-250gr,5.99
2025-11-08,11101010,ΜΥΛΟΙ-ΑΓΙΟΥ-ΓΕΩΡΓΙΟΥ-Αλεύρι-Σκληρό-Νο1-1kg,1.75
2025-11-08,89033787,GUM-ON-Καραμέλες-Jelly-Beans-90-γρ-,0.85
2025-11-08,89002572,ΧΡΥΣΑ-ΑΥΓΑ-Medium-6τεμ-53-63gr,1.89
2025-11-08,89069763,GUM-ON-Sour-Belts-Ζελεδάκια-70γρ,0.9
2025-11-08,89043028,GUM-ON-Καραμέλες-Jelly-Burger-90gr,0.9
2025-11-08,89069764,GUM-ON-Ζελεδάκια-Sour-Watermelon-80γρ,0.9
2025-11-08,10708021,ΑΛΛΑΤΙΝΗ-Crackers-2001-Αλμυρά-40gr-elbisco,0.49
2025-11-08,10707019,SERENATA-Γκοφρέτα-Classic-33gr,0.46
2025-11-08,89049081,SERENATA-Γκοφρέτα-Twin-Υγείας-30γρ,0.46
2025-11-08,10708147,ΠΑΠΑΔΟΠΟΥΛΟΥ-Μπισκότα-Γεμιστά-Φράουλα-200γρ,1.15
2025-11-08,10708140,ΠΑΠΑΔΟΠΟΥΛΟΥ-Μπισκότα-Γεμιστά-Λεμόνι-200γρ,1.15
2025-11-08,10708862,ΠΑΠΑΔΟΠΟΥΛΟΥ-Μπισκότα-Γεμιστά-με-Βανίλια-200γρ,1.15
2025-11-08,10708020,ΑΛΛΑΤΙΝΗ-ΝΑΚ-Crackers-Αλμυρά-40gr-elbisco,0.49
2025-11-08,10708141,ΠΑΠΑΔΟΠΟΥΛΟΥ-Μπισκότα-Γεμιστά-Μπανάνα-200γρ,1.15
2025-11-08,89095917,ΚΡΙΣ-ΚΡΙΣ-Selection-Ψωμί-Τόστιμο-380γρ,1.24
2025-11-08,89008692,ΑΛΛΑΤΙΝΗ-Πτι-Μπερ-Σοκολάτα-225gr,1.17
2025-11-08,89088927,ELITE-Φρυγανιές-Σίτου-χωρίς-Αλάτι-οικ-συσκευασία-500γρ-,2.22
2025-11-08,89048926,ΜΙΚΡΕΣ-ΦΑΡΜΕΣ-ΤΟΥ-ΒΟΥΝΟΥ-Μπισκότα-Βρώμης-με-Κανέλα-_-Καστανή-Ζάχαρη-180gr,1.19
2025-11-08,89078106,ΜΙΚΡΕΣ-ΦΑΡΜΕΣ-ΤΟΥ-ΒΟΥΝΟΥ-Φυστικόμπαλες-Καλαμποκιού-90γρ,0.79
2025-11-08,89070005,LAYS-chips-στο-φούρνο-bbq-105γρ,1.48
2025-11-08,11203083,ΖΩΓΡΑΦΟΣ-Ζάχαρη-Μαύρη-Χωρίς-Γλουτένη-500gr,1.79
2025-11-08,89049760,DIMELLO-Καφές-Espresso-Gusto-4-Αλεσμένος-250gr,6.22
2025-11-08,89078110,ΜΙΚΡΕΣ-ΦΑΡΜΕΣ-ΤΟΥ-ΒΟΥΝΟΥ-Τυρογαριδάκια-90γρ,0.79
2025-11-08,89032191,ECONOMY-Φυστικοβούτυρο-Crunchy-350gr,2.39
2025-11-08,89068409,ΜΙΚΡΕΣ-ΦΑΡΜΕΣ-ΤΟΥ-ΒΟΥΝΟΥ-Παξιμάδι-με-Κρητικό-Ελαιόλαδο-250γρ,2.39
2025-11-08,89078505,ΜΙΚΡΕΣ-ΦΑΡΜΕΣ-ΤΟΥ-ΒΟΥΝΟΥ-Ρύζι-Mexican-Style-250γρ,1.59
2025-11-08,89051536,LAYS-Chips-στο-Φούρνο-με-Αλάτι-105γρ,1.48
2025-11-08,89032559,ΜΙΚΡΕΣ-ΦΑΡΜΕΣ-ΤΟΥ-ΒΟΥΝΟΥ-Μπισκότα-Βρώμης-με-Κακάο-_-Σοκολάτα-150gr,1.19
2025-11-08,89032558,ΜΙΚΡΕΣ-ΦΑΡΜΕΣ-ΤΟΥ-ΒΟΥΝΟΥ-Μπισκότα-Βρώμης-με-Μέλι-175gr,1.19
2025-11-08,89032190,ECONOMY-Φυστικοβούτυρο-με-Μέλι-350gr,2.39
2025-11-08,89088551,ΜΙΚΡΕΣ-ΦΑΡΜΕΣ-ΤΟΥ-ΒΟΥΝΟΥ-Chutney-Σύκου-με-Τζίντζερ-220γρ,1.99
2025-11-08,89046635,ΑΛΛΑΤΙΝΗ-Πτι-Μπερ-Κλασικό-0-Ζάχαρη-225gr,1.18
2025-11-08,89054356,CANDEREL-Γλυκαντικό-με-Stevia-σε-σκόνη-βάζο-75γρ-,3.67
2025-11-08,89048933,ΜΙΚΡΕΣ-ΦΑΡΜΕΣ-ΤΟΥ-ΒΟΥΝΟΥ-Μπισκότα-Βρώμης-με-Κακάο-_-Μαύρη-Σοκολάτα-160gr,1.19
2025-11-08,89078504,ΜΙΚΡΕΣ-ΦΑΡΜΕΣ-ΤΟΥ-ΒΟΥΝΟΥ-Quick-Meal-Ρύζι-Asian-Style-250γρ,1.59
2025-11-08,10906377,EL-SABOR-Nacho-Chips-Καλαμποκιού-με-Τυρί-100gr,0.89
2025-11-08,12401338,EL-SABOR-Salsa-Dip-Σάλτσα-Τομάτας-315gr,2.29
2025-11-08,89053113,ΜΙΚΡΕΣ-ΦΑΡΜΕΣ-ΤΟΥ-ΒΟΥΝΟΥ-Οίνος-Λευκός-Ξηρός-Μαλαγουζιά-_-Ροδίτης-3lt,7.49
2025-11-08,89079767,ΜΙΚΡΕΣ-ΦΑΡΜΕΣ-ΤΟΥ-ΒΟΥΝΟΥ-Δημητριακά-Choco-Rice-Looney-Tunes-375γρ,2.19
2025-11-08,89079769,ΜΙΚΡΕΣ-ΦΑΡΜΕΣ-ΤΟΥ-ΒΟΥΝΟΥ-Δημητριακά-Honey-Looney-Tunes-375γρ,2.19
2025-11-08,89079766,ΜΙΚΡΕΣ-ΦΑΡΜΕΣ-ΤΟΥ-ΒΟΥΝΟΥ-Δημητριακά-Milky-Pillows-Looney-Tunes-375γρ,2.19
2025-11-08,89079765,ΜΙΚΡΕΣ-ΦΑΡΜΕΣ-ΤΟΥ-ΒΟΥΝΟΥ-Δημητριακά-crispy-Pillows-Looney-Tunes-375γρ,2.19
2025-11-08,89079768,ΜΙΚΡΕΣ-ΦΑΡΜΕΣ-ΤΟΥ-ΒΟΥΝΟΥ-Δημητριακά-Choco-Shells-Looney-Tunes-375γρ,2.19
2025-11-08,89084680,ΜΙΚΡΕΣ-ΦΑΡΜΕΣ-ΤΟΥ-ΒΟΥΝΟΥ-Δημητριακά-Flakes-Tunes-Bag-500γρ,2.1
2025-11-08,89035331,JACOBS-Κάψουλες-Espresso-Ristretto-12-10x5-2gr,3.39
2025-11-08,12401237,EL-SABOR-Cheese-Dip-Σάλτσα-Τυριού-300gr,2.68
2025-11-08,10708339,ΠΑΠΑΔΟΠΟΥΛΟΥ-Cream-Crackers-Σίκαλη-Ολικής-175gr,1.32
2025-11-08,89035330,JACOBS-Κάψουλες-Espresso-Intenso-10-10x5-2gr,3.39
2025-11-08,10710028,ΠΑΠΑΔΟΠΟΥΛΟΥ-Cream-Crackers-Σίτου-Χωρίς-Ζάχαρη-165γρ-,1.32
2025-11-08,89033932,JACOBS-Καφές-Φίλτρου-Βανίλια-250-γρ-,7.39
2025-11-08,10708129,ΠΑΠΑΔΟΠΟΥΛΟΥ-Cream-Crackers-Σίτου-140gr,1.32
2025-11-08,89096044,ΜΙΚΡΕΣ-ΦΑΡΜΕΣ-ΤΟΥ-ΒΟΥΝΟΥ-Φακές-Boil-In-Bag-2Χ150γρ,1.69
2025-11-08,89088549,ΜΙΚΡΕΣ-ΦΑΡΜΕΣ-ΤΟΥ-ΒΟΥΝΟΥ-Πατέ-Λιαστής-Τομάτας-200γρ,2.29
2025-11-08,89048737,ΜΙΚΡΕΣ-ΦΑΡΜΕΣ-ΤΟΥ-ΒΟΥΝΟΥ-Ποικιλία-Ορεκτικών-σε-Ηλιέλαιο-270gr,2.99
2025-11-08,89077575,TAKIS-Fuego-Snack-100γρ,2.59
2025-11-08,89084647,CHEETOS-Snacks-Lotto-90γρ-Π-Λ-1-29€,1.29
2025-11-08,89056988,TRATA-τόνος-pocket-σε-νερό-φάκελο-80γρ,1.69
2025-11-08,89095680,TAKIS-Blue-Heat-Snack-100γρ,2.59
2025-11-08,89027591,ΧΡΥΣΑ-ΑΥΓΑ-Ελευθέρας-Βοσκής-με-Ω3-Λιγότερη-Χοληστερόλη-6τεμ-53-gr-0-50€,3.24
2025-11-08,89056160,TRATA-Τόνος-Pocket-Καπνιστός-Φάκελο-80γρ,1.69
2025-11-08,89077576,TAKIS-Volcano-Snack-100γρ,2.59
2025-11-08,89052542,GUM-ON-Marshmallows-Mix-120gr,1.83
2025-11-08,89070339,ΜΙΚΡΕΣ-ΦΑΡΜΕΣ-ΤΟΥ-ΒΟΥΝΟΥ-Μπάρες-Πρωτεΐνης-Διπλή-Σοκολάτα-3Χ30γρ,2.19
2025-11-08,89029587,ECONOMY-Φασόλια-Μαυρομάτικα-Εισαγωγής-500γρ,1.75
2025-11-08,89070338,ΜΙΚΡΕΣ-ΦΑΡΜΕΣ-ΤΟΥ-ΒΟΥΝΟΥ-Μπάρες-Πρωτεΐνης-Μπισκότα-_-Κρέμα-3Χ30γρ,2.19
2025-11-08,89037949,ΜΙΚΡΕΣ-ΦΑΡΜΕΣ-ΤΟΥ-ΒΟΥΝΟΥ-Σάλτσα-Τομάτας-για-Μακαρονάδες-490gr,2.19
2025-11-08,89095638,ΜΙΚΡΕΣ-ΦΑΡΜΕΣ-ΤΟΥ-ΒΟΥΝΟΥ-Ριζότο-με-Βασιλομανίταρο-350γρ,2.19
2025-11-08,89070337,ΜΙΚΡΕΣ-ΦΑΡΜΕΣ-ΤΟΥ-ΒΟΥΝΟΥ-Μπάρες-Πρωτεΐνης-Αλατισμένη-Καραμέλα-3Χ30γρ,2.19
2025-11-08,89037948,ΜΙΚΡΕΣ-ΦΑΡΜΕΣ-ΤΟΥ-ΒΟΥΝΟΥ-Σάλτσα-Τομάτας-Αιγαιοπελαγίτικη-490gr,2.19
2025-11-08,89027763,ECONOMY-Σπαγγετίνη-Νo10-1kg,1.2
2025-11-08,89027762,ECONOMY-Σπαγγετίνη-Νo6-1kg,1.2
2025-11-08,89027765,ECONOMY-Τριβέλι-1kg,1.2
2025-11-08,89088890,ΜΙΚΡΕΣ-ΦΑΡΜΕΣ-ΤΟΥ-ΒΟΥΝΟΥ-Gourmet-Δαμάσκηνα-Επικάλυψη-Μαύρη-Σοκολάτα-160γρ,2.69
2025-11-08,89079837,ΜΙΚΡΕΣ-ΦΑΡΜΕΣ-ΤΟΥ-ΒΟΥΝΟΥ-Γκοφρέτα-με-Κρέμα-Κακάο-40γρ,0.35
2025-11-08,89088889,ΜΙΚΡΕΣ-ΦΑΡΜΕΣ-ΤΟΥ-ΒΟΥΝΟΥ-Κουμκουάτ-Επικάλυψη-Μαύρη-Σοκολάτα-160γρ,2.69
2025-11-08,89067949,ΜΙΚΡΕΣ-ΦΑΡΜΕΣ-ΤΟΥ-ΒΟΥΝΟΥ-Κομπόστα-κοκtέιλ-με-φρούτα-1kg,3.59
2025-11-08,89030009,ΜΙΚΡΕΣ-ΦΑΡΜΕΣ-ΤΟΥ-ΒΟΥΝΟΥ-Πατατάκια-με-Ρίγανη-120gr,0.89
2025-11-08,89088891,ΜΙΚΡΕΣ-ΦΑΡΜΕΣ-ΤΟΥ-ΒΟΥΝΟΥ-Gourmet-Πορτοκάλι-Επικάλυψη-Μαύρη-Σοκολάτα-160γρ,2.69
2025-11-08,89078054,ΜΙΚΡΕΣ-ΦΑΡΜΕΣ-ΤΟΥ-ΒΟΥΝΟΥ-Protein-Cookies-60τεμ,0.89
2025-11-08,89030006,ΜΙΚΡΕΣ-ΦΑΡΜΕΣ-ΤΟΥ-ΒΟΥΝΟΥ-Πατατάκια-με-Τομάτα-_-Πάπρικα-120gr,0.89
2025-11-08,89096937,ΜΙΚΡΕΣ-ΦΑΡΜΕΣ-ΤΟΥ-ΒΟΥΝΟΥ-Πατατάκια-Αλάτι-_-Ξύδι-120γρ,0.89
2025-11-08,89067950,ΜΙΚΡΕΣ-ΦΑΡΜΕΣ-ΤΟΥ-ΒΟΥΝΟΥ-Κομπόστα-Ροδάκινο-σε-Φέτες-1-κιλό,2.69
2025-11-08,89079838,ΜΙΚΡΕΣ-ΦΑΡΜΕΣ-ΤΟΥ-ΒΟΥΝΟΥ-Γκοφρέτα-με-Κρέμα-Φουντούκι-40γρ,0.35
2025-11-08,89078055,ΜΙΚΡΕΣ-ΦΑΡΜΕΣ-ΤΟΥ-ΒΟΥΝΟΥ-Protein-Choco-60γρ,0.89
2025-11-08,89069337,ECONOMY-Δημητριακά-Choco-Balls-500gr,2.69
2025-11-08,89067948,ΜΙΚΡΕΣ-ΦΑΡΜΕΣ-ΤΟΥ-ΒΟΥΝΟΥ-Κομπόστα-Αχλάδι-σε-φέτες-1kg,3.59
2025-11-08,89030008,ΜΙΚΡΕΣ-ΦΑΡΜΕΣ-ΤΟΥ-ΒΟΥΝΟΥ-Πατατάκια-με-Θαλασσινό-Αλάτι-120gr,0.89
2025-11-08,89032935,ΧΡΥΣΑ-ΑΥΓΑ-Ασπράδι-Αυγού-Παστεριωμένο-500ml,3.45
2025-11-08,89097018,ΑΛΛΑΤΙΝΗ-Μπισκότα-Goody-με-Κακάο-_-Σοκολάτα-160γρ-,1.99
2025-11-08,89097009,JAMMY-Σοκολάτα-Γάλακτος-με-Καραμέλα-80γρ-,1.29
2025-11-08,89096825,D-AMIGO-Φασόλια-Σε-Barbecue-Sauce-400γρ,1.19
2025-11-08,89089073,D-AMICO-Σάλτσα-Τρούφας-130γρ,2.29
2025-11-08,89096921,BARON-Christmas-Ημερολόγιο-Κακάο-75γρ,1.99
2025-11-08,89096781,ΜΙΚΡΕΣ-ΦΑΡΜΕΣ-ΤΟΥ-ΒΟΥΝΟΥ-Αλάτι-Θαλασσινό-Μεσολογγίου-600γρ,0.99
2025-11-08,89096836,ECONOMY-Gold-Καφές-Φίλτρου-Classic-225γρ,3.99
2025-11-08,89096665,ΜΙΚΡΕΣ-ΦΑΡΜΕΣ-ΤΟΥ-ΒΟΥΝΟΥ-Σοκολατόπιτα-100γρ,1.29
2025-11-08,89096663,ΦΑΙΔΩΝ-Pan-Cake-Κρέμα-Κακάο-60γρ,1.29
2025-11-08,89024366,MENTOS-Καραμέλες-Φρούτα-38γρ,0.99
2025-11-08,89088606,ION-Σοκολάτα-Φουντουκιού-100γρ,2.0
2025-11-08,89088603,ΙΟΝ-Serano-Σοκολάτα-γάλακτος-με-φράουλα-65γρ,1.85
2025-11-08,89056133,ΑΝΑΤΟΛΗ-Πάπρικα-Καπνιστή-Γυάλινο-Βάζο-50γρ,3.33
2025-11-08,89096204,MEREL-Chips-Original-160γρ,1.99
2025-11-08,89095998,ΜΙΚΡΕΣ-ΦΑΡΜΕΣ-ΤΟΥ-ΒΟΥΝΟΥ-Ροδάκινο-Κύβοι-σε-Ελαφρύ-Σιρόπι-2Χ120γρ,1.23
2025-11-08,89096004,ΜΙΚΡΕΣ-ΦΑΡΜΕΣ-ΤΟΥ-ΒΟΥΝΟΥ-Φρουτοσαλάτα-5-Φρούτα-σε-Χυμό-400γρ,2.69
2025-11-08,89096456,ΜΙΚΡΕΣ-ΦΑΡΜΕΣ-ΤΟΥ-ΒΟΥΝΟΥ-Φυστικοβούτυρο-Αλμυρή-Καραμέλα-350γρ,2.99
2025-11-08,89096079,ΜΙΚΡΕΣ-ΦΑΡΜΕΣ-ΤΟΥ-ΒΟΥΝΟΥ-Σάλτσα-τομάτα-κρεμμύδι-_-Ρίγανή-520gr,1.99
2025-11-08,89096313,COFFEEWAY-Φίλτρου-Vanilla-Hazelnut-σε-Μερίδες-10Χ7-5γρ,3.99
2025-11-08,89096471,MEREL-Marsmallow-Παγωτό-100γρ,1.79
2025-11-08,89053344,ΚΑΡΑΜΟΛΕΓΚΟΣ-Ψωμί-Μισό-Μισό-Σταρένιο-και-Ολικής-Άλεσης-720γρ,1.6
2025-11-08,89053337,NESCAFE-Gold-Blend-Καφές-Στιγμιαίος-95gr,6.75
2025-11-08,89049058,ΣΤΕΡΓΙΟΥ-Muffin-Salted-Caramel-120gr,1.05
2025-11-08,89053140,ΜΙΚΡΕΣ-ΦΑΡΜΕΣ-ΤΟΥ-ΒΟΥΝΟΥ-Φιδές-500gr,0.79
2025-11-08,89053139,ΜΙΚΡΕΣ-ΦΑΡΜΕΣ-ΤΟΥ-ΒΟΥΝΟΥ-Σπαγγέτι-Ολικής-Άλεσης-Νo6-500gr,0.89
2025-11-08,89053015,ΟΛΥΜΠΟΣ-Χαλβάς-με-Κακάο-250gr,3.99
2025-11-08,89053016,ΟΛΥΜΠΟΣ-Χαλβάς-με-Αμύγδαλο-250γρ,3.99
2025-11-08,13107008,ΟΛΥΜΠΟΣ-Χαλβάς-με-Βανίλια-το-Κιλό,2.96
2025-11-08,89052607,NUTRI-VALLEY-Σολoμός-Φιλέτο-Νερό-160gr-ΣΒ-130gr,3.65
2025-11-08,89052184,ΜΙΚΡΕΣ-ΦΑΡΜΕΣ-ΤΟΥ-ΒΟΥΝΟΥ-Καραμέλες-Γάλακτος-Toffee-200gr,0.99
2025-11-08,89052185,ΜΙΚΡΕΣ-ΦΑΡΜΕΣ-ΤΟΥ-ΒΟΥΝΟΥ-Καραμέλες-Ζελέ-Διάφορα-Φρούτα-200gr,0.99
2025-11-08,89050580,ORBIT-Τσίχλες-Refreshers-Δυόσμος-Μπουκάλι-67g,2.99
2025-11-08,89044145,ΓΙΩΤΗΣ-1·2·Bake!-Μείγμα-για-Κρέπες-300gr,1.89
2025-11-08,89051726,ΜΙΚΡΕΣ-ΦΑΡΜΕΣ-ΤΟΥ-ΒΟΥΝΟΥ-Αλεύρι-για-Όλες-τις-Χρήσεις-2kg,1.66
2025-11-08,89051651,HEALTHY-HABITS-Μαρμελάδα-Φράουλα-280gr,4.19
2025-11-08,89051546,ΚΥΚΝΟΣ-Κέτσαπ-Απλή-Top-Down-560gr,2.45
2025-11-08,89051522,ΜΑΚΒΕΛ-Κριθαράκι-Μέτριο-500gr,0.85
2025-11-08,89050895,ΠΑΥΛΙΔΗΣ-Σοκολατάκια-Υγείας-350gr,8.35
2025-11-08,89050369,ΜΙΚΡΕΣ-ΦΑΡΜΕΣ-ΤΟΥ-ΒΟΥΝΟΥ-Κουλουράκια-Πορτοκαλιού-300gr,1.99
2025-11-08,89050368,ΜΙΚΡΕΣ-ΦΑΡΜΕΣ-ΤΟΥ-ΒΟΥΝΟΥ-Κουλουράκια-Βανίλιας-300gr,1.99
2025-11-08,89050366,ΜΙΚΡΕΣ-ΦΑΡΜΕΣ-ΤΟΥ-ΒΟΥΝΟΥ-Κουλουράκια-Βουτύρου-300gr,1.99
2025-11-08,89025909,ΤΣΑΚΙΡΗ-Αυγά-Ελευθέρας-Βοσκής-Medium-6τεμ-53-63gr,3.49
2025-11-08,89050165,AGRIFREDA-Ταχίνι-Εδέσσης-με-Κακάο-350gr,2.99
2025-11-08,89050032,ΜΙΚΡΕΣ-ΦΑΡΜΕΣ-ΤΟΥ-ΒΟΥΝΟΥ-Αποξηραμένα-Δαμάσκηνα-Απύρηνα-70gr,1.42
2025-11-08,89049949,ΜΙΚΡΕΣ-ΦΑΡΜΕΣ-ΤΟΥ-ΒΟΥΝΟΥ-Ρύζι-Νυχάκι-1kg,1.99
2025-11-08,89049280,ECONOMY-Νιφάδες-Βρώμης-500gr,0.95
2025-11-08,89039194,ΣΑΜΟΥΡΗ-Πολύχρωμα-Κουφετάκια-Σοκολάτας-Γάλακτος-90gr,2.09
2025-11-08,89038133,ΜΙΚΡΕΣ-ΦΑΡΜΕΣ-ΤΟΥ-ΒΟΥΝΟΥ-Μελομακάρονα-350gr,2.99
2025-11-08,89045144,ELITE-Status-Φρυγανιές-Σίτου-125gr,2.06
2025-11-08,89048735,ΜΙΚΡΕΣ-ΦΑΡΜΕΣ-ΤΟΥ-ΒΟΥΝΟΥ-Αγκινάρα-σε-Ηλιέλαιο-270gr,3.14
2025-11-08,89048296,ECONOMY-Φουντούκια-Ψημένα-Γεωργίας-100gr,2.99
2025-11-08,89036762,ΚΥΚΝΟΣ-Χυμός-Τομάτας-Ελαφρά-Συμπυκνωμένος-7-Χάρτινο-3x250g,2.15
2025-11-08,89047302,ΜΙΚΡΕΣ-ΦΑΡΜΕΣ-ΤΟΥ-ΒΟΥΝΟΥ-Αλάτι-Ιμαλαΐων-σε-γυάλινο-Μύλο-95gr,1.89
2025-11-08,89046974,ΜΙΚΡΕΣ-ΦΑΡΜΕΣ-ΤΟΥ-ΒΟΥΝΟΥ-Πετιμέζι-450gr,5.99
2025-11-08,89032242,ELVIART-Πίτα-Με-Αλεύρι-Καλαμποκιού-680-γρ-,1.97
2025-11-08,89024195,BUONO-Αγγουράκι-Σακούλα-1kg,2.95
2025-11-08,89097018,ΑΛΛΑΤΙΝΗ-Μπισκότα-Goody-με-Κακάο-_-Σοκολάτα-160γρ-,1.99
2025-11-08,89097009,JAMMY-Σοκολάτα-Γάλακτος-με-Καραμέλα-80γρ-,1.29
2025-11-08,89096825,D-AMIGO-Φασόλια-Σε-Barbecue-Sauce-400γρ,1.19
2025-11-08,89089073,D-AMICO-Σάλτσα-Τρούφας-130γρ,2.29
2025-11-08,89096921,BARON-Christmas-Ημερολόγιο-Κακάο-75γρ,1.99
2025-11-08,89096781,ΜΙΚΡΕΣ-ΦΑΡΜΕΣ-ΤΟΥ-ΒΟΥΝΟΥ-Αλάτι-Θαλασσινό-Μεσολογγίου-600γρ,0.99
2025-11-08,89096836,ECONOMY-Gold-Καφές-Φίλτρου-Classic-225γρ,3.99
2025-11-08,89096665,ΜΙΚΡΕΣ-ΦΑΡΜΕΣ-ΤΟΥ-ΒΟΥΝΟΥ-Σοκολατόπιτα-100γρ,1.29
2025-11-08,89096663,ΦΑΙΔΩΝ-Pan-Cake-Κρέμα-Κακάο-60γρ,1.29
2025-11-08,89024366,MENTOS-Καραμέλες-Φρούτα-38γρ,0.99
2025-11-08,89088606,ION-Σοκολάτα-Φουντουκιού-100γρ,2.0
2025-11-08,89088603,ΙΟΝ-Serano-Σοκολάτα-γάλακτος-με-φράουλα-65γρ,1.85
2025-11-08,89056133,ΑΝΑΤΟΛΗ-Πάπρικα-Καπνιστή-Γυάλινο-Βάζο-50γρ,3.33
2025-11-08,89096204,MEREL-Chips-Original-160γρ,1.99
2025-11-08,89095998,ΜΙΚΡΕΣ-ΦΑΡΜΕΣ-ΤΟΥ-ΒΟΥΝΟΥ-Ροδάκινο-Κύβοι-σε-Ελαφρύ-Σιρόπι-2Χ120γρ,1.23
2025-11-08,89096004,ΜΙΚΡΕΣ-ΦΑΡΜΕΣ-ΤΟΥ-ΒΟΥΝΟΥ-Φρουτοσαλάτα-5-Φρούτα-σε-Χυμό-400γρ,2.69
2025-11-08,89096456,ΜΙΚΡΕΣ-ΦΑΡΜΕΣ-ΤΟΥ-ΒΟΥΝΟΥ-Φυστικοβούτυρο-Αλμυρή-Καραμέλα-350γρ,2.99
2025-11-08,89096079,ΜΙΚΡΕΣ-ΦΑΡΜΕΣ-ΤΟΥ-ΒΟΥΝΟΥ-Σάλτσα-τομάτα-κρεμμύδι-_-Ρίγανή-520gr,1.99
2025-11-08,89096313,COFFEEWAY-Φίλτρου-Vanilla-Hazelnut-σε-Μερίδες-10Χ7-5γρ,3.99
2025-11-08,89096471,MEREL-Marsmallow-Παγωτό-100γρ,1.79
2025-11-08,89096423,JACQMOTTE-Φίλτρα-Καφετιέρας-Νο4-40τεμ,0.99
2025-11-08,89095443,ΟΙΚΟΓΕΝΕΙΑ-ΣΤΕΡΓΙΟΥ-Pancakes-Protein-200γρ,3.95
2025-11-08,89096177,ΚΑΡΑΜΟΛΕΓΚΟΣ-Carre-Bueno-Cream-100γρ,1.74
2025-11-08,89096089,GOOD-FOOD-Σνακ-Καλαμποκιού-Pizza-60γρ,1.19
2025-11-08,89095934,ΜΙΚΡΕΣ-ΦΑΡΜΕΣ-ΤΟΥ-ΒΟΥΝΟΥ-Άλειμμα-Δίχρωμο-Κακάο-_-Γάλα-400γρ,1.99
2025-11-08,89095783,CHUPA-CHUPS-Pop-Corn-Φράουλα-90γρ,2.99
2025-11-08,89095800,ΜΙΚΡΕΣ-ΦΑΡΜΕΣ-ΤΟΥ-ΒΟΥΝΟΥ-Φακές-έτοιμες-Βάζο-540γρ-Σ-Β-400γρ-,1.89
2025-11-08,89095837,ECONOMY-Ζωμός-Λαχανικών-24τεμ-240γρ-1-50€,1.43
2025-11-08,89082912,ΜΙΚΡΕΣ-ΦΑΡΜΕΣ-ΤΟ-ΒΟΥΝΟΥ-Κρέμα-Αραβοσίτου-Κακάο-2Χ30γρ,0.56
2025-11-08,89095835,MEREL-Μαλλί-της-Γριάς-Κλασικό-50γρ,1.5
2025-11-08,89095830,ΜΙΚΡΕΣ-ΦΑΡΜΕΣ-ΤΟΥ-ΒΟΥΝΟΥ-Αλάτι-Ψιλό-500γρ,0.33
2025-11-08,89095831,ΜΙΚΡΕΣ-ΦΑΡΜΕΣ-ΤΟΥ-ΒΟΥΝΟΥ-Αλάτι-Ημίχονδρο-1000γρ,0.62
2025-11-08,89089205,TASTY-Πιτσίνια-Snack-100γρ,1.49
2025-11-08,89095432,RUFFLES-Chips-Cheeseburger-120γρ,1.95
2025-11-08,89089206,LAY-S-Chips-Αλάτι-70γρ,0.99
2025-11-08,89095601,ΜΙΚΡΕΣ-ΦΑΡΜΕΣ-ΤΟΥ-ΒΟΥΝΟΥ-Πάστα-Ελιάς-Καλαμών-200γρ,2.69
2025-11-08,89095631,ΜΙΚΡΕΣ-ΦΑΡΜΕΣ-ΤΟΥ-ΒΟΥΝΟΥ-κρουασάν-Buono-_-Πραλίνα-150γρ,0.89
2025-11-08,89095620,ΜΙΚΡΕΣ-ΦΑΡΜΕΣ-ΤΟΥ-ΒΟΥΝΟΥ-Brioche-Salted-Caramel-95γρ,0.99
2025-11-08,89089059,D-AMICO-Pesto-Genovese-130γρ,1.99
2025-11-08,89095449,LOTUS-Άλλειμα-Μπισκότου-Creamy-400γρ,5.65
2025-11-08,89089374,GECCHELE-Mini-Donuts-Party-Φράουλα-200γρ,2.99
2025-11-08,89089271,TASTY-Foudounia-Snack-90γρ,0.99
2025-11-08,89088523,ΜΑΚΒΕΛ-Πένες-με-Χαμηλό-Γλυκαιμικό-Δείκτη-400γρ,1.24
2025-11-08,89089212,RUFFLES-Chips-BBQ-120γρ,1.95
2025-11-08,89089298,LAY-S-Chips-Ρίγανη-70γρ,0.99
2025-11-08,89089299,LAY-S-Chips-Ρίγανη-140γρ,1.95
2025-11-08,89084423,CONDITO-Μαγιονέζα-Light-Top-Down-435ml,3.69
2025-11-08,89088782,LOR-Espresso-Caps-Maranello-10τεμ-52γρ,4.99
2025-11-08,89009928,ΤΣΑΝΑΚΙΑ-Μουστοκούλουρα-300γρ,3.99
2025-11-08,89088905,LIPTON-Τσάϊ-Πυραμίδα-Black-Lemon-20τεμ,2.79
2025-11-08,89084685,ΜΙΚΡΕΣ-ΦΑΡΜΕΣ-ΤΟΥ-ΒΟΥΝΟΥ-Νιφάδες-Βρώμης-Σακούλα-1Kg,1.99
2025-11-08,89088629,TENTAZIONI-Σοκολατάκια-Πραλίνας-100γρ,2.99
2025-11-08,89088630,LUSSO-Σοκολατάκια-Κεράσι-_-Λικέρ-150γρ,4.99
2025-11-08,89084831,ΠΙΝΔΟΣ-Ηπειρώτικα-Αυγά-Αχυρώνα-με-Καλαμπόκι-63-73γρ-6τεμ,2.99
2025-11-08,89084817,LIPTON-Τσάι-Yellow-Label-25τεμ,2.49
2025-11-08,89084682,ΜΙΚΡΕΣ-ΦΑΡΝΕΣ-ΤΟΥ-ΒΟΥΝΟΥ-Granola-Σοκολάτα-_-Καραμέλα-450γρ,2.99
2025-11-08,89082234,POPHOUSE-Κααραμέλα-Popcorn-Σοκολάτα-180γρ,2.39
2025-11-08,89084669,ΜΙΚΡΕΣ-ΦΑΡΜΕΣ-ΤΟΥ-ΒΟΥΝΟΥ-Γλυκό-Κουταλιού-Χίου-450γρ,3.79
2025-11-08,89084620,ΜΙΚΡΕΣ-ΦΑΡΜΕΣ-ΤΟΥ-ΒΟΥΝΟΥ-Noodles-Asian-Taste-120γρ,0.99
2025-11-08,89084592,ΜΙΚΡΕΣ-ΦΑΡΜΕΣ-ΤΟΥ-ΒΟΥΝΟΥ-Ροξάκι-110γρ,0.99
2025-11-08,89084591,ΜΙΚΡΡΕΣ-ΦΑΡΜΕΣ-ΤΟΥ-ΒΟΥΝΟΥ-Γλυκάκια-Τουλούμπα-85γρ,0.99
2025-11-08,89079784,ΜΙΚΡΕΣ-ΦΑΡΜΕΣ-ΤΟΥ-ΒΟΥΝΟΥ-Κρίτσίνι-Χειροποίητο-Καρότου-150γρ,1.8
2025-11-08,89082536,ΜΙΚΚΡΕΣ-ΦΑΡΜΕΣ-ΤΟΥ-ΒΟΥΝΟΥ-Κέτσαπ-Απαλή-Topdown-Pet-540γρ,1.82
2025-11-08,89078266,ΜΙΚΡΕΣ-ΦΑΡΜΕΣ-ΤΟΥ-ΒΟΥΝΟΥ-Παξιμάδια-Κυθήρων-Ολικής-Άλεσης-300γρ,2.99
2025-11-08,89078625,ΜΙΚΡΕΣ-ΦΑΡΜΕΣ-ΤΟΥ-ΒΟΥΝΟΥ-Χαλβάς-με-Φράουλα-_-Σοκολάτα-250γρ,2.99
2025-11-08,89079421,ΜΙΚΡΕΣ-ΦΑΡΜΕΣ-ΤΟΥ-ΒΟΥΝΟΥ-Αυγά-Ηπείρου-Ελευθέρας-Βοσκής-6άδα-63-73γρ,2.99
2025-11-08,89078367,ΜΙΚΡΕΣ-ΦΑΡΜΕΣ-ΤΟΥ-ΒΟΥΝΟΥ-Μαστίχα-Χίου-_-Φυστίκι-50γρ,1.23
2025-11-08,89078396,ΜΙΚΡΕΣ-ΦΑΡΜΕΣ-ΤΟΥ-ΒΟΥΝΟΥ-Φιστικοβούτυρο-Απαλό-350γρ,2.84
2025-11-08,89078219,ΜΙΚΡΕΣ-ΦΑΡΜΕΣ-ΤΟΥ-ΒΟΥΝΟΥ-Κουλουράκια-Πέταλο-Φράουλας-300γρ,2.99
2025-11-08,89078426,ΚΥΚΝΟΣ-Σάλτσα-Τομάτας-Φέτα-350γρ,2.24
2025-11-08,89077773,ΜΑΚΒΕΛ-Κανελόνια-Κουτί-250γρ,1.64
2025-11-08,89071109,ECONOMY-Energy-Mix-Ωμοί-_-Ανάλατοι-100γρ,1.99
2025-11-08,10708028,ΑΛΛΑΤΙΝΗ-Goody-Βουτύρου-175gr,1.99
2025-11-08,89071009,DIMELLO-Καφές-Φίλτρου-Βανίλια-250γρ,7.2
2025-11-08,89062091,ΜΑΚΒΕΛ-κοφτό-500γρ,1.0
2025-11-08,89070975,ΜΙΚΡΕΣ-ΦΑΡΜΕΣ-ΤΟΥ-ΒΟΥΝΟΥ-Σάλτσα-Sweet-Chilli-250ml,1.99
2025-11-08,89070787,ECONOMY-μανιταρόσουπα-στιγμής-66γρ,0.99
2025-11-08,89070257,ECONOMY-Δημητριακά-Corn-Flakes-Frosted-250γρ,1.79
2025-11-08,89070247,ΜΙΚΡΕΣ-ΦΑΡΜΕΣ-ΤΟΥ-ΒΟΥΝΟΥ-ελιές-Καλαμών-jumbo-Λακωνίας-200γρ,2.69
2025-11-08,89070104,ΜΙΚΡΕΣ-ΦΑΡΜΕΣ-ΤΟΥ-ΒΟΥΝΟΥ-Σάλτσα-Πέστο-Βασιλικού,2.56
2025-11-08,89069367,ΜΙΚΡΕΣ-ΦΑΡΜΕΣ-ΤΟΥ-ΒΟΥΝΟΥ-Εξαιρετικά-Παρθένο-Ελαιόλαδο-με-λεμόνι-250ml,3.32
2025-11-08,89069929,ΜΙΚΡΕΣ-ΦΑΡΜΕΣ-ΤΟΥ-ΒΟΥΝΟΥ-Ξύδι-Κρέμα-Βαλσάμικο-BBQ-250ml,1.99
2025-11-08,89070002,ΜΙΚΡΕΣ-ΦΑΡΜΕΣ-ΤΟΥ-ΒΟΥΝΟΥ-Μείγμα-Βοτάνων-Παραδοσιακό-18gr,2.99
2025-11-08,89069207,ΤΣΑΝΟΣ-κριτσίνια-με-ελιά-καλαμών-120γρ,1.99
2025-11-08,89069219,ΤΣΑΝΟΣ-κριτσίνια-καλαμποκιού-120γρ,1.99
2025-11-08,89069498,ΜΙΚΡΕΣ-ΦΑΡΜΕΣ-ΤΟΥ-ΒΟΥΝΟΥ-Μπισκότα-Cookies-Soft-με-τριπλή-σοκολάτα-160gr,1.49
2025-11-08,89038104,ΗΠΕΙΡΩΤΙΚΑ-ΑΥΓΑ-Large-10τεμ-63-73gr,3.82
2025-11-08,12401039,TABASCO-Pepper-Sauce-60ml,3.89
2025-11-08,11204197,BIO-FARMA-Μέλι-Ανθέων-Βιολογικό-Ε-Ε-ΒΙΟ-500gr,8.64
2025-11-08,11101001,ΑΛΛΑΤΙΝΗ-Αλεύρι-Γ-Ο-Χ-1000gr,2.05
2025-11-08,89046473,ANATOLI-Κουρκουμάς-60gr,2.9
2025-11-08,89036187,ΣΑΜΟΥΡΗ-Μείγμα-για-Βουτυρόκρεμα-_-Γλάσο-Επικάλυψης-χωρίς-γλουτένη-300gr,3.99
2025-11-08,89029706,EVERGREEN-Ζάχαρη-Καρύδας-Βιολογική-250gr,2.72
2025-11-08,89006546,KINDER-Έκπληξη-Σοκολατένιο-Αυγό-3x20γρ,3.99
2025-11-08,11201002,TEXAS-Νιφάδες-Βρώμης-500γρ,1.59
2025-11-08,89007154,ΚΥΚΝΟΣ-Φασόλια-Κόκκινα-400gr,1.19
2025-11-08,89043391,TRIDENT-Oral-B-Τσίχλες-Δυόσμος-17gr-1€,0.99
2025-11-08,89037546,BONJOUR-Bueno-Κρουασάν-με-Πραλίνα-Φουντουκιού-140gr,1.05
2025-11-08,89036361,TRIDENT-Senses-Τσίχλες-Τροπικά-Φρούτα-27gr-1€,0.99
2025-11-08,89033725,CORNY-Big-Μπάρα-Δημητριακών-με-Σοκολάτα-50gr,0.92
2025-11-08,89032498,ΚΑΡΑΜΟΛΕΓΚΟΣ-Παξαμάς-Παξιμάδι-Κρίθινο-400γρ,2.99
2025-11-08,89031929,MISKO-Πέννε-Ριγκάτε-Ολικής-Άλεσης-500gr,1.45
2025-11-08,89030832,KISS-Σοκολάτα-Γάλακτος-με-Γέμιση-Φράουλα-27-5gr,0.73
2025-11-08,89029892,ΣΤΕΡΓΙΟΥ-Κρουασάν-με-Γέμιση-Πραλίνας-Φουντουκιού-105gr,1.09
2025-11-08,89029858,LACTA-Oreo-Σοκολάτα-με-Φράουλα-105gr,2.7
2025-11-08,89029435,L-OR-Κάψουλες-Espresso-Ristretto-11-10x5-2gr,4.89
2025-11-08,89027426,ΑΥΓΑ-ΒΛΑΧΑΚΗ-Αχυρώνα-Καλαμπόκι-Medium-6τεμ-0-50€,3.3
2025-11-08,89026698,ΚΑΤΣΕΛΗΣ-1978-Ψωμί-Σε-Φέτες-Ολικής-Άλεσης-720gr,1.9
2025-11-08,89026617,OREO-Μπισκότα-Γεμιστά-με-Κρέμα-Cheesecake-Φράουλα-154gr,1.59
2025-11-08,89024192,HARIBO-Χρυσά-Αρκουδάκια-Ζελίνια-100gr,1.39
2025-11-08,89024127,ΝΟΥΝΟΥ-Kid-Γάλα-Εβαπορέ-3-7-Λιπαρά-6x400gr,8.22
2025-11-08,89022785,BREAK-Σοκολάτα-Λευκή-με-Σταφίδες-Αμύγδαλα-_-Φουντούκια-85gr,2.5
2025-11-08,89022255,FRESHLY-Λάντσιον-Μητ-Κοτόπουλο-200gr,1.98
2025-11-08,89018771,ZERO-Καραμέλες-Βουτύρου-0-Zάχαρη-32g,1.15
2025-11-08,89016721,MEGAFARM-Αυγά-Ελευθέρας-Βοσκής-Medium-6τεμ-53-63gr,3.48
2025-11-08,89015620,ΓΙΩΤΗΣ-Caotonic-Σακούλα-400gr,3.42
2025-11-08,89012987,RIO-MARE-Τόνος-σε-Ελαιόλαδο-3x80gr,4.99
2025-11-08,89012127,ORIENTAL-EXPRESS-Στιγμιαία-Noodles-με-Γεύση-Ψητές-Γαρίδες-87gr,0.99
2025-11-08,89011680,ORIENTAL-EXPRESS-Noodles-POT-Μοσχαράκι-_-Μαύρο-Πιπέρι-85g,1.78
2025-11-08,89011677,ORIENTAL-EXPRESS-Στιγμιαία-Noodles-με-Γεύση-Πάπια-Πεκίνου-87gr,0.99
2025-11-08,89011676,ORIENTAL-EXPRESS-Στιγμιαία-Noodles-με-Γεύση-Χοιρινό-BBQ-87gr,0.99
2025-11-08,89011665,BLUE-DRAGON-Sauce-Γλυκόξινη-390gr,3.25
2025-11-08,89011111,ΣΤΕΡΓΙΟΥ-Φέτα-Κέικ-Ανάμικτο-80gr,1.09
2025-11-08,89010971,TRATA-Τονοσαλάτα-Mexicana-2x160gr,4.99
2025-11-08,89006780,ΜΑΣΤΙΧΑ-ΧΙΟΥ-Π-Ο-Π-10gr,2.72
2025-11-08,89006545,KINDER-Έκπληξη-Σοκολατένιο-Αυγό-με-Έκπληξη-20γρ,1.4
2025-11-08,89006508,BRAVO-Ελληνικός-Καφές-Κλασικός-193gr,4.88
2025-11-08,89006495,ELITE-Crackers-Μεσογειακά-με-Τομάτα-_-Βασιλικό-105gr,1.59
2025-11-08,89003714,ΣΤΕΡΓΙΟΥ-Τσουρεκάκι-με-Μαστίχα-Χίου-90gr,1.05
2025-11-08,89002679,ΚΥΚΝΟΣ-Τομάτες-Τριμμένες-500gr,0.99
2025-11-08,89002227,ΠΑΥΛΙΔΗΣ-Σοκολάτα-Υγείας-με-Πορτοκάλι-100gr,2.85
2025-11-08,13208096,ΝΕΑ-ΦΥΤΙΝΗ-Παραδοσιακή-Μαγειρικό-Λίπος-400gr,3.99
2025-11-08,13003071,ELVIART-Πίτες-Κλασικές-Μεσαίες-10τεμ-700gr,2.32
2025-11-08,12602002,ΛΟΥΜΙΔΗΣ-Παπαγάλος-Ελληνικός-Καφές-Παραδοσιακός-96gr,2.78
2025-11-08,12508131,ΚΥΚΝΟΣ-Κέτσαπ-Hot-Γυάλινη-Φιάλη-330gr,1.74
2025-11-08,12402037,HELLMANN-S-Real-Μαγιονέζα-450ml,3.49
2025-11-08,12401241,BARILLA-Έτοιμη-Σάλτσα-Ζυμαρικών-Arrabbiata-400gr,3.05
2025-11-08,12309011,ΕΥΡΙΠΟΣ-Τσάι-του-Βουνού-10φακ-x1gr,1.79
2025-11-08,12308010,ΕΥΡΙΠΟΣ-Ρίγανη-Χωριό-50gr,1.29
2025-11-08,12306271,ANATOLI-Γλυκάνισος-30gr,1.18
2025-11-08,12306048,ΕΥΡΙΠΟΣ-Δάφνη-10gr,1.19
2025-11-08,11804043,ΓΙΩΤΗΣ-Φρουί-Ζελέ-Φράουλα-με-Γεύση-Φράουλα-2Χ100γρ,1.7
2025-11-08,11804041,ΓΙΩΤΗΣ-Φρουί-Ζελέ-Ανανάς-2x100γρ,1.7
2025-11-08,11802005,ΓΙΩΤΗΣ-Άνθος-Αραβοσίτου-Βανίλια-160gr,1.39
2025-11-08,11702004,3ΑΛΦΑ-Φακές-Χονδρές-Εισαγωγής-500gr,2.49
2025-11-08,11505012,MISKO-Τορτελίνια-με-Τυριά-250gr,2.47
2025-11-08,11502158,MISKO-Πεπονάκι-500gr,1.24
2025-11-08,11502147,MISKO-Κριθαράκι-Χονδρό-500gr,1.0
2025-11-08,11501105,MISKO-Σπαγγέτι-Ολικής-Άλεσης-No6-500gr,1.19
2025-11-08,11204175,BIO-FARMA-Ρύζι-Parboiled-Βιολογικό-500γρ,2.12
2025-11-08,11204172,BIO-FARMA-Φακή-Ψιλή-Βιολογική-500γρ,2.79
2025-11-08,11203032,CANDEREL-Υποκατάστατο-Ζάχαρης-σε-Σκόνη-40gr,3.28
2025-11-08,11203002,ΖΩΓΡΑΦΟΣ-Φρουκτόζη-400gr,2.99
2025-11-08,11005114,ΣΤΕΡΓΙΟΥ-Τσουρεκάκια-με-Μαστίχα-Χίου-300gr,2.46
2025-11-08,11002001,ELITE-Φρυγανιές-Σίτου-250gr,1.45
2025-11-08,10707226,ION-Mini-Σοκοφρέτα-με-Σοκολάτα-Γάλακτος-210gr,3.2
2025-11-08,10707009,ION-Σοκοφρέτα-Γάλακτος-Φουντούκι-38gr,0.52
2025-11-08,10702378,KINDER-Bueno-Γκοφρέτα-Λευκή-39gr,0.99
2025-11-08,10701432,ION-Σοκολάτα-Υγείας-με-ολόκληρα-Αμύγδαλα-100γρ,2.5
2025-11-08,10701049,LACTA-Σοκολάτα-Γάλακτος-85gr,2.7
2025-11-08,10602375,BONNE-MAMAN-Μαρμελάδα-4-Φρούτα-370γρ,4.89
2025-11-08,10102005,RIO-MARE-Τόνος-Τρυφερά-Κομμάτια-σε-Νερό-Φάκελος-80gr,1.99
2025-11-08,89035934,ΠΑΠΑΔΟΠΟΥΛΟΥ-Nutries-Μπισκότα-Βρώμης-με-Μαύρη-Σοκολάτα-150gr,1.8
2025-11-08,89032966,ΠΑΠΑΔΟΠΟΥΛΟΥ-Γεύση2-Ψωμί-Τοστ-Ολικής-Άλεσης-700gr,1.87
2025-11-08,89013036,RIO-MARE-Insalatissime-Τονοσαλάτα-με-Καλαμπόκι-2x160gr,5.99
2025-11-08,89004795,ΠΑΠΑΔΟΠΟΥΛΟΥ-Πολυδημητριακά-Μπισκότα-με-Σοκολάτα-160gr,1.85
2025-11-08,11003014,ΠΑΠΑΔΟΠΟΥΛΟΥ-Krispies-Παξιμάδια-Ολικής-Άλεσης-Χωρίς-Ζάχαρη-200gr,1.6
2025-11-08,10708305,ΠΑΠΑΔΟΠΟΥΛΟΥ-Μπισκότα-Digestive-250gr,1.78
2025-11-08,10708041,ΠΑΠΑΔΟΠΟΥΛΟΥ-Μπισκότα-Μιράντα-Κλασικά-250gr,1.68
2025-11-08,89043506,ΜΙΚΡΕΣ-ΦΑΡΜΕΣ-ΤΟΥ-ΒΟΥΝΟΥ-Αυγά-Ηπείρου-20άδα-63-73γρ,5.99
2025-11-08,89043388,ECONOMY-Ξύδι-Λευκό-400ml,0.42
2025-11-08,89042927,ΜΙΚΡΕΣ-ΦΑΡΜΕΣ-ΤΟΥ-ΒΟΥΝΟΥ-Πραλίνα-με-Κακάο-_-Φουντούκι-7-380gr,2.99
2025-11-08,89042886,ΜΙΚΡΕΣ-ΦΑΡΜΕΣ-ΤΟΥ-ΒΟΥΝΟΥ-Παξιμαδάκια-Σίτου-200gr,1.29
2025-11-08,89041329,ΜΙΚΡΕΣ-ΦΑΡΜΕΣ-ΤΟΥ-ΒΟΥΝΟΥ-Νιφάδες-Ολικής-με-Εξωτικά-Φρούτα-375gr,2.99
2025-11-08,89039691,ECONOMY-Αρακάς-Kονσέρβα-400gr,0.99
2025-11-08,89037529,ECONOMY-Μουστοκούλουρα-Mαλακά-200gr,0.99
2025-11-08,89037503,ECONOMY-Αγγουράκι-Τουρσί-680gr,1.79
2025-11-08,89034930,ECONOMY-Σαρδέλες-σε-Φυτικό-Λάδι-125gr,1.23
2025-11-08,89034428,ΜΙΚΡΕΣ-ΦΑΡΜΕΣ-ΤΟΥ-ΒΟΥΝΟΥ-Thousand-Islands-Dressing-300gr,1.7
2025-11-08,89033734,ΜΙΚΡΕΣ-ΦΑΡΜΕΣ-ΤΟΥ-ΒΟΥΝΟΥ-Τόνος-σε-Φυτικό-Λάδι-160gr,1.99
2025-11-08,89033381,ECONOMY-Τορτελίνια-με-Κρέας-250gr,1.89
2025-11-08,89032320,ΜΙΚΡΕΣ-ΦΑΡΜΕΣ-ΤΟΥ-ΒΟΥΝΟΥ-Πραλίνα-Φουντουκιού-750gr,3.99
2025-11-08,89032079,ΜΙΚΡΕΣ-ΦΑΡΜΕΣ-ΤΟΥ-ΒΟΥΝΟΥ-Τρίμμα-Φρυγανιάς-Σίτου-200gr,0.75
2025-11-08,89031841,ΜΙΚΡΕΣ-ΦΑΡΜΕΣ-ΤΟΥ-ΒΟΥΝΟΥ-Αυγά-Ηπείρου-6άδα-63-73γρ,1.99
2025-11-08,89030637,ECONOMY-Γάλα-Εβαπορέ-Πλήρες-Μερίδες-Δίχτυ-10x15gr,0.99
2025-11-08,89029650,ΜΙΚΡΕΣ-ΦΑΡΜΕΣ-ΤΟΥ-ΒΟΥΝΟΥ-Τσάι-του-Βουνού-Κρήτης-30gr,2.56
2025-11-08,89029592,ECONOMY-Φακές-Ψιλές-Εισαγωγής-500γρ,1.02
2025-11-08,89029591,ECONOMY-Φακές-Χονδρές-Εισαγωγής-500γρ,1.49
2025-11-08,89029585,ECONOMY-Φασόλια-Χονδρά-Εισαγωγής-500γρ,2.99
2025-11-08,89029302,ΜΙΚΡΕΣ-ΦΑΡΜΕΣ-ΤΟΥ-ΒΟΥΝΟΥ-Κριθαράκι-Μέτριο-500gr,0.79
2025-11-08,89028431,ECONOMY-Δυόσμος-Τριμμένος-σε-γυάλινο-βάζο-60gr,1.51
2025-11-08,89027747,ΜΙΚΡΕΣ-ΦΑΡΜΕΣ-ΤΟΥ-ΒΟΥΝΟΥ-Σπαγγέτι-Νo6-500gr,0.69
2025-11-08,89027689,ECONOMY-Μοσχοκάρυδο-Τριμμένο-σε-γυάλινο-βάζο-35gr,2.56
2025-11-08,89027633,ECONOMY-Πάπρικα-Γλυκιά-σε-γυάλινο-βάζο-35gr,1.42
2025-11-08,89027577,ΜΙΚΡΕΣ-ΦΑΡΜΕΣ-ΤΟΥ-ΒΟΥΝΟΥ-Ψωμί-Τοστ-Σταρένιο-680gr,1.35
2025-11-08,89027490,ΜΙΚΡΕΣ-ΦΑΡΜΕΣ-ΤΟΥ-ΒΟΥΝΟΥ-Λιαστή-Τομάτα-σε-Ηλιέλαιο-_-Ξύδι-340gr,3.49
2025-11-08,89027453,ECONOMY-Πιπέρι-Μαύρο-Τριμμένο-50gr,1.29
2025-11-08,89027417,ECONOMY-Κανέλα-Τριμμένη-50gr,0.75
2025-11-08,89027357,ΜΙΚΡΕΣ-ΦΑΡΜΕΣ-ΤΟΥ-ΒΟΥΝΟΥ-Τσουρεκάκι-Ατομικό-75gr,0.75
2025-11-08,89027251,ECONOMY-Αναψυκτικό-Βύσσινο-Χωρίς-Ανθρακικό-5lt,1.89
2025-11-08,89027084,ECONOMY-Σφολιατίνες-Ιταλίας-125gr,1.42
2025-11-08,89026985,ECONOMY-Κύμινο-Τριμμένο-σε-γυάλινο-βαζάκι-30gr,1.59
2025-11-08,89024196,ΜΙΚΡΕΣ-ΦΑΡΜΕΣ-ΤΟΥ-ΒΟΥΝΟΥ-Παντζάρια-Ολόκληρα-500gr,0.99
2025-11-08,89023851,ECONOMY-Γάλα-Καρύδας-400ml,1.99
2025-11-08,89023183,ECONOMY-Κρουασάν-με-Βερίκοκο-50gr,0.29
2025-11-08,89020821,ECONOMY-Χαλβάς-με-Κακάο-το-Κιλό,1.8
2025-11-08,89016094,ECONOMY-Γλυκό-του-Κουταλιού-Περγαμόντο-450gr,3.99
2025-11-08,89013496,ECONOMY-Γλύκισμα-Καρύδα-Λευκή-80gr,1.39
2025-11-08,89012016,ECONOMY-Κρουασάν-με-Κρέμα-Κακάο-50gr,0.29
2025-11-08,89035835,ΜΙΚΡΕΣ-ΦΑΡΜΕΣ-ΤΟΥ-ΒΟΥΝΟΥ-Αλεύρι-Κίτρινο-Ψιλό-1kg,1.42
2025-11-08,89034574,ΜΙΚΡΕΣ-ΦΑΡΜΕΣ-ΤΟΥ-ΒΟΥΝΟΥ-Μπάρα-με-Φράουλα-Μπισκότο-_-Μαύρη-Σοκολάτα-3x35gr,1.69
2025-11-08,89032487,ECONOMY-Δυόσμος-Τριμμένος-30gr,0.99
2025-11-08,89031539,ECONOMY-Duo-Balls-Δημητριακά-με-Κακάο-_-Λευκή-Σοκολάτα-350gr,1.89
2025-11-08,89027443,ΜΙΚΡΕΣ-ΦΑΡΜΕΣ-ΤΟΥ-ΒΟΥΝΟΥ-Καφές-Φίλτρου-Κλασικός-250gr,3.99
2025-11-08,89027441,ΜΙΚΡΕΣ-ΦΑΡΜΕΣ-ΤΟΥ-ΒΟΥΝΟΥ-Ελληνικός-Καφές-194gr,2.99
2025-11-08,89027258,ΜΙΚΡΕΣ-ΦΑΡΜΕΣ-ΤΟΥ-ΒΟΥΝΟΥ-Αλεύρι-για-Όλες-τις-Χρήσεις-1kg,0.89
2025-11-08,89026731,ECONOMY-Ελιές-Καλαμών-Εκλεκτές-Ολόκληρες-200gr,2.56
2025-11-08,89026519,ΜΙΚΡΕΣ-ΦΑΡΜΕΣ-ΤΟΥ-ΒΟΥΝΟΥ-Ξύδι-Βαλσάμικο-250ml,1.59
2025-11-08,89026058,ECONOMY-Ξύδι-Γνήσιο-400ml,0.49
2025-11-08,89025987,ΜΙΚΡΕΣ-ΦΑΡΜΕΣ-ΤΟΥ-ΒΟΥΝΟΥ-Γλυκό-του-Κουταλιού-Καρυδάκι-Πορταριάς-450gr,3.99
2025-11-08,89023785,ECONOMY-Αυγά-15άδα-53-63gr,3.99
2025-11-08,89023433,ECONOMY-Κρέμα-Βαλσάμικου-250ml,1.99
2025-11-08,89023368,ECONOMY-Ζελέ-Φράουλα-Light-14-5gr,0.89
2025-11-08,89021690,ECONOMY-Κεφτεδάκια-με-Σάλτσα-280gr,2.49
2025-11-08,89020564,ECONOMY-Σταφίδα-Ξανθή-100gr,0.94
2025-11-08,89020561,ECONOMY-Καλαμπόκι-Ανάλατο-για-Pop-Corn-200gr,0.75
2025-11-08,89020558,ECONOMY-Καρυδόψιχα-Ανάλατη-Μολδαβίας-80gr,1.89
2025-11-08,89020462,ECONOMY-Lemon-Dressing-340ml,0.49
2025-11-08,89020393,ECONOMY-Αμύγδαλα-Ψημένα-Αλατισμένα-100gr,2.49
2025-11-08,89020041,ECONOMY-Αποξηραμένη-Παπάγια-Ζαχαρωμένη-200gr,2.99
2025-11-08,89019185,ECONOMY-Σάλτσα-Ζυμαρικών-με-Βασιλικό-350gr,1.59
2025-11-08,89018231,ECONOMY-Κρουτόν-150gr,1.99
2025-11-08,89015317,ECONOMY-Ζάχαρη-Καστανή-1kg,1.79
2025-11-08,89013642,ECONOMY-Αραβοσιτέλαιο-2lt,5.49
2025-11-08,89009473,ECONOMY-Ηλιόσπορος-Ψημένος-Αλατισμένος-65gr,0.66
2025-11-08,89006177,ECONOMY-Ρύζι-Καρολίνα-1kg,1.89
2025-11-08,89035157,ΜΙΚΡΕΣ-ΦΑΡΜΕΣ-ΤΟΥ-ΒΟΥΝΟΥ-Νιφάδες-Βρώμης-Ολικής-Άλεσης-500gr,1.49
2025-11-08,89025424,ECONOMY-Φασόλια-Κόκκινα-400gr,1.19
2025-11-08,89025119,ECONOMY-Πουρές-Πατάτας-5-μερίδες-125gr,0.99
2025-11-08,89023922,ΜΙΚΡΕΣ-ΦΑΡΜΕΣ-ΤΟΥ-ΒΟΥΝΟΥ-Φασόλια-Μέτρια-Λάρισας-500gr,1.85
2025-11-08,89022882,ECONOMY-Αλεύρι-Φαρίνα-500gr,0.66
2025-11-08,89021692,ECONOMY-Μανιτάρια-Τεμαχισμένα-400γρ-ΣΒ-220γρ,1.39
2025-11-08,12601016,LAVAZZA-Καφές-Espresso-Oro-Αλεσμένος-250gr,10.74
2025-11-08,89048803,ΚΑΡΑΜΟΛΕΓΚΟΣ-ΠΑΞΑΜΑΣ-με-Χαρούπι-και-Πετιμέζι-400γρ,3.89
2025-11-08,89068674,ΕΛΜΑ-Τσίχλα-Soft-Sugar-Free-28gr,2.6
2025-11-08,89068330,ΜΙΚΡΕΣ-ΦΑΡΜΕΣ-ΤΟΥ-ΒΟΥΝΟΥ-Μπισκότα-Digestive-Classic-220gr,1.19
2025-11-08,89068329,ΜΙΚΡΕΣ-ΦΑΡΜΕΣ-ΤΟΥ-ΒΟΥΝΟΥ-Μπισκότα-Digestive-0-220gr,1.59
2025-11-08,89054366,ΣΑΜΟΥΡΗ-Κρέμα-Ζαχαροπλαστικής-Βανίλια-Μαδαγασκάρης-120ml,1.29
2025-11-08,89068112,ΜΙΚΡΕΣ-ΦΑΡΜΕΣ-ΤΟΥ-ΒΟΥΝΟΥ-Μείγμα-Βοτάνων-Τόνωση-_-Ευεξία-30gr,1.99
2025-11-08,89067863,ΜΙΚΡΕΣ-ΦΑΡΜΕΣ-ΤΟΥ-ΒΟΥΝΟΥ-Μείγμα-Βοτάνων-για-Άγχος_Στρες-25gr,2.5
2025-11-08,89067423,ΠΑΠΑΔΟΠΟΥΛΟΥ-Granola-Bars-Σοκολάτα-_-Κακάο-Χωρίς-Ζάχαρη-5Χ42γρ-,3.48
2025-11-08,89067388,ΒΙΟΛΑΝΤΑ-Γκοφρετίνια-Bianca-160γρ-,1.84
2025-11-08,89054327,ΜΙΚΡΕΣ-ΦΑΡΜΕΣ-ΤΟΥ-ΒΟΥΝΟΥ-μπεσαμέλ-μείγμα-174γρ-,1.49
2025-11-08,89063641,ΚΡΙΣ-ΚΡΙΣ-Selection-Ψωμί-Τοστ-Ολικής-Άλεσης-720gr-elbisco,1.9
2025-11-08,89065375,ΜΙΚΡΕΣ-ΦΑΡΜΕΣ-ΤΟΥ-ΒΟΥΝΟΥ-Κρέμα-Καραμελέ-112γρ-,1.13
2025-11-08,89054336,ΜΙΚΡΕΣ-ΦΑΡΜΕΣ-ΤΟΥ-ΒΟΥΝΟΥ-Sweet-On-Top-Υποκατάστατο-Σαντιγί-Βανίλια-200gr,2.29
2025-11-08,89054333,ΜΙΚΡΕΣ-ΦΑΡΜΕΣ-ΤΟΥ-ΒΟΥΝΟΥ-ζελέ-με-γεύση-Φράουλα-χωρίς-ζάχαρη-14-5γρ-,0.99
2025-11-08,89054189,MR-BROWNIE-λευκά-κεκάκια-brownies-με-κομμάτια-Βέλγικης-σοκολάτα-200γρ-,2.69
2025-11-08,89054190,MR-BROWNIE-κεκάκια-brownies-με-σοκολατένια-κουφετάκια-200γρ-,2.69
2025-11-08,89053341,ΙΟΝ-Σοκολάτα-Γάλακτος-και-Λευκή-Double-100gr,2.5
2025-11-08,89053142,ΜΙΚΡΕΣ-ΦΑΡΜΕΣ-ΤΟΥ-ΒΟΥΝΟΥ-Τσουρέκι-Γεμιστό-με-Πραλίνα-500gr,9.95
2025-11-08,89053034,ΜΙΚΡΕΣ-ΦΑΡΜΕΣ-ΤΟΥ-ΒΟΥΝΟΥ-Ταχίνι-με-Στέβια-350gr,2.99
2025-11-08,89046009,ΟΛΥΜΠΟΣ-Super-Spread-Φυστικοβούτυρο-350γρ,3.95
2025-11-08,89052842,ECONOMY-Mini-Wraps-Τορτίγιες-Σίτου-8τεμ-320gr,1.42
2025-11-08,89052780,ΜΙΚΡΕΣ-ΦΑΡΜΕΣ-ΤΟΥ-ΒΟΥΝΟΥ-Μακαρόνια-Λαζανάκι-500gr,0.79
2025-11-08,89052778,ΜΙΚΡΕΣ-ΦΑΡΜΕΣ-ΤΟΥ-ΒΟΥΝΟΥ-Φιογκάκια-500gr,0.89
2025-11-08,89052608,NUTRI-VALLEY-Γαλοπούλα-Φιλέτο-Στήθος-Νερό-2x160gr,4.79
2025-11-08,89052468,ΜΙΚΡΕΣ-ΦΑΡΜΕΣ-ΤΟΥ-ΒΟΥΝΟΥ-Σοκολάτα-Γεμιστή-με-Φράουλα-με-Στέβια-42gr,1.39
2025-11-08,89052458,ΜΙΚΡΕΣ-ΦΑΡΜΕΣ-ΤΟΥ-ΒΟΥΝΟΥ-Σοκολάτα-Γάλακτος-85gr,1.69
2025-11-08,89052384,KINDER-Cards-Μπισκότα-Γεμιστά-2τεμ-25-6γρ,0.67
2025-11-08,89052295,ΜΙΚΡΕΣ-ΦΑΡΜΕΣ-ΤΟΥ-ΒΟΥΝΟΥ-Δημητριακά-Kids-Choco-Balls-375gr-,2.99
2025-11-08,89051725,ΜΙΚΡΕΣ-ΦΑΡΜΕΣ-ΤΟΥ-ΒΟΥΝΟΥ-Κρέμα-Αραβοσίτου-Βανίλια-150gr,0.89
2025-11-08,89051724,ΜΙΚΡΕΣ-ΦΑΡΜΕΣ-ΤΟΥ-ΒΟΥΝΟΥ-Κρέμα-Στιγμής-Κακάο-με-Γεύση-Φουντούκι-156gr,1.89
2025-11-08,89051654,ΜΙΚΡΕΣ-ΦΑΡΜΕΣ-ΤΟΥ-ΒΟΥΝΟΥ-Κουβερτούρα-Σοκολάτα-Λευκή-125gr,1.99
2025-11-08,89051650,HEALTHY-HABITS-Μαρμελάδα-Φρούτα-Δάσους-280gr,4.19
2025-11-08,89051647,ΜΙΚΡΕΣ-ΦΑΡΜΕΣ-ΤΟΥ-ΒΟΥΝΟΥ-Λουκούμια-Μαστίχα-280gr,3.19
2025-11-08,89051523,ΜΑΚΒΕΛ-Πένες-Ριγέ-500gr,0.94
2025-11-08,89051521,ΜΑΚΒΕΛ-Σπαγγέτι-Νο6-500gr,0.67
2025-11-08,89051107,ΕΛΜΑ-Υποβρύχιο-Μαστίχα-Χίου-300gr,2.35
2025-11-08,89051108,MASTIHA-SHOP-Υποβρύχιο-Βανίλιας-300gr,2.25
2025-11-08,89050873,ECONOMY-Σκουμπρί-σε-Σάλτσα-Τομάτας-155gr,0.99
2025-11-08,89050631,ΜΙΚΡΕΣ-ΦΑΡΜΕΣ-ΤΟΥ-ΒΟΥΝΟΥ-Χαλβάς-Κακάο-Αμύγδαλο-με-Σταφίδες-800gr,3.99
2025-11-08,89050370,ΜΙΚΡΕΣ-ΦΑΡΜΕΣ-ΤΟΥ-ΒΟΥΝΟΥ-Κουλουράκια-Πορτοκαλιού-0-Ζάχαρη-300gr,1.99
2025-11-08,89050126,NESCAFE-Dolce-Gusto-Κάψουλες-Espresso-Intenso-7-16x7gr,6.8
2025-11-08,89049948,ΜΙΚΡΕΣ-ΦΑΡΜΕΣ-ΤΟΥ-ΒΟΥΝΟΥ-Ρύζι-Καρολίνα-Ελληνικό-1kg,1.89
2025-11-08,89049947,ΜΙΚΡΕΣ-ΦΑΡΜΕΣ-ΤΟΥ-ΒΟΥΝΟΥ-Ρύζι-Γλασσέ-Ελληνικό-1kg,1.89
2025-11-08,89039188,ΣΑΜΟΥΡΗ-Ζαχαρόπαστα-Χρωματιστή-250gr,3.39
2025-11-08,89048830,ΠΑΠΑΔΟΠΟΥΛΟΥ-Μπισκότα-Βρώμης-με-Κακάο-_-Μαύρη-Σοκολάτα-155gr,1.9
2025-11-08,89048824,ΜΙΚΡΕΣ-ΦΑΡΜΕΣ-ΤΟΥ-ΒΟΥΝΟΥ-Αλεύρι-για-Τσουρέκι-1kg,1.42
2025-11-08,89048739,AGRINO-Ρυζογκοφρέτες-με-Μαύρη-Σοκολάτα-60gr,2.05
2025-11-08,89048528,ΜΙΚΡΕΣ-ΦΑΡΜΕΣ-ΤΟΥ-ΒΟΥΝΟΥ-Σοκολατάκια-Γάλακτος-με-Πραλίνα-Φουντουκιού-_-Δημητριακά-120gr,1.99
2025-11-08,89047501,ΜΙΚΡΕΣ-ΦΑΡΜΕΣ-ΤΟΥ-ΒΟΥΝΟΥ-Ελαιόλαδο-Παρθένο-Κορωνέικο-3lt,19.99
2025-11-08,89046828,ΜΙΚΡΕΣ-ΦΑΡΜΕΣ-ΤΟΥ-ΒΟΥΝΟΥ-Μπάρες-Πρωτεΐνης-Μαύρη-Σοκολάτα-Φράουλα-3x45gr,2.69
2025-11-08,89046838,ΜΙΚΡΕΣ-ΦΑΡΜΕΣ-ΤΟΥ-ΒΟΥΝΟΥ-Σταφιδοψωμάκια-με-Κράνμπερι-280gr,1.99
2025-11-08,12307020,ΗΡΑ-Αλάτι-Ψιλό-Σακούλα-1000γρ,2.3
2025-11-08,89097049,ΜΙΚΡΕΣ-ΦΑΡΜΕΣ-ΤΟΥ-ΒΟΥΝΟΥ-Τσουρέκι-Χριστουγεννιάτικο-400γρ-,1.99
2025-11-08,89096969,ΙΟΝ-Σοκοφρέτα-Γκοφρέτα-Σοκολάτα-Υγείας-Με-Στέβια-38γρ-,0.52
2025-11-08,89096940,ΚΑΤΣΕΛΗΣ-Ψωμί-Σάντουιτς-Σταρένιο-6τμχ-480γρ,1.79
2025-11-08,89096968,ΙΟΝ-Σοκοφρέτα-Γκοφρέτα-Σοκολάτας-Γάλακτος-με-Στέβια-38γρ,0.52
2025-11-08,89082235,POPHOUSE-Popcorn-Καραμέλας-Με-Γεύση-Καρύδας-180γρ,2.49
2025-11-08,89096354,ΜΙΚΡΕΣ-ΦΑΡΜΕΣ-ΤΟΥ-ΒΟΥΝΟΥ-Αλεύρι-Ολικής-Άλεσης-1kg,1.32
2025-11-08,89096589,WAWEL-Choco-Cream-με-Fudge-Καραμέλα-90γρ,1.89
2025-11-08,89096590,WAWEL-Choco-με-Peanut-Butter-87γρ,1.89
2025-11-08,89051735,ΚΑΤΣΕΛΗΣ-Διπλοζυμωτό-Ψωμί-Ολικής-500γρ,1.72
2025-11-08,89096608,L-OR-Season-Coconut-Iced-Cap-10τμχ-52γρ,4.99
2025-11-08,89082898,BIG-TASTE-Croissant-Μιλφέιγ-100γρ,0.99
2025-11-08,89088605,ΙΟΝ-Σοκολάτα-Γάλακτος-Πλακίδια-100γρ,2.0
2025-11-08,89088604,ΙΟΝ-Σοκολάτα-Αμυγδάλου-100γρ,2.0
2025-11-08,89070497,SLIM-LINE-Γλυκαντικό-Stevia-125ml,3.55
2025-11-08,89089053,D-AMICO-Μανιτάρια-Champignion-Σωτέ-180γρ,1.79
2025-11-08,89089058,D-AMICO-Σάλτσα-Ντομάτας-Βασιλικό-290γρ,1.99
2025-11-08,89003678,7D-Bake-Rolls-Pizza-80γρ,0.99
2025-11-08,89095991,ΜΙΚΡΕΣ-ΦΑΡΜΕΣ-ΤΟΥ-ΒΟΥΝΟΥ-Φρουτοσαλάτα-σε-Ελαφρύ-Σιρόπι-2Χ120γρ,1.29
2025-11-08,89096495,BIG-TASTE-Croiasssant-Πραλίνα-90γρ,0.89
2025-11-08,89088919,ΙΟΝ-Σοκολάτα-Γάλακτος-με-Ολόκληρα-Αμύγδαλα-100γρ,2.5
2025-11-08,89095450,LOTUS-Biscoff-Μπισκότα-250γρ,2.49
2025-11-08,89095679,MAPLE-CREST-Σιρόπι-για-Pancakes-330γρ,5.99
2025-11-08,89095479,SISSINI-Κρέμα-Lila-με-Γεύση-Φράουλα-400γρ,2.58
2025-11-08,89095429,ECONOMY-Ταχίνι-σε-Γυάλινο-Βάζο-350γρ,2.69
2025-11-08,89088953,ELITE-Melba-Toast-Ολικής-100γρ,2.19
2025-11-08,89096179,ΚΑΡΑΜΟΛΕΓΚΟΣ-Carre-Postachio-Cream-100γρ,1.74
2025-11-08,89096144,ΜΙΚΡΕΣ-ΦΑΡΜΕΣ-ΤΟΥ-ΒΟΥΝΟΥ-Σιρόπι-με-Γεύση-Σοκολάτα-350γρ,1.99
2025-11-08,89096094,ΜΙΚΡΕΣ-ΦΑΡΜΕΣ-ΤΟΥ-ΒΟΥΝΟΥ-Ελαιόλαδο-Άρτυμα-Μαύρη-Τρούφα-250ml,3.32
2025-11-08,89096141,ΜΙΚΡΕΣ-ΦΑΡΜΕΣ-ΤΟΥ-ΒΟΥΝΟΥ-Crispbread-με-Τομάτα-_-Βασιλικό-130γρ,1.99
2025-11-08,89096143,ΜΙΚΡΕΣ-ΦΑΡΜΕΣ-ΤΟΥ-ΒΟΥΝΟΥ-Σιρόπι-με-Γεύση-Καραμέλα-350γρ,1.99
2025-11-08,89096149,ΜΙΚΡΕΣ-ΦΑΡΜΕΣ-ΤΟΥ-ΒΟΥΝΟΥ-Mini-Bites-με-Γέμιση-Κρέμα-Βανίλια-120γρ,0.99
2025-11-08,89096140,ΜΙΚΡΕΣ-ΦΑΡΜΕΣ-ΤΟΥ-ΒΟΥΝΟΥ-Crispbread-με-Τυρί-_-Κρεμμύδι-130γρ,1.99
2025-11-08,89089060,D-AMICO-Αγγουράκια-300γρ-300γρ-σταθερό-βάρος-150γρ,1.99
2025-11-08,89089061,D-AMICO-Αγκινάρες-Ρουστίκ-280γρ,2.69
2025-11-08,89095801,ΜΙΚΡΕΣ-ΦΑΡΜΕΣ-ΤΟΥ-ΒΟΥΝΟΥ-Ρεβύθια-έτοιμα-Βάζο-540γρ-Σ-Β-400γρ,1.89
2025-11-08,89095842,ΜΙΚΡΕΣ-ΦΑΡΜΕΣ-ΤΟΥ-ΒΟΥΝΟΥ-Μείγμα-Panna-Cotta-2Χ65γρ-130γρ,1.59
2025-11-08,89095238,ΜΙΚΡΕΣ-ΦΑΡΜΕΣ-ΤΟΥ-ΒΟΥΝΟΥ-Μαρμελάδα-Μήλο-Βάζο-400γρ,1.89
2025-11-08,89082973,ΜΙΚΡΕΣ-ΦΑΡΜΕΣ-ΤΟΥ-ΒΟΥΝΟΥ-Ζάχαρη-Λευκή-Κρυσταλλική-1Kg,0.79
2025-11-08,89095693,ΜΙΚΡΕΣ-ΦΑΡΜΕΣ-ΤΟΥ-ΒΟΥΝΟΥ-Γκότζι-Μπέρι-Αποξηραμένο-75γρ,2.49
2025-11-08,89095641,ΜΙΚΡΕΣ-ΦΑΡΜΕΣ-ΤΟΥ-ΒΟΥΝΟΥ-Τοματάκια-Cherry-Ιταλίας-400γρ,0.99
2025-11-08,89089198,CONDITO-Μαγιονέζα-Top-Down-Χωρίς-Γλουτένη-435ml,3.49
2025-11-08,89089062,D-AMICO-Άλειμμα-Λιαστής-Τομάτας-130γρ,1.99
2025-11-08,89095455,LOTUS-Biscoff-Μπισκότα-6χ2τεμ-93γρ,1.39
2025-11-08,89089211,TASTY-Doritos-Snack-Nacho-90γρ,1.49
2025-11-08,89095451,LOTUS-Biscoff-Μπισκότα-Γεμιστά-με-Σοκολάτα-Γάλακτος-150γρ,2.09
2025-11-08,89089189,LAY-S-Chips-Αλάτι-140γρ,1.95
2025-11-08,89095033,ΜΙΚΡΕΣ-ΦΑΡΜΕΣ-ΤΟΥ-ΒΟΥΝΟΥ-Κρίταμο-Βιολογικό-Χίου-370γρ-ΣΒ-125γρ,3.99
2025-11-08,89089330,LOR-Espresso-Caps-Lungo-Maranello-10τεμ-52γρ,4.99
2025-11-08,89089331,LOR-Espresso-Caps-Brazil-10τεμ-52γρ,4.99
2025-11-08,89089340,ΠΑΠΑΔΟΠΟΥΛΟΥ-Φρυγανιές-Σταρένιες-510γρ,1.99
2025-11-08,89088886,ΜΑΚΒΕΛ-Κριθαράκι-με-Χαμηλό-Γλαυκαιμικό-Δείκτη-400γρ,1.13
2025-11-08,89089303,ΜΙΚΡΕΣ-ΦΑΡΜΕΣ-ΤΟΥ-ΒΟΥΝΟΥ-Κράνμπερι-Αποξηραμένα-Επανυδατωμένα-200γρ,2.99
2025-11-08,89088920,FORMA-Φρυγανιές-Σίτου-οικ-συσκευασία-500γρ-,1.25
2025-11-08,89039463,LUTECE-Μανιτάρια-Κομμέννα-200γρ-ΣΒ-115γρ,1.55
2025-11-08,89089052,CHOCOYOKO-Dubai-Chocolate-100γρ,3.99
2025-11-08,89084790,ΜΙΚΡΕΣ-ΦΑΡΜΕΣ-ΤΟΥ-ΒΟΥΝΟΥ-Μείγμα-για-Pancakes-250γρ,1.19
2025-11-08,89088842,ECONOMY-Sweet-Απομίμηση-Σοκολάτα-Γάλακτος-100γρ,0.89
2025-11-08,89088843,ECONOMY-Sweet-Απομίμηση-Μαύρη-Σοκολάτα-100γρ,0.89
2025-11-08,89088568,ΜΙΚΡΕΣ-ΦΑΡΜΕΣ-ΤΟΥ-ΒΟΥΝΟΥ-We-Like-Cup-Κοτόπουλο-75γρ,0.99
2025-11-08,89088600,ΜΙΚΡΕΣ-ΦΑΡΜΕΣ-ΤΟΥ-ΒΟΥΝΟΥ-Gourmet-Καφές-Φίλτρου-Φουντούκι-250γρ,5.99
2025-11-08,89084670,ΜΙΚΡΕΣ-ΦΑΡΜΕΣ-ΤΟΥ-ΒΟΥΝΟΥ-Νιφάδες-Δημητριακών-επικαλυμμένες-με-σοκολάτα-γάλακτος-90γρ-,1.99
2025-11-08,89088740,ECONOMY-Κομπόστα-Φρούτα-Κοκτέιλ-820gr,2.49
2025-11-08,89082798,ΜΙΚΡΕΣ-ΦΑΡΜΕΣ-ΤΟΥ-ΒΟΥΝΟΥ-Cake-Μπισκότα-Πορτοκάλι-125γρ,1.19
2025-11-08,89084698,ΠΑΥΛΙΔΗΣ-Σοκολάτα-Υγείας-Αμύγδαλο-_-Βύσσινο-100γρ,2.85
2025-11-08,89084681,ΜΙΚΡΕΣ-ΦΑΡΜΕΣ-ΤΟΥ-ΒΟΥΝΟΥ-Granola-Σοκολάτα-_-Μπανάνα-450γρ,2.99
2025-11-08,89084784,ΜΙΚΡΕΣ-ΦΑΡΜΕΣ-ΤΟΥ-ΒΟΥΝΟΥ-Κριτσίνι-Μακεδονικό-Πολύσπορο-160γρ,1.69
2025-11-08,89084835,ΜΙΚΡΕΣ-ΦΑΡΜΕΣ-ΤΟΥ-ΒΟΥΝΟΥ-Κάψουλες-Ncc-Ristretto-10τεμ-52γρ,2.69
2025-11-08,89084786,ΜΙΚΡΕΣ-ΦΑΡΜΕΣ-ΤΟΥ-ΒΟΥΝΟΥ-Κριτσίνι-Μακεδονικό-Ηλιόσπορου-180γρ,1.69
2025-11-08,89084785,ΜΙΚΡΕΣ-ΦΑΡΜΕΣ-ΤΟΥ-ΒΟΥΝΟΥ-Κριτσίνι-Μακεδονικό-Καλαμποκιού-150γρ,1.69
2025-11-08,89084777,ΜΙΚΡΕΣ-ΦΑΡΜΕΣ-ΤΟΥ-ΒΟΥΝΟΥ-Τσίχλα-με-Κανέλα-Χωρίς-Ζάχαρη-13γρ,0.66
2025-11-08,89088435,ΜΙΚΡΕΣ-ΦΑΡΜΕΣ-ΤΟΥ-ΒΟΥΝΟΥ-Φέτες-Παξιμαδιού-Λαδιού-με-Γλυκάνισο-Λέσβου-400γρ,2.84
2025-11-08,89049024,TORRAS-Σοκολάτα-Υγείας-72-Κακάο-Χωρίς-Γλουτένη-75γρ,2.59
2025-11-08,89078267,ΜΙΚΡΕΣ-ΦΑΡΜΕΣ-ΤΟΥ-ΒΟΥΝΟΥ-Παξιμάδια-Κυθήρων-Λαδιού-300γρ,2.99
2025-11-08,89082535,ΜΙΚΡΕΣ-ΦΑΡΜΕΣ-ΤΟΥ-ΒΟΥΝΟΥ-Μουστάρδα-Απαλή-Topdown-Pet-520γρ,1.56
2025-11-08,89078265,ΜΙΚΡΕΣ-ΦΑΡΜΕΣ-ΤΟΥ-ΒΟΥΝΟΥ-Παξιμάδια-Κυθήρων-Λιαστή-Ντομάτα-_-Θυμάρι-300γρ,3.49
2025-11-08,89079727,ΜΙΚΡΕΣ-ΦΑΡΜΕΣ-ΤΟΥ-ΒΟΥΝΟΥ-Μπάρα-Πρωτεΐνης-Μπανάνα-60γρ,0.99
2025-11-08,89079835,ΜΙΚΡΕΣ-ΦΑΡΜΕΣ-ΤΟΥ-ΒΟΥΝΟΥ-Βάφλες-Κακάο-με-Επικάλυψη-Κρέμα-Κακάο-155γρ,1.39
2025-11-08,89079836,ΜΙΚΡΕΣ-ΦΑΡΜΕΣ-ΤΟΥ-ΒΟΥΝΟΥ-Βάφλες-με-Επικάλυψη-Τσιζκέικ-Σμέουρο-155γρ,1.39
2025-11-08,89078144,ΜΙΚΡΕΣ-ΦΑΡΜΕΣ-ΤΟΥ-ΒΟΥΝΟΥ-Chutney-Τομάτας-με-Τσίλι-230γρ,2.24
2025-11-08,89079517,ΚΑΡΑΜΟΛΕΓΚΟΣ-Ψωμί-σε-Φέτες-Ζέας-500γρ,2.35
2025-11-08,89078590,ΜΙΚΡΕΣ-ΦΑΡΜΕΣ-ΤΟΥ-ΒΟΥΝΟΥ-Μπάρες-Δημητριακών-Σοκολάτα-Γάλακτος-6Χ23γρ,1.99
2025-11-08,89078589,ΜΙΚΡΕΣ-ΦΑΡΜΕΣ-ΤΟΥ-ΒΟΥΝΟΥ-Μπάρες-Δημητριακών-Μαύρη-Σοκολάτα-6Χ23γρ,1.99
2025-11-08,89078494,ΜΙΚΡΕΣ-ΦΑΡΜΕΣ-ΤΟΥ-ΒΟΥΝΟΥ-Μαγιονέζα-με-Αυγά-Ελευθέρας-Βοσκής-400ml,2.49
2025-11-08,89078496,ΜΙΚΡΕΣ-ΦΑΡΜΕΣ-ΤΟΥ-ΒΟΥΝΟΥ-Αρακάς-Λαδερός-σε-Σάλτσα-280γρ,1.99
2025-11-08,89078517,ΜΙΚΡΕΣ-ΦΑΡΜΕΣ-ΤΟΥ-ΒΟΥΝΟΥ-Flap-Jack-Βρώμης-Σοκολάτα-65γρ,0.79
2025-11-08,89078429,ΜΙΚΡΕΣ-ΦΑΡΜΕΣ-ΤΟΥ-ΒΟΥΝΟΥ-Μαρμελάδα-Φράουλα-με-Στέβια-330γρ,2.69
2025-11-08,89078441,JUMBO-Classic-Γαριδάκια-90γρ,1.1
2025-11-08,89078392,TEKMAR-Μπάρα-25-Πρωτεΐνη-Σοκολάτα-_-Μαγνήσιο-50γρ,2.49
2025-11-08,89078179,ΜΑΚΒΕΛ-Σπαγγέτι-Νο6-Χαμηλού-Γλυκαιμικού-Δείκτη-400γρ,1.13
2025-11-08,89078303,ΜΙΚΡΕΣ-ΦΑΡΜΕΣ-ΤΟΥ-ΒΟΥΝΟΥ-Kids-Χυλοπιτάκι-με-Κατσικίσιο-Γάλα-250γρ,2.69
2025-11-08,89071322,ΜΙΚΡΕΣ-ΦΑΡΜΕΣ-ΤΟΥ-ΒΟΥΝΟΥ-Μπισκοτρέλα-250γρ,0.99
2025-11-08,89071285,ΜΙΚΡΕΣ-ΦΑΡΜΕΣ-ΤΟΥ-ΒΟΥΝΟΥ-Τραχανάς-Γλυκός-Αχαΐας-Αυγά-_-Γάλα-500γρ,2.55
2025-11-08,89071318,ΜΙΚΡΕΣ-ΦΑΡΜΕΣ-ΤΟΥ-ΒΟΥΝΟΥ-Σοκολάτα-Γάλακτος-με-γκοφρέτα-75γρ,1.29
2025-11-08,89071319,ΜΙΚΡΕΣ-ΦΑΡΜΕΣ-ΤΟΥ-ΒΟΥΝΟΥ-Σοκολάτα-Μαύρη-με-Γκοφρέτα-75γρ,1.29
2025-11-08,89052786,ΤΣΑΝΑΚΙΑ-Σνακς-με-Φυσικό-Μούστο-70γρ,0.99
2025-11-08,89052156,ΤΣΑΝΟΣ-Κριτσίνια-Ολικής-Άλεσης-55γρ,0.99
2025-11-08,89052785,ΤΣΑΝΑΚΙΑ-Σνακς-με-Καρότο-60γρ,0.99
2025-11-08,89071150,ΜΙΚΡΕΣ-ΦΑΡΜΕΣ-ΤΟΥ-ΒΟΥΝΟΥ-Passata-Χυμός-Τομάτας-500γρ,0.59
2025-11-08,89071138,BENS-Original-Ρύζι-Basmati-2-λεπτών-220γρ,2.39
2025-11-08,89070874,ΜΙΚΡΕΣ-ΦΑΡΜΕΣ-ΤΟΥ-ΒΟΥΝΟΥ-Κουσκουσάκι-500γρ,0.79
2025-11-08,89070994,ΜΙΚΡΕΣ-ΦΑΡΜΕΣ-ΤΟΥ-ΒΟΥΝΟΥ-Μελιτζάνες-Ιμάμ-280γρ,1.99
2025-11-08,89070990,ΜΙΚΡΕΣ-ΦΑΡΜΕΣ-ΤΟΥ-ΒΟΥΝΟΥ-Μηλόπιτα-Ατομική-100γρ,0.85
2025-11-08,89070973,ΜΙΚΡΕΣ-ΦΑΡΜΕΣ-ΤΟΥ-ΒΟΥΝΟΥ-σάλτσα-Hot-Chilli-250ml,1.99
2025-11-08,89070107,CHOCO-BIG-κρουασάν-σοκολάτα-250γρ-2-00€,1.99
2025-11-08,89070668,ORBIT-τσίχλα-refreshers-φράουλα-λεμόνι-χωρίς-ζάχαρη-μπουκάλι-67γρ,2.99
2025-11-08,89070640,ΤΣΑΝΟΣ-κριτσίνια-με-σουμάμι-120γρ,1.99
2025-11-08,89070642,ΤΣΑΝΟΣ-κριτσίνια-πολύσπορα-120γρ,1.99
2025-11-08,89070641,ΤΣΑΝΟΣ-κριτσίνια-ολικής-120γρ,1.99
2025-11-08,89070625,ECONOMY-ζωμός-κότας-12τεμ-120γρ,0.89
2025-11-08,89070626,ECONOMY-ζωμός-βοδινού-12τεμ-120γρ,0.89
2025-11-08,89070283,ECONOMY-δημητριακά-muesli-φρούτα-750γρ,3.99
2025-11-08,89070250,ΜΙΚΡΕΣ-ΦΑΡΜΕΣ-ΤΟΥ-ΒΟΥΝΟΥ-σιτάρι-ελληνικό-500γρ,1.19
2025-11-08,89069978,ΑΛΛΑΤΙΝΗ-soft-kings-cookies-dark-160gr,2.18
2025-11-08,89069491,ΚΡΙΣ-ΚΡΙΣ-Selection-Ψωμί-Σάντουιτς-Ολικής-Άλεσης-320gr,1.98
2025-11-08,89069497,ΜΙΚΡΕΣ-ΦΑΡΜΕΣ-ΤΟΥ-ΒΟΥΝΟΥ-Μπισκότα-Cookies-Soft-με-σοκολάτα-γάλακτος-160gr,1.49
2025-11-08,89069566,ΜΙΚΡΕΣ-ΦΑΡΜΕΣ-ΤΟΥ-ΒΟΥΝΟΥ-Γκοφρέτες-με-επικάλυψη-και-κρέμα-κακάο-160gr,1.39
2025-11-08,89069586,ECONOMY-mini-cookies-με-κομματάκια-κακάο-125gr,0.99
2025-11-08,89043517,ΗΠΕΙΡΩΤΙΚΑ-ΑΥΓΑ-Ελευθέρας-Βοσκής-Large-6τεμ-63-73gr,3.69
2025-11-08,89046240,ΜΙΚΡΕΣ-ΦΑΡΜΕΣ-ΤΟΥ-ΒΟΥΝΟΥ-Ρυζογκοφρέτες-Πολυδημητριακών-115gr,0.85
2025-11-08,89046239,ΜΙΚΡΕΣ-ΦΑΡΜΕΣ-ΤΟΥ-ΒΟΥΝΟΥ-Σιταρογκοφρέτες-Πολύσπορες-125gr,0.85
2025-11-08,89043004,ΣΑΜΟΥΡΗ-Πράσινο-Χρώμα-Ζαχαροπλαστικής-Βρώσιμο-28ml,2.29
2025-11-08,89043003,ΣΑΜΟΥΡΗ-Χρώμα-Ζαχαροπλαστικής-Κόκκινο-28ml,2.29
2025-11-08,89036193,TORRAS-Σοκολάτα-Υγείας-με-Πορτοκάλι-_-Γλυκαντικό-75gr,2.59
2025-11-08,89038122,BIO-FARMA-Σταφίδα-Κορινθιακή-Βιολογική-200gr,2.24
2025-11-08,89037545,BONJOUR-Κρουασάν-με-Πραλίνα-Φουντουκιού-150gr,1.05
2025-11-08,89037221,ΛΟΥΜΙΔΗΣ-Παπαγάλος-Ελληνικός-Καφές-Κουπάτος-143gr,3.79
2025-11-08,89036528,Amaretti-Γκοφρετάκια-με-Γέμιση-Κρέμα-Φουντουκιού-68gr,0.66
2025-11-08,89036419,ΒΛΑΧΑΚΗ-Ασπράδι-Αυγού-Παστεριωμένο-500ml,3.84
2025-11-08,89036359,TRIDENT-Senses-Τσίχλες-Καρπούζι-27gr-1€,0.99
2025-11-08,89036358,TRIDENT-Senses-Τσίχλες-Δυόσμος-27gr-1€,0.99
2025-11-08,89035831,DOUWE-EGBERTS-Hazelnut-Καφές-Στιγμιαίος-Φουντούκι-100gr,8.89
2025-11-08,89035087,TIPIAK-Κρουτόν-για-Σαλάτα-Caesar-50gr,0.99
2025-11-08,89034318,ΣΑΜΟΥΡΗ-Τρούφα-Σοκολάτα-Υγείας-90gr,1.85
2025-11-08,89032288,ΣΤΕΡΓΙΟΥ-Βιεννέζικο-Κρουασάν-με-Κρέμα-Σοκολάτα-120gr,1.05
2025-11-08,89032287,BIO-FARMA-Σταφίδα-Ξανθή-Βιολογική-200gr,2.24
2025-11-08,89030955,ION-Σοκολάτα-Γάλακτος-Φουντουκιού-με-Stevia-60gr,1.75
2025-11-08,89028096,ΜΠΑΡΜΠΑ-ΣΤΑΘΗΣ-Σάλτσα-Τομάτας-για-Λαδερά-370gr,1.29
2025-11-08,89027589,ΧΡΥΣΑ-ΑΥΓΑ-Βιολογικά-Medium-4τεμ-,3.38
2025-11-08,89026729,ANATOLI-Κακουλέ-Κάρδαμο-Τριμμένο-8gr,1.65
2025-11-08,89026728,ANATOLI-Μείγμα-για-Barbecue-φάκελος-25gr,1.25
2025-11-08,89026696,ΚΑΤΣΕΛΗΣ-Ψωμί-Toστ-Σταρένιο-720gr,1.47
2025-11-08,89023625,FOFICO-Σνακ-100gr,1.1
2025-11-08,89023283,ΕΥΡΙΠΟΣ-Φύλλα-Αιγύπτου-Αλεξανδρείας-10φακ-x1gr,1.7
2025-11-08,89022875,MERENDA-Πραλίνα-Φουντουκιού-570gr,5.12
2025-11-08,89021131,MERENDA-Πραλίνα-Φουντουκιού-360gr,3.59
2025-11-08,89020965,ΚΑΡΑΜΟΛΕΓΚΟΣ-Αξιαγάπιτες-Πίτες-Μεγάλες-820gr,2.12
2025-11-08,89019806,LACTA-Γκοφρέτα-με-Σοκολάτα-Γάλακτος-28-5gr,0.59
2025-11-08,89017794,ΤΟΠ-Κρέμα-Βαλσάμικου-200ml,2.7
2025-11-08,89017049,ΓΙΩΤΗΣ-Sweet-_-Balance-Επιτραπέζιο-Γλυκαντικό-Σε-Σκονη-Stevia-80gr,3.19
2025-11-08,89013412,ΤΣΑΝΟΣ-Μπουκιές-Κρίθινες-Επτάζυμες-400gr,3.65
2025-11-08,89011740,ΓΙΩΤΗΣ-Sweet-_-Balance-Γλυκαντικό-με-Στέβια-σε-Δισκία-6-5gr,2.79
2025-11-08,89011667,BLUE-DRAGON-Sauce-Σόγιας-Σκούρη-150ml,1.85
2025-11-08,89009032,BIO-FARMA-Passata-Ελαφρά-Συμπυκνωμένος-Χυμός-Τομάτας-Βιολογικός-500γρ,1.65
2025-11-08,89006507,BRAVO-Ελληνικός-Καφές-Κλασικός-95gr,2.59
2025-11-08,89004559,ΑΥΓΑ-ΒΛΑΧΑΚΗ-Αχυρώνα-Καλαμπόκι-6αδα-53-63g,3.3
2025-11-08,89004557,ΒΛΑΧΑΚΗ-Αυγά-Βιολογικά-Medium-4τεμ-53-63gr,3.28
2025-11-08,89001961,ΚΥΚΝΟΣ-Passata-Ελαφρά-Συμπυκνωμένος-Χυμός-Τομάτας-500gr,0.75
2025-11-08,89001420,ΣΤΕΡΓΙΟΥ-Κέικ-Ανάμικτο-400gr,3.85
2025-11-08,13209024,ΠΑΡΟΣ-ΣΙΦΝΑΙΟΥ-Ξίδι-Σπέσιαλ-390ml,0.95
2025-11-08,13201005,ΜΙΝΕΡΒΑ-Ελαιόλαδο-Κλασικό-1lt,9.98
2025-11-08,12607022,NESCAFE-Classic-Decaf-Καφές-Στιγμιαίος-100gr,6.29
2025-11-08,12603001,ΛΟΥΜΙΔΗΣ-Παπαγάλος-Ελληνικός-Καφές-Παραδοσιακός-194gr,5.15
2025-11-08,12601088,ILLY-Καφές-Espresso-Classico-Αλεσμένος-125gr,5.69
2025-11-08,12601043,ILLY-Καφές-Espresso-Classico-Αλεσμένος-250gr,10.95
2025-11-08,12508132,ΚΥΚΝΟΣ-Κέτσαπ-Απλή-Γυάλινη-Φιάλη-330gr,1.74
2025-11-08,12504001,ΚΥΚΝΟΣ-Τοματοπολτός-28-Συμπύκνωση-410gr,1.99
2025-11-08,12311022,ΕΥΡΙΠΟΣ-Κανελογαρύφαλλο-20φακ-x1-5gr,3.29
2025-11-08,12311016,ΕΥΡΙΠΟΣ-Μελισσόχορτο-20-Φακ,3.59
2025-11-08,12311007,ΕΥΡΙΠΟΣ-Μέντα-10φακ-x1gr,0.99
2025-11-08,12309248,ΕΥΡΙΠΟΣ-Πράσινο-Τσάι-25φακ-x1-5gr,2.49
2025-11-08,12308012,ΕΥΡΙΠΟΣ-Δυόσμος-Χωριό-30gr,1.19
2025-11-08,12307006,ΚΑΛΑΣ-Αλάτι-Μαγειρικό-400gr,1.85
2025-11-08,12306270,ANATOLI-Κύμινο-Τριμμένο-30gr,1.59
2025-11-08,12004008,ΝΟΥΝΟΥ-Γάλα-Εβαπορέ-Light-Μερίδες-Δίχτυ-10x15gr,1.3
2025-11-08,12002003,ΝΟΥΝΟΥ-Γάλα-Ζαχαρούχο-Συμπυκνωμένο-397gr,1.94
2025-11-08,11804062,ΓΙΩΤΗΣ-Sweet-_-Balance-Φρούι-Ζελέ-Φράουλα-Stevia-20gr,1.85
2025-11-08,11804040,ΓΙΩΤΗΣ-Φρουί-Ζελέ-με-Γεύση-Μπανάνα-2x100gr,1.7
2025-11-08,11802011,ΓΙΩΤΗΣ-Άνθος-Αραβοσίτου-Βανίλια-43gr,0.47
2025-11-08,11802006,ΓΙΩΤΗΣ-Άνθος-Αραβοσίτου-Βανίλια-62gr,0.97
2025-11-08,11703008,3ΑΛΦΑ-Ρεβύθια-Αποφλοιωμένα-Εισαγωγής-500gr,3.75
2025-11-08,11702003,3ΑΛΦΑ-Φακές-Ψιλές-Εισαγωγής-500gr,2.41
2025-11-08,11701007,3ΑΛΦΑ-Φασόλια-Μέτρια-Εισαγωγής-500gr,2.75
2025-11-08,11604030,AGRINO-Φάνσυ-Ρύζι-Blue-Rose-Ελληνικό-500gr,2.35
2025-11-08,11604007,AGRINO-Ρύζι-Parboiled-Bella-500gr,2.75
2025-11-08,11602002,3ΑΛΦΑ-Ρύζι-Γλασσέ-500gr,1.95
2025-11-08,11503045,BARILLA-Collezione-Λαζάνια-με-Αυγά-500γρ,3.39
2025-11-08,11502468,BARILLA-Collezione-Λινγκουίνι-500gr,1.74
2025-11-08,11502160,BARILLA-Πέννες-Ριγέ-500gr,1.75
2025-11-08,11502152,MISKO-Τριβελάκι-500gr,1.24
2025-11-08,11501267,BARILLA-Σπαγγετόνι-No7-500gr,1.47
2025-11-08,11501262,BARILLA-Σπαγγετίνη-Νο3-500γρ,1.47
2025-11-08,11501171,MISKO-Μακαρόνια-για-Παστίτσιο-Nο2-500gr,1.24
2025-11-08,11401048,ΑΥΓΑ-ΒΛΑΧΑΚΗ-Φρέσκα-Αχυρώνα-XL-6τεμ-,3.58
2025-11-08,11204196,BIO-FARMA-Ζάχαρη-Ζαχαροκάλαμου-Βιολογική-500gr,2.19
2025-11-08,11202003,ΖΩΓΡΑΦΟΣ-Μαρμελάδα-Φράουλα-Light-με-Φρουκτόζη-415gr,3.45
2025-11-08,11101009,ΓΙΩΤΗΣ-Φαρίνα-Πορτοκάλι-500gr,1.49
2025-11-08,11007172,ΣΤΕΡΓΙΟΥ-Κρουασανάκια-Βουτύρου-260gr,2.45
2025-11-08,11001444,ΚΑΡΑΜΟΛΕΓΚΟΣ-Ψωμί-Τοστ-Ψίχα-Σταρένιο-480γρ,2.68
2025-11-08,11001045,ΚΑΡΑΜΟΛΕΓΚΟΣ-Ψωμί-Τοστ-Πολύσπορο-Ολικής-Άλεσης-Με-Προζύμι-340gr,1.51
2025-11-08,10906375,EL-SABOR-Nacho-Chips-Καλαμποκιού-με-Chili-100gr,1.1
2025-11-08,10707022,AMARETTI-Γκοφρέτα-Κακάο-68gr,0.69
2025-11-08,10702071,KINDER-Bueno-Γκοφρέτα-43γρ,0.99
2025-11-08,89040335,ΠΑΠΑΔΟΠΟΥΛΟΥ-Μπισκότα-Μιράντα-30-Λιγότερη-Ζάχαρη-250gr,1.83
2025-11-08,89006870,ΠΑΠΑΔΟΠΟΥΛΟΥ-Digestive-Bar-Κρέμα-Σοκολάτα-_-Σοκολάτα-5Χ28γρ,2.95
2025-11-08,11003016,ΠΑΠΑΔΟΠΟΥΛΟΥ-Krispies-Παξιμάδια-Σίτου-200gr,1.6
2025-11-08,10708471,ΠΑΠΑΔΟΠΟΥΛΟΥ-Μπισκότα-Digestive-Χωρίς-Ζάχαρη-250gr,2.15
2025-11-08,10708178,ΠΑΠΑΔΟΠΟΥΛΟΥ-Cookies-Μπισκότα-με-Κομμάτια-Σοκολάτας-_-Κακάο-180gr,1.65
2025-11-08,10708125,ΠΑΠΑΔΟΠΟΥΛΟΥ-Μπισκότα-Πτι-Μπερ-225gr,1.13
2025-11-08,89043519,ECONOMY-Αυγά-6άδα-73-γρ,2.69
2025-11-08,89043420,ΜΙΚΡΕΣ-ΦΑΡΜΕΣ-ΤΟΥ-ΒΟΥΝΟΥ-Πυρηνέλαιο-1lt,4.49
2025-11-08,89043232,Κέικ-Swiss-Roll-Επικάλυψη-Κακάο-με-Γέμιση-Βανίλια-_-Φράουλα-300gr,1.89
2025-11-08,89042952,ΜΙΚΡΕΣ-ΦΑΡΜΕΣ-ΤΟΥ-ΒΟΥΝΟΥ-Νιφάδες-Ολικής-με-Σοκολάτα-_-Φράουλα-375gr,3.49
2025-11-08,89042928,ΜΙΚΡΕΣ-ΦΑΡΜΕΣ-ΤΟΥ-ΒΟΥΝΟΥ-Δίχρωμη-Πραλίνα-με-Κακάο-_-Βανίλια-380gr,2.99
2025-11-08,89042908,ΜΙΚΡΕΣ-ΦΑΡΜΕΣ-ΤΟΥ-ΒΟΥΝΟΥ-Oat-Flakes-Τραγανή-Βρώμη-_-Μπισκότο-375gr,2.99
2025-11-08,89042907,ECONOMY-Τορτίγιες-Ολικής-Άλεσης-25cm-4τεμ-240gr,1.19
2025-11-08,89038400,ECONOMY-Μαλακά-Μπισκότα-με-Ροδάκινο-_-Επικάλυψη-Σοκολάτας-125gr,0.99
2025-11-08,89037946,ΜΙΚΡΕΣ-ΦΑΡΜΕΣ-ΤΟΥ-ΒΟΥΝΟΥ-Πιλάφι-με-Βασιλομανίταρο-350gr,2.29
2025-11-08,89037944,ΜΙΚΡΕΣ-ΦΑΡΜΕΣ-ΤΟΥ-ΒΟΥΝΟΥ-Οσπριάδα-Με-Πληγούρι-_-Δάφνη-400-γρ-,2.18
2025-11-08,89037428,ΜΙΚΡΕΣ-ΦΑΡΜΕΣ-ΤΟΥ-ΒΟΥΝΟΥ-Τσουρέκι-Θεσσαλικό-Παραδοσιακό-450γρ-,2.29
2025-11-08,89037202,ΜΙΚΡΕΣ-ΦΑΡΜΕΣ-ΤΟΥ-ΒΟΥΝΟΥ-Φασόλια-Μέτρια-Γιαχνί-280γρ-,1.69
2025-11-08,89035522,ECONOMY-Γκοφρέτα-με-Γέμιση-Κρέμα-Κακάο-32gr,0.37
2025-11-08,89035521,ECONOMY-Γκοφρέτα-με-Γέμιση-Κρέμα-Γάλακτος-32gr,0.37
2025-11-08,89035084,ECONOMY-Γάλα-Ζαχαρούχο-Συμπυκνωμένο-8-Λιπαρά-397gr,1.49
2025-11-08,89034928,ECONOMY-Σαρδέλες-Πικάντικες-σε-Φυτικό-Λάδι-125gr,1.23
2025-11-08,89034035,ECONOMY-Ζάχαρη-Καστανή-500γρ,1.29
2025-11-08,89032620,ΜΙΚΡΕΣ-ΦΑΡΜΕΣ-ΤΟΥ-ΒΟΥΝΟΥ-Λουκούμια-Κοκτέιλ-300gr,2.99
2025-11-08,89032460,ECONOMY-Τονοσαλάτα-Μεξικάνα-2x160gr,3.69
2025-11-08,89032324,ΜΙΚΡΕΣ-ΦΑΡΜΕΣ-ΤΟΥ-ΒΟΥΝΟΥ-Κέικ-Με-Κακάο-400gr,3.49
2025-11-08,89031418,ECONOMY-Ρεβύθια-Χονδρά-Εισαγωγής-500γρ,1.65
2025-11-08,89031256,ΜΙΚΡΕΣ-ΦΑΡΜΕΣ-ΤΟΥ-ΒΟΥΝΟΥ-Μείγμα-Ωμών-Ξηρών-Καρπών-με-Κράνμπερι-150γρ,2.99
2025-11-08,89031204,ECONOMY-Τόνος-Τεμαχισμένος-σε-Ηλιέλαιο-3x80γρ,2.99
2025-11-08,89029649,ΜΙΚΡΕΣ-ΦΑΡΜΕΣ-ΤΟΥ-ΒΟΥΝΟΥ-Μέλι-Θυμαρίσιο-900gr,9.99
2025-11-08,89029590,ECONOMY-Φασόλια-Μέτρια-Εισαγωγής-500γρ,1.49
2025-11-08,89029071,ECONOMY-Κρουασάν-με-Κεράσι-50gr,0.29
2025-11-08,89027749,ΜΙΚΡΕΣ-ΦΑΡΜΕΣ-ΤΟΥ-ΒΟΥΝΟΥ-Μακαρόνια-Νo3-500gr,0.69
2025-11-08,89027748,ΜΙΚΡΕΣ-ΦΑΡΜΕΣ-ΤΟΥ-ΒΟΥΝΟΥ-Πέννες-Ριγέ-500gr,0.79
2025-11-08,89027746,ΜΙΚΡΕΣ-ΦΑΡΜΕΣ-ΤΟΥ-ΒΟΥΝΟΥ-Σπαγγετίνη-Νο10-500gr,0.69
2025-11-08,89027688,ECONOMY-Πιπέρι-Λευκό-Τριμμένο-σε-γυάλινο-βάζο-50gr,1.99
2025-11-08,89027459,ECONOMY-Κανέλα-Τριμμένη-40gr,1.59
2025-11-08,89027299,ECONOMY-Πιπέρι-Μαύρο-Τριμμένο-45gr,1.89
2025-11-08,89027252,ECONOMY-Αναψυκτικό-Πορτοκάλι-Χωρίς-Ανθρακικό-5lt,1.89
2025-11-08,89027180,ECONOMY-Γαρύφαλλο-Τριμμένο-30gr,1.99
2025-11-08,89027091,ECONOMY-Τόνος-Τεμαχισμένος-σε-Νερό-160gr,1.79
2025-11-08,89026988,ECONOMY-Σόδα-σε-γυάλινο-βάζο-380gr,1.8
2025-11-08,89026019,ECONOMY-Γάλα-Συμπυκνωμένο-Πλήρες-7-5-Λιπαρά-410gr,0.99
2025-11-08,89025486,ECONOMY-Μαρμελάδα-Κεράσι-Γυάλινο-Βάζο-450gr,2.39
2025-11-08,89024798,ECONOMY-Πλεξουδάκια-Κανέλας-300gr,2.79
2025-11-08,89023967,ECONOMY-Χαλβάς-Βανίλια-400gr,2.84
2025-11-08,89023784,ECONOMY-Αυγά-10άδα-63-73γρ,3.69
2025-11-08,89021689,ECONOMY-Αλάτι-Ροζ-Ιμαλαΐων-500γρ,1.19
2025-11-08,89020820,ECONOMY-Χαλβάς-Βανίλια-το-Κιλό,1.2
2025-11-08,89012081,ECONOMY-Τορτίγιας-Wrap-6τεμ-370γρ,1.79
2025-11-08,89005866,ECONOMY-Αυγά-10άδα-53-63γρ,2.99
2025-11-08,89038350,ΜΙΚΡΕΣ-ΦΑΡΜΕΣ-ΤΟΥ-ΒΟΥΝΟΥ-Μέλι-Αγράφων-400gr,3.99
2025-11-08,89038336,ΜΙΚΡΕΣ-ΦΑΡΜΕΣ-ΤΟΥ-ΒΟΥΝΟΥ-Μέλι-Ολύμπου-400gr,3.99
2025-11-08,89032485,ECONOMY-Τσάι-Κλασικό-10φακ-x1-5gr,0.75
2025-11-08,89032482,ECONOMY-Χαμομήλι-30gr,1.59
2025-11-08,89031216,ΜΙΚΡΕΣ-ΦΑΡΜΕΣ-ΤΟΥ-ΒΟΥΝΟΥ-Ζάχαρη-Άχνη-400gr,0.75
2025-11-08,89029965,ECONOMY-Βανιλίνη-φάκελος-5x1-5gr,0.4
2025-11-08,89027254,ΜΙΚΡΕΣ-ΦΑΡΜΕΣ-ΤΟΥ-ΒΟΥΝΟΥ-Αλεύρι-Φαρίνα-Κορινθίας-500gr,0.75
2025-11-08,89026733,ECONOMY-Ελιές-Καλαμών-Ροδέλες-180gr,2.56
2025-11-08,89026520,ΜΙΚΡΕΣ-ΦΑΡΜΕΣ-ΤΟΥ-ΒΟΥΝΟΥ-Ξίδι-Κόκκινο-1lt,0.99
2025-11-08,89026169,ECONOMY-Ζελέ-Ανανάς-170gr,1.19
2025-11-08,89024796,ECONOMY-Κουλουράκια-Δίχρωμα-Ζέβρα-300gr,2.79
2025-11-08,89024091,ΜΙΚΡΕΣ-ΦΑΡΜΕΣ-ΤΟΥ-ΒΟΥΝΟΥ-Φιδές-250gr,1.29
2025-11-08,89022573,ECONOMY-Πιπεράκια-σε-Άλμη-320gr,1.99
2025-11-08,89022510,ECONOMY-Μαρμελάδα-Φράουλα-Γυάλινο-Βάζο-450gr,2.39
2025-11-08,89021320,ECONOMY-Ξύδι-6ο-Λευκό-2lt,1.6
2025-11-08,89021224,ECONOMY-Τρίμμα-Φρυγανιάς-Σίτου-180gr,0.85
2025-11-08,89020557,ECONOMY-Ηλιόσπορος-Ψημένος-Ανάλατος-65gr,0.75
2025-11-08,89020555,ECONOMY-Αμυγδαλόψιχα-Λευκή-Ανάλατη-100gr,1.99
2025-11-08,89020397,ECONOMY-Στραγάλι-Αφράτο-Αλατισμένο-Τουρκίας-100gr,0.99
2025-11-08,89020048,ECONOMY-Αποξηραμένος-Aνανάς-Ζαχαρωμένος-200gr,3.49
2025-11-08,89018236,ECONOMY-Πτι-Φουρ-με-Τρούφα-350gr,3.99
2025-11-08,89018232,ECONOMY-Κρουτόν-Ολικής-Άλεσης-150gr,1.99
2025-11-08,89017493,ECONOMY-Ξίδι-6ο-Eρυθρό-2lt,1.6
2025-11-08,89014239,ECONOMY-Κριτσίνια-Ολικής-Άλεσης-250gr,1.69
2025-11-08,89011906,ECONOMY-Ελαφρά-Συμπυκνωμένος-Χυμός-Τομάτας-500gr,0.49
2025-11-08,89009477,ECONOMY-Φυστίκια-Κελυφωτά-Ψημένα-Αλατισμένα-Ελληνικά-100gr,2.99
2025-11-08,89008127,ECONOMY-Μουστάρδα-Απαλή-Squeezy-500gr,1.29
2025-11-08,89006179,ECONOMY-Ρύζι-Νυχάκι-1kg,1.99
2025-11-08,89033606,ΜΙΚΡΕΣ-ΦΑΡΜΕΣ-ΤΟΥ-ΒΟΥΝΟΥ-Oat-Flakes-Σοκολάτα-_-Κομμάτια-Σκούρας-Σοκολάτας-375gr,2.99
2025-11-08,89029869,ΜΙΚΡΕΣ-ΦΑΡΜΕΣ-ΤΟΥ-ΒΟΥΝΟΥ-Ρύζι-Αρωματικό-Basmati-500gr,1.7
2025-11-08,89028759,ECONOMY-Κεκάκια-Με-Λευκή-Κρέμα-200gr,1.29
2025-11-08,89011666,BLUE-DRAGON-Τεριγιάκι-Σως-400gr,3.3
2025-11-08,89046743,ECONOMY-Ζαχαρούχο-με-Φυτικά-Λιπαρά-397gr,1.39
2025-11-08,89055467,L-OR-Καφές-Espresso-Ristretto-Κάψουλες-συμβατές-με-μηχανή-Nespresso-20x5-2gr,9.48
2025-11-08,89069073,ΜΙΚΡΕΣ-ΦΑΡΜΕΣ-ΤΟΥ-ΒΟΥΝΟΥ-Παξιμαδάκια-Πορτοκαλιού-300gr,2.99
2025-11-08,89068559,KRAMBALS-Mπρουσκέτα-Τομάτα-_-Μοτσαρέλα-70gr,1.1
2025-11-08,89068630,CRISPY-KING-Καλαμπογκοφρέτες-110gr,1.49
2025-11-08,89068626,KYKNOS-Ντομάτα-τριμμένη-3x250gr,2.6
2025-11-08,89068541,ΜΙΚΡΕΣ-ΦΑΡΜΕΣ-ΤΟΥ-ΒΟΥΝΟΥ-Τσίχλα-με-Μαστίχα-Χίου-Δυόσμος-13gr,0.66
2025-11-08,89054370,ΣΑΜΟΥΡΗ-Κρέμα-Ζαχαροπλαστικής-Μπισκότο-130gr,1.19
2025-11-08,89068368,ΜΙΚΡΕΣ-ΦΑΡΜΕΣ-ΤΟΥ-ΒΟΥΝΟΥ-Mega-Cookies-με-γέμιση-Πραλίνα-Φουντουκιού-200gr,1.89
2025-11-08,89068366,ΜΙΚΡΕΣ-ΦΑΡΜΕΣ-ΤΟΥ-ΒΟΥΝΟΥ-Mega-Cookies-με-Γέμιση-Φυστικοβούτυρο-200gr,1.89
2025-11-08,89068364,ΜΙΚΡΕΣ-ΦΑΡΜΕΣ-ΤΟΥ-ΒΟΥΝΟΥ-Mega-Cookies-με-Γέμιση-Μπανάνα-200gr,1.89
2025-11-08,89068191,ΜΙΚΡΕΣ-ΦΑΡΜΕΣ-ΤΟΥ-ΒΟΥΝΟΥ-Φασόλια-Μαυρομάτικα-Εισαγωγής-500gr,2.29
2025-11-08,89068044,ΜΙΚΡΕΣ-ΦΑΡΜΕΣ-ΤΟΥ-ΒΟΥΝΟΥ-Μαντολάτο-Χίου-Μαστίχα-_-Κράνμπερι-50gr,0.99
2025-11-08,89068045,ΜΙΚΡΕΣ-ΦΑΡΜΕΣ-ΤΟΥ-ΒΟΥΝΟΥ-Χαλβάς-με-μαστίχα-Χίου-100gr,1.29
2025-11-08,89068043,ΜΙΚΡΕΣ-ΦΑΡΜΕΣ-ΤΟΥ-ΒΟΥΝΟΥ-Παστέλι-Χίου-με-Μαστίχα-80γρ-,1.49
2025-11-08,89068023,ΜΙΚΡΕΣ-ΦΑΡΜΕΣ-ΤΟΥ-ΒΟΥΝΟΥ-Αραβοσιτέλαιο-1lt,2.89
2025-11-08,89067871,ΜΙΚΡΕΣ-ΦΑΡΜΕΣ-ΤΟΥ-ΒΟΥΝΟΥ-Μακεδονικό-Κριτσινάκι-Μίνι-Σταρένιο-70gr,0.69
2025-11-08,89067674,ΜΙΚΡΕΣ-ΦΑΡΜΕΣ-ΤΟΥ-ΒΟΥΝΟΥ-Κρουτόν-με-Αρωματικά-Βότανα-180gr,1.99
2025-11-08,89067864,ΜΙΚΡΕΣ-ΦΑΡΜΕΣ-ΤΟΥ-ΒΟΥΝΟΥ-Μείγμα-Βοτάνων-για-Αδυνάτισμα-25gr,2.5
2025-11-08,89067954,JUMBO-Crunchy-Chips-Χωρίς-Αλάτι-140gr,1.59
2025-11-08,89067826,ΒΙΟΛΑΝΤΑ-Δημητριακά-Βρώμης-370gr,3.68
2025-11-08,89067728,ΣΑΜΟΥΡΗ-Σταγόνες-Κουβερτούρα-Γάλακτος-90γρ,2.09
2025-11-08,89067726,ΣΑΜΟΥΡΗ-Σταγόνες-Κουβερτούρα-Υγείας-60-90γρ,2.35
2025-11-08,89062885,POCO-LOCO-Dip-Γουακαμόλε-300γρ-,3.39
2025-11-08,89062886,POCO-LOCO-Dip-Sour-Cream-300γρ-,3.39
2025-11-08,89062883,ORIENTAL-EXPRESS-Πάνκο-Φρυγανιά-Παναρίσματος-200γρ-,2.5
2025-11-08,89054462,ΜΙΚΡΕΣ-ΦΑΡΜΕΣ-ΤΟΥ-ΒΟΥΝΟΥ-Γιαννιώτικος-Μπακλαβάς-με-Αμύγδαλα-Καρύδια-7Χ35γρ-,3.32
2025-11-08,89054335,ΜΙΚΡΕΣ-ΦΑΡΜΕΣ-ΤΟΥ-ΒΟΥΝΟΥ-ζελέ-με-γεύση-Ανανά-χωρίς-ζάχαρη-14-5γρ-,0.99
2025-11-08,89054328,ΜΙΚΡΕΣ-ΦΑΡΜΕΣ-ΤΟΥ-ΒΟΥΝΟΥ-φρουκτόζη-200γρ,0.95
2025-11-08,89054330,ΜΙΚΡΕΣ-ΦΑΡΜΕΣ-ΤΟΥ-ΒΟΥΝΟΥ-ζελέ-με-γεύση-Κεράσι-200γρ-,1.19
2025-11-08,89053856,ΜΙΚΡΕΣ-ΦΑΡΜΕΣ-ΤΟΥ-ΒΟΥΝΟΥ-Muffins-Mini-Πορτοκάλι-_-Βανίλια-200gr,2.59
2025-11-08,89053765,JACOBS-Cappuccino-Original-Καφές-Στιγμιαίος-Sticks-8x11-6gr,2.79
2025-11-08,89053342,ECONOMY-Ταχίνι-με-Κακάο-300gr,2.49
2025-11-08,89053209,ΜΙΚΡΕΣ-ΦΑΡΜΕΣ-ΤΟΥ-ΒΟΥΝΟΥ-Χαλβάς-Κακάο-450gr,2.79
2025-11-08,89053207,ΜΙΚΡΕΣ-ΦΑΡΜΕΣ-ΤΟΥ-ΒΟΥΝΟΥ-Χαλβάς-Βανίλια-450gr,2.79
2025-11-08,89053014,ΟΛΥΜΠΟΣ-Χαλβάς-με-Βανίλια-250γρ,3.99
2025-11-08,13107009,ΟΛΥΜΠΟΣ-Χαλβάς-με-Κακάο-το-Κιλό,2.96
2025-11-08,89052820,ΜΙΚΡΕΣ-ΦΑΡΜΕΣ-ΤΟΥ-ΒΟΥΝΟΥ-Σταγόνες-Μαύρης-Σοκολάτας-100gr,1.99
2025-11-08,89029751,ΚΡΙΣ-ΚΡΙΣ-Selection-Τhe-Soft-Brioche-Sandwich-342-gr,2.38
2025-11-08,89052465,ΜΙΚΡΕΣ-ΦΑΡΜΕΣ-ΤΟΥ-ΒΟΥΝΟΥ-Σοκολάτα-Γεμιστή-Υγείας-με-Κομμάτια-Πορτοκάλι-42gr,0.99
2025-11-08,89052187,ΜΙΚΡΕΣ-ΦΑΡΜΕΣ-ΤΟΥ-ΒΟΥΝΟΥ-Δημητριακά-Kids-Choco-Pops-375gr,2.84
2025-11-08,89050581,ORBIT-Τσίχλες-Refreshers-Bubblemint-Μπουκάλι-67g,2.99
2025-11-08,89024098,ORIENTAL-EXPRESS-Στιγμιαία-Noodles-Ρυζιού-Medium-225gr,2.9
2025-11-08,89051540,NESCAFE-Classic-Καφές-Στιγμιαίος-Sticks-12x2gr,2.35
2025-11-08,89051409,ΜΙΚΡΕΣ-ΦΑΡΜΕΣ-ΤΟΥ-ΒΟΥΝΟΥ-Χοιρινό-Κότσι-Προψημένο-600gr,5.99
2025-11-08,89051386,ΜΙΚΡΕΣ-ΦΑΡΜΕΣ-ΤΟΥ-ΒΟΥΝΟΥ-Κόρν-Φλάουρ-200gr,0.89
2025-11-08,89051385,ΜΙΚΡΕΣ-ΦΑΡΜΕΣ-ΤΟΥ-ΒΟΥΝΟΥ-Μείγμα-για-Κρέπες-250gr,0.99
2025-11-08,89051109,ΕΛΜΑ-Λουκούμια-Μαστίχα-340gr,3.05
2025-11-08,89050384,ΜΙΚΡΕΣ-ΦΑΡΜΕΣ-ΤΟΥ-ΒΟΥΝΟΥ-Φέτα-Κέικ-Πορτοκάλι-_-Βανίλια-80gr,0.94
2025-11-08,89049917,ΜΙΚΡΕΣ-ΦΑΡΜΕΣ-ΤΟΥ-ΒΟΥΝΟΥ-Σοκολατάκια-Bitter-200gr,3.99
2025-11-08,89049916,ΜΙΚΡΕΣ-ΦΑΡΜΕΣ-ΤΟΥ-ΒΟΥΝΟΥ-Σοκολατάκια-Γάλακτος-200gr,3.99
2025-11-08,89048297,ECONOMY-Φουντουκόψιχα-Ωμή-Γεωργίας-100gr,2.99
2025-11-08,89049028,ΣΑΜΟΥΡΗ-Κίτρινο-Χρώμα-Ζαχαροπλαστικής-Βρώσιμο-Χωρίς-Γλουτένη-28ml,2.29
2025-11-08,11005115,ΣΤΕΡΓΙΟΥ-Τσουρεκάκια-με-Γέμιση-Πραλίνα-Φουντουκιού-360gr,2.84
2025-11-08,89048708,ΜΙΚΡΕΣ-ΦΑΡΜΕΣ-ΤΟΥ-ΒΟΥΝΟΥ-Παξιμάδι-Κυθήρων-με-Χαρούπι-300γρ,3.99
2025-11-08,89034645,ΚΑΡΑΜΟΛΕΓΚΟΣ-Αξιαγάπιτες-Πίτες-Καλαμποκιού-820γρ,2.12
2025-11-08,89048550,ΒΙΟΛΑΝΤΑ-Zero-Cookies-Κακάο-Χωρίς-Ζάχαρη-170γρ,1.89
2025-11-08,89048418,ΜΙΚΡΕΣ-ΦΑΡΜΕΣ-ΤΟΥ-ΒΟΥΝΟΥ-Σνάκ-Πατάτας-με-Πάπρικα-100γρ,1.69
2025-11-08,89048062,BUONO-Πιπεράκια-Πελοποννήσου-σε-Άλμη-900gr,2.99
2025-11-08,89047442,ΜΙΚΡΕΣ-ΦΑΡΜΕΣ-ΤΟΥ-ΒΟΥΝΟΥ-Γάλα-Συμπυκνωμένο-Πλήρες-7-5-Λιπαρά-410gr,0.95
2025-11-08,89047047,ECONOMY-Πλοκάμια-Θράψαλο-σε-Ηλιέλαιο-80gr,1.89
2025-11-08,89046836,ΜΙΚΡΕΣ-ΦΑΡΜΕΣ-ΤΟΥ-ΒΟΥΝΟΥ-Κριτσίνια-Πολυδημητριακών-Πολύσπορα-200gr,1.7
2025-11-08,89043398,DIMELLO-Καφές-Φίλτρου-Mild-250gr,6.59
2025-11-08,89021927,ΜΑΡΚΕΤ-ΙΝ-Τσάντα-Πολλαπλών-Χρήσεων-42x39x21-50-Μεγάλη,0.99
2025-11-08,13101285,ΜΙΚΡΕΣ-ΦΑΡΜΕΣ-ΤΟΥ-ΒΟΥΝΟΥ-Ελιές-Καλαμών-το-Κιλό,1.4
2025-11-08,89045635,ΗΠΕΙΡΩΤΙΚΑ-ΑΥΓΑ-Αχυρώνα-Large-6τεμ-63-73gr,2.88
2025-11-08,89084683,ΜΙΚΡΕΣ-ΦΑΡΜΕΣ-ΤΟΥ-ΒΟΥΝΟΥ-Granola-Μαύρη-Σοκολάτα-450γρ,2.99
2025-11-08,89084444,ΣΑΜΟΥΡΗ-Ζαχαρωτά-Mini-Marshmallows-40γρ,1.25
2025-11-08,89084778,ΜΙΚΡΕΣ-ΦΑΡΜΕΣ-ΤΟΥ-ΒΟΥΝΟΥ-Τσίχλα-με-Φράουλα-Χωρίς-Ζάχαρη-13γρ,0.66
2025-11-08,89084779,ΜΙΚΡΕΣ-ΦΑΡΜΕΣ-ΤΟΥ-ΒΟΥΝΟΥ-Τσίχλα-με-Μέντα-χωρίς-Ζάχαρη-13γρ,0.66
2025-11-08,89084789,ΜΙΚΡΕΣ-ΦΑΡΜΕΣ-ΤΟΥ-ΒΟΥΝΟΥ-Brioche-Κρέμα-Bueno-95γρ,0.99
2025-11-08,89054365,ΣΑΜΟΥΡΗ-Χρώμα-Ζαχαροπλαστικής-Ροζ-Χωρίς-Γλουτένη-28ml,2.29
2025-11-08,89084693,LACTA-Σοκολάτα-Ολόκληρο-Αμύγδαλο-100γρ,2.85
2025-11-08,89084321,RIO-MARE-Τόνος-Πικάντικος-2Χ120γρ,5.99
2025-11-08,89082835,AGRINO-Rice-Chips-Sour-Cream-_-Onion-60γρ,1.35
2025-11-08,89082834,AGRINO-Rice-Chips-Aegean-Herbs-60γρ,1.35
2025-11-08,89079785,ΜΙΚΡΕΣ-ΦΑΡΜΕΣ-ΤΟΥ-ΒΟΥΝΟΥ-Κριτσίνι-Χειροποίητο-με-Παρμεζάνα-150γρ,1.8
2025-11-08,89082534,ΜΙΚΡΕΣ-ΦΑΡΜΕΣ-ΤΟΥ-ΒΟΥΝΟΥ-Μαγιονέζα-Topdown-Pet-490ml,1.95
2025-11-08,89082497,ΜΙΚΡΕΣ-ΦΑΡΜΕΣ-ΤΟΥ-ΒΟΥΝΟΥ-Ακανές-Σερρών-Παραδοσιακός-250γρ,1.89
2025-11-08,89078264,ΜΙΚΡΕΣ-ΦΑΡΜΕΣ-ΤΟΥ-ΒΟΥΝΟΥ-Παξιμάδια-Κυθήρων-Γλυκάνισου-300γρ,2.99
2025-11-08,89040287,UNCLE-BENS-Ρύζι-Καστανό-Σακουλάκι-500γρ,3.39
2025-11-08,89078624,ΜΙΚΡΕΣ-ΦΑΡΜΕΣ-ΤΟΥ-ΒΟΥΝΟΥ-Χαλβάς-με-Μπανάνα-_-Σοκολάτα-250γρ,2.99
2025-11-08,89078626,ΜΘΙΚΡΕΣ-ΦΑΡΜΕΣ-ΤΟΥ-ΒΟΥΝΟΥ-Χαλβάς-με-Αλμυρή-Καραμέλα-250γρ,2.99
2025-11-08,89078592,ΜΙΚΡΕΣ-ΦΑΡΜΕΣ-ΤΟΥ-ΒΟΥΝΟΥ-Μπάρες-Δημητριακών-Cookies-_-Cream-6X23γρ,1.99
2025-11-08,89078428,ΜΙΚΡΕΣ-ΦΑΡΜΕΣ-ΤΟΥ-ΒΟΥΝΟΥ-Βερίκοκο-με-Στέβια-330γρ,2.69
2025-11-08,89078515,ΜΙΚΡΕΣ-ΦΑΡΜΕΣ-ΤΟΥ-ΒΟΥΝΟΥ-Flap-Jack-Μπάρα-Βρώμης-Μπανάνα-65γρ,0.79
2025-11-08,89078397,ΜΙΚΡΕΣ-ΦΑΡΜΕΣ-ΤΟΥ-ΒΟΥΝΟΥ-Ταχίνι-με-Κακάο-300γρ,2.89
2025-11-08,89078393,TEKMAR-Μπάρα-29-Πρωτεΐνη-Φιστίκι-_-Μαγνήσιο-40γρ,2.49
2025-11-08,89078380,ECONOMY-Τόνος-Πικάντικος-3Χ80γρ,3.49
2025-11-08,89078274,ECONOMY-Μπισκότα-Πτι-Μπερ-200γρ,0.79
2025-11-08,89078186,NUTRI-VALLEY-Ρυζογκοφρέτες-με-Μαύρη-Σοκολάτα-72γρ,1.4
2025-11-08,89071283,ΜΙΚΡΕΣ-ΦΑΡΜΕΣ-ΤΟΥ-ΒΟΥΝΟΥ-Noodles-Στιγμής-Κοτόπουλο-Pot-70γρ,0.99
2025-11-08,89077663,ΜΙΚΡΕΣ-ΦΑΡΜΕΣ-ΤΟΥ-ΒΟΥΝΟΥ-Μπούκοβο-Καυτερό-σε-γυάλινο-Μύλο-20γρ,2.37
2025-11-08,89071279,ΜΙΚΡΕΣ-ΦΑΡΜΕΣ-ΤΟΥ-ΒΟΥΝΟΥ-Noodles-Στιγμής-Χοιρινό-60γρ,0.62
2025-11-08,89071286,ΜΙΚΡΕΣ-ΦΑΡΜΕΣ-ΤΟΥ-ΒΟΥΝΟΥ-Κριθαράκι-Αχαΐας-Αυγά-_-Γάλα-500γρ,2.69
2025-11-08,89070900,ΜΑΚΒΕΛ-Λαζανάκι-500γρ,1.02
2025-11-08,89071247,ΧΑΤΖΗΓΙΑΝΝΑΚΗΣ-Chocobits-Φράουλα-80γρ,2.88
2025-11-08,89002818,ΤΣΑΝΟΣ-Μουστοκούλουρα-Μαλακά-350γρ,3.99
2025-11-08,89071112,ECONOMY-Κάσιους-Testa-Ψημένο-με-Αλάτι-Βιετνάμ-100γρ,2.99
2025-11-08,89071111,ECONOMY-Κάσιους-Ωμό-Βιετνάμ-100γρ,2.69
2025-11-08,89071008,DIMELLO-Καφές-Φίλτρου-Φουντούκι-250γρ,7.2
2025-11-08,89070993,ΜΙΚΡΕΣ-ΦΑΡΜΕΣ-ΤΟΥ-ΒΟΥΝΟΥ-Σάλτσα-Spiracha-Καυτερή-250ml,2.69
2025-11-08,89070651,ΜΙΚΡΕΣ-ΦΑΡΜΕΣ-ΤΟΥ-ΒΟΥΝΟΥ-τορτίγιες-καλαμποκιού-4τεμ-248γρ,1.25
2025-11-08,89070464,ΜΙΚΡΕΣ-ΦΑΡΜΕΣ-ΤΟΥ-ΒΟΥΝΟΥ-σάλτσα-τομάτας-για-pizza-350γρ,1.69
2025-11-08,89070300,ΜΙΚΡΕΣ-ΦΑΡΜΕΣ-ΤΟΥ-ΒΟΥΝΟΥ-πιπεριά-κόκκινη-ψητή-580ml,2.99
2025-11-08,89069750,ΜΙΚΡΕΣ-ΦΑΡΜΕΣ-ΤΟΥ-ΒΟΥΝΟΥ-γλυκό-κουταλιού-κεράσι-Χίου-450γρ,3.49
2025-11-08,89069752,ΜΙΚΡΕΣ-ΦΑΡΜΕΣ-ΤΟΥ-ΒΟΥΝΟΥ-γλυκό-κουταλιού-βύσσινο-Χίου-450γρ,4.74
2025-11-08,89032618,KINDER-Joy-με-Έκπληξη-3X20γρ-60γρ,4.35
2025-11-08,89069992,LA-BOULANGERE-ψωμάκια-γάλακτος-8τεμ-2802γρ,2.65
2025-11-08,89070103,ΜΙΚΡΕΣ-ΦΑΡΜΕΣ-ΤΟΥ-ΒΟΥΝΟΥ-Sauce-Cheddar-Top-Down-290gr,2.84
2025-11-08,89069931,ΜΙΚΡΕΣ-ΦΑΡΜΕΣ-ΤΟΥ-ΒΟΥΝΟΥ-Ξύδι-Κρέμα-Βαλσάμικο-Chili-250ml,1.99
2025-11-08,89069801,ΤΣΑΝΑΚΙΑ-σνακς-σοκολάτα-υγείας-70γρ,0.99
2025-11-08,89069888,ΜΙΚΡΕΣ-ΦΑΡΜΕΣ-ΤΟΥ-ΒΟΥΝΟΥ-Καστανή-Ζάχαρη-Κουτί-500γρ,1.49
2025-11-08,89069981,ΑΛΛΑΤΙΝΗ-soft-kings-cookie-triple-160gr,2.18
2025-11-08,89069976,ΑΛΛΑΤΙΝΗ-soft-kings-cookie-choco-160gr,2.18
2025-11-08,89097022,ΑΛΛΑΤΙΝΗ-Αλεύρι-για-όλες-τις-χρήσεις-3X1kg-,2.99
2025-11-08,89096877,DORITOS-Nacho-Cool-Original-90γρ,1.49
2025-11-08,89096854,OSCAR-XMAS-Σοκολατάκια-Απομίμηση-Σοκολάτα-Γάλακτος-150γρ,1.99
2025-11-08,89044538,PRINGLES-Πατατάκια-Hot-Paprika-40γρ,0.99
2025-11-08,89096871,POPHOUSE-Popcorn-Τσένταρ-65γρ,2.19
2025-11-08,89096868,YUMMY-Μπάρα-με-Κακάο-Γάλακτος-85γρ,0.89
2025-11-08,89096380,ΜΙΚΡΕΣ-ΦΑΡΜΕΣ-ΤΟΥ-ΒΟΥΝΟΥ-Νισεστές-για-Μαγειρική-_-Ζαχαροπλαστική-Χρήση-400γρ,0.99
2025-11-08,89096837,ΙΟΝ-Σοκοφρέτα-Σοκολάτα-Γάλακτος-Maxi-60γρ,0.9
2025-11-08,89096618,ΜΙΚΡΕΣ-ΦΑΡΜΕΣ-ΤΟΥ-ΒΟΥΝΟΥ-Ζάχαρη-Λευκή-Sticks-50τμχΧ4γρ-200γρ,1.29
2025-11-08,89096662,ΦΑΙΔΩΝ-Pan-Cake-Κρέμα-Μιλφέιγ-60γρ,1.29
2025-11-08,89096661,ΦΑΙΔΩΝ-Pan-Cake-Κρέμα-Φουντουκιού-60γρ,1.29
2025-11-08,89096672,ΜΙΚΡΕΣ-ΦΑΡΜΕΣ-ΤΟΥ-ΒΟΥΝΟΥ-Λαδοκούλουρο-Κανέλας-250γρ-,2.59
2025-11-08,89070665,JUMBO-Κρουασάν-Κρέμα-Κακάο-70γρ,0.55
2025-11-08,89070781,JUMBO-Tortilla-Chips-Nacho-Cheese-100γρ,0.99
2025-11-08,89096573,ΜΙΚΡΕΣ-ΦΑΡΜΕΣ-ΤΟΥ-ΒΟΥΝΟΥ-Βάση-Τούρτας-Βανίλια-380γρ,2.49
2025-11-08,89096567,ΜΙΚΡΕΣ-ΦΑΡΜΕΣ-ΤΟΥ-ΒΟΥΝΟΥ-Strudel-με-Γέμιση-Μήλο-_-Κανέλα-90γρ,0.99
2025-11-08,89096568,ΜΙΚΡΕΣ-ΦΑΡΜΕΣ-ΤΟΥ-ΒΟΥΝΟΥ-Cinnamon-Roll-με-Κρέμα-Βανίλια-100γρ,0.99
2025-11-08,89089204,RUFFLES-Chips-Ρίγανη-140γρ,1.95
2025-11-08,89088735,BALCONI-Ταρτάκια-Βερύκοκο-6Χ40γρ,2.19
2025-11-08,89095475,MALTESERS-Σοκολατένια-Κουφέτα-93γρ,2.69
2025-11-08,89096445,ΜΙΚΡΕΣ-ΦΑΡΜΕΣ-ΤΟΥ-ΒΟΥΝΟΥ-Αλμυρά-Κράκερ-Μπρέτσελ-300γρ,1.29
2025-11-08,89096015,ΜΙΚΡΕΣ-ΦΑΡΜΕΣ-ΤΟΥ-ΒΟΥΝΟΥ-Ροδάκινο-Φέτες-σε-Χυμό-400γρ,1.99
2025-11-08,89096449,ΒΙΟΛΟΓΙΚΟΣ-ΚΡΟΚΟΣ-Κοζάνης-Νήμα-0-5γρ,3.49
2025-11-08,89096552,JUMBO-Φυστικόμπαλες-Χωρίς-Γλουτένη-85γρ,0.99
2025-11-08,89096403,ΜΙΚΡΕΣ-ΦΑΡΜΕΣ-ΤΟΥ-ΒΟΥΝΟΥ-Κρουασάν-Κρέμα-Κακάο-55γρ,0.32
2025-11-08,89096536,ΜΙΚΡΕΣ-ΦΑΡΜΕΣ-ΤΟΥ-ΒΟΥΝΟΥ-Φρυγανιές-Σίτου-Οικ-συσκευασία-500gr,1.59
2025-11-08,89096461,ΜΙΚΡΕΣ-ΦΑΡΜΕΣ-ΤΟΥ-ΒΟΥΝΟΥ-καφές-στιγμιαίος-200γρ,6.49
2025-11-08,89096010,ΜΙΚΡΕΣ-ΦΑΡΜΕΣ-ΤΟΥ-ΒΟΥΝΟΥ-Τροπικά-Φρούτα-σε-Χυμό-400γρ,2.69
2025-11-08,89096460,ΜΙΚΡΕΣ-ΦΑΡΜΕΣ-ΤΟΥ-ΒΟΥΝΟΥ-Καφές-Στιγμιαίος-100γρ,3.49
2025-11-08,89096314,COFFEEWAY-Φίλτρου-Salted-Caramel-10X7-5γρ,3.99
2025-11-08,89095430,ORBIT-Τσίχλα-Refreshers-Καρπούζι-67γρ,2.99
2025-11-08,89095232,ELITE-Vita-Φρυγανιές-Ολικής-Άλεσης-Οικογενειακή-Συσκευασία-360γρ,2.33
2025-11-08,89095230,ELITE-Φρυγανιές-Σταρένιες-Οικογενειακή-Συσκευασία-500γρ,1.59
2025-11-08,89096087,OYAKATA-Noodles-Cup-Chicken-_-Cheese-97γρ,1.59
2025-11-08,89096086,OYAKATA-Noodles-Cup-Chicken-Yakitori-93γρ,1.59
2025-11-08,89096055,MISKETS-Κουφετάκια-με-Σοκολάτα-Γάλακτος-20γρ,0.5
2025-11-08,89095784,CHUPA-CHUPS-Pop-Corn-Καραμέλα-90γρ,2.99
2025-11-08,89095726,ECONOMY-Νιφάδες-Βρώμης-Χάρτινο-500γρ,0.99
2025-11-08,89095799,ΜΙΚΡΕΣ-ΦΑΡΜΕΣ-ΤΟΥ-ΒΟΥΝΟΥ-Φασόλια-Γίγαντες-έτοιμα-βάζο-540γρ-Σ-Β-400γρ,1.89
2025-11-08,89095836,ΜΙΚΡΕΣ-ΦΑΡΜΕΣ-ΤΟΥ-ΒΟΥΝΟΥ-Σάλτσα-Μπεσαμέλ-50γρ,0.85
2025-11-08,89095774,ΜΙΚΡΕΣ-ΦΑΡΜΕΣ-ΤΟΥ-ΒΟΥΝΟΥ-Πιπεράκι-με-Γέμιση-Τόνου-180γρ,3.79
2025-11-08,89095639,ΜΙΚΡΕΣ-ΦΑΡΜΕΣ-ΤΟΥ-ΒΟΥΝΟΥ-Συμπυκνωμένος-Χυμός-Τομάτας-Ιταλίας-Γυάλινο-690γρ,1.49
2025-11-08,89095643,ΜΙΚΡΕΣ-ΦΑΡΜΕΣ-ΤΟΥ-ΒΟΥΝΟΥ-Τοματοπολτός-Διπλής-Συμπύκνωσης-Ιταλίας-70γρ,0.5
2025-11-08,89089005,ΙΩΝΙΣ-Ελαιόλαδο-Κλασικό-1lt,6.39
2025-11-08,89095694,ΜΙΚΡΕΣ-ΦΑΡΜΕΣ-ΤΟΥ-ΒΟΥΝΟΥ-Αραχίδες-Ψημένες-Αλατισμένες-500γρ,3.99
2025-11-08,89095642,ΜΙΚΡΕΣ-ΦΑΡΜΕΣ-ΤΟΥ-ΒΟΥΝΟΥ-Ολόκληρες-Αποφλοιωμένες-Τομάτες-Ιταλίας-400γρ,0.89
2025-11-08,89089006,ΜΙΚΡΕΣ-ΦΑΡΜΕΣ-ΤΟΥ-ΒΟΥΝΟΥ-Soft-Cake-Μπισκότα-Βύσσινο-125γρ,1.19
2025-11-08,89095678,ΑΛΛΑΤΙΝΗ-Baking-Powder-3X20gr,0.45
2025-11-08,89095645,ΓΙΩΤΗΣ-Classic-Pastry-Σταγόνες-100γρ,1.33
2025-11-08,89095630,ΜΙΚΡΕΣ-ΦΑΡΜΕΣ-ΤΟΥ-ΒΟΥΝΟΥ-Κρουασάν-Πραλίνα-Φουντουκιού-150γρ,0.89
2025-11-08,89095562,ΜΙΚΡΕΣ-ΦΑΡΜΕΣ-ΤΟΥ-ΒΟΥΝΟΥ-σιρόπι-γλυκόζης-450gr,1.69
2025-11-08,89095452,LOTUS-Biscoff-Μπισκότα-Γεμιστά-150γρ,2.05
2025-11-08,89089203,LAY-S-Chips-0-Προσθήκη-Αλατιού-120γρ,1.95
2025-11-08,89089373,GECCHELE-Mini-Donuts-Party-Cacao-200γρ,2.99
2025-11-08,89078550,GECCHELE-Pancakes-240γρ,2.99
2025-11-08,89089210,TASTY-Doritos-Snack-Sweet-Chilly-90γρ,1.49
2025-11-08,89089269,LAY-S-Chips-50-Λιγότερο-Αλάτι-120γρ,1.95
2025-11-08,89089341,ΠΑΠΑΔΟΠΟΥΛΟΥ-Φρυγανιές-Σίκαλης-320γρ,1.95
2025-11-08,89089335,HELLMANN-S-Vegan-Sauce-Μαγιονέζας-Gluten-Free-330ml,3.95
2025-11-08,89084469,ΜΙΚΡΕΣ-ΦΑΡΜΕΣ-ΤΟΥ-ΒΟΥΝΟΥ-Ζελεδάκια-Γεύσεις-Φρούτων-Βάζο-240γρ,1.99
2025-11-08,89089262,RUFFLES-Chips-Αλάτι-140γρ,1.95
2025-11-08,89084340,ΜΙΚΡΕΣ-ΦΑΡΜΕΣ-ΤΟΥ-ΒΟΥΝΟΥ-Γκοφρέτες-mini-κρέμα-φράουλα-260gr,1.99
2025-11-08,89084671,ΜΙΚΡΕΣ-ΦΑΡΜΕΣ-ΤΟΥ-ΒΟΥΝΟΥ-Νιφάδες-Δημητριακών-επικαλυμμένες-με-σοκολάτα-_-φράουλα-90γρ-,1.99
2025-11-08,89084341,ΜΙΚΡΕΣ-ΦΑΡΜΕΣ-ΤΟΥ-ΒΟΥΝΟΥ-Γκοφρέτες-mini-κακάο-_-γάλα-260gr,1.99
2025-11-08,89088739,ECONOMY-Κομπόστα-Ροδάκινο-820gr,1.99
2025-11-08,11101025,ΓΙΩΤΗΣ-Αλεύρι-Για-όλες-τις-Χρήσεις-1kg,1.66
2025-11-08,89043002,ΣΑΜΟΥΡΗ-Άρωμα-Ζαχαροπλαστικής-Βανίλια-28ml,2.29
2025-11-08,89036183,ΣΑΜΟΥΡΗ-Χρωματιστά-ΚΑΣ-ΚΑΣ-Glitter-80gr,1.75
2025-11-08,89037550,BONJOUR-Ωραίο-Κρουασάν-με-Κρέμα-Βανίλια-_-Μαύρο-Μπισκότο-140gr,1.05
2025-11-08,89036772,SERENATA-Triplo-Σοκολάτα-Γάλακτος-με-Βάφλα-_-Ολόκληρα-Φουντούκια-50gr,0.96
2025-11-08,89034782,JUMBO-Country-Chips-Μέλι-_-BBQ-Χωρίς-Γλουτένη-150-γρ-,1.79
2025-11-08,89034728,ΣΤΕΡΓΙΟΥ-Τσουρέκι-με-Μαστίχα-Χίου-380gr,2.68
2025-11-08,89034321,ΣΑΜΟΥΡΗ-Confetti-Χρωματιστά-80γρ-3-Σχέδια,1.65
2025-11-08,89033961,LACTA-Oreo-Sandwich-Σοκολάτα-92gr,2.7
2025-11-08,89032042,ΧΡΥΣΑ-ΑΥΓΑ-Ασπράδι-Αυγού-Παστεριωμένο-με-Σοκολάτα-500ml,3.95
2025-11-08,89029866,NESCAFE-Azera-Καφές-Στιγμιαίος-Freddo-Espresso-100-Arabica-100gr,7.28
2025-11-08,89026709,ANATOLI-Μείγμα-για-Κοτόπουλο-φάκελος-25gr,1.19
2025-11-08,89025982,TRATA-Τόνος-Καπνιστός-2x160gr,5.35
2025-11-08,89025912,ΤΣΑΚΙΡΗ-Αυγά-Medium-10τεμ-53-63gr,3.49
2025-11-08,89025388,ZERO-Καραμέλες-Βουτύρου-με-Σοκολάτα-0-Zάχαρη-36-γρ-,1.15
2025-11-08,89024238,ANATOLI-Αμμωνία-30gr,0.52
2025-11-08,89024190,HARIBO-Happy-Cola-Ζελίνια-100gr,1.39
2025-11-08,89024092,ΝΟΥΝΟΥ-Γάλα-Εβαπορέ-Πλήρες-7-5-Λιπαρά-6x400gr,7.56
2025-11-08,89023988,ANATOLI-Μαχλέπι-Τριμμένο-8gr,1.99
2025-11-08,89023608,MEGAFARM-Αυγά-Premium-με-Αρωματικά-Βότανα-Medium-6τεμ-53-63gr,2.97
2025-11-08,89023233,ZERO-Καραμέλες-Ευκάλυπτος-0-Zάχαρη-32-γρ-,1.15
2025-11-08,89022220,ORIENTAL-EXPRESS-Στιγμιαία-Noodles-Ρυζιού-Stir-Fry-225gr,2.92
2025-11-08,89020856,PRINGLES-Πατατάκια-Original-Ralphie-165-γρ-,2.49
2025-11-08,89020835,ΚΥΚΝΟΣ-Σάλτσα-για-Πίτσα-400gr,1.95
2025-11-08,89020520,ΓΙΩΤΗΣ-Κρέμα-Ζαχαροπλαστικής-Σοκολάτα-200gr,1.66
2025-11-08,89019847,ORIENTAL-EXPRESS-Στιγμιαία-Noodles-με-Γεύση-Κοτόπουλο-_-Τσίλι-87gr,0.99
2025-11-08,89019352,ΓΙΩΤΗΣ-Κουβερτούρα-Γάλακτος-σε-Σταγόνες-100gr,2.19
2025-11-08,89018956,GELO-Καραμέλες-Ζελέ-με-Διάφορους-Χυμούς-Φρούτων-300gr,3.25
2025-11-08,89016727,EL-SABOR-Original-Big-Wraps-Τορτίγιες-4τεμ-245gr,1.69
2025-11-08,89015335,ΑΥΓΑ-ΒΛΑΧΑΚΗ-Φρέσκα-Αχυρώνα-Medium-10τεμ-53-63-g,4.09
2025-11-08,89013309,ΤΣΑΝΟΣ-Μπουκιές-Κρίθινες-Κρήτης-400gr,3.15
2025-11-08,89011686,TIPIAK-Κους-Κους-500g,3.29
2025-11-08,89011678,ORIENTAL-EXPRESS-Στιγμιαία-Noodles-με-Γεύση-Ασιατικά-Λαχανικά-87gr,0.99
2025-11-08,89011675,ORIENTAL-EXPRESS-Στιγμιαία-Noodles-με-Γεύση-Μανιτάρι-87gr,0.99
2025-11-08,89006730,ΕΥΡΙΠΟΣ-Βαλεριάνα-20φακ-x1-2gr,3.79
2025-11-08,89006628,BIO-FARMA-Φαρίνα-Βιολογική-Αυτοδιογκούμενη-500γρ,1.99
2025-11-08,89005231,JUMBO-Σνακ-Γαριδάρες-85gr,1.1
2025-11-08,89003947,CANDEREL-Υποκατάστατο-Ζάχαρης-σε-120-Δισκία,3.7
2025-11-08,89002506,LACTA-Σοκολάτα-Lov-It-OREO-105gr,2.7
2025-11-08,89001645,HELLMANN-S-Μουστάρδα-Απαλή-Top-Down-265gr,2.15
2025-11-08,13206007,ΜΙΝΕΡΒΑ-Ηλιέλαιο-1lt,3.4
2025-11-08,13201008,ΑΛΤΙΣ-Ελαιόλαδο-Κλασικό-1lt,8.99
2025-11-08,12607002,NESCAFE-Classic-Καφές-Στιγμιαίος-200gr,9.22
2025-11-08,12503002,ΚΥΚΝΟΣ-Τοματοπολτός-28-Συμπύκνωση-860gr,4.49
2025-11-08,12502001,ΚΥΚΝΟΣ-Τομάτες-Αποφλοιωμένες-Ολόκληρες-400gr,1.05
2025-11-08,12403162,HELLMANN-S-Μουστάρδα-Απαλή-Squeezy-500gr,4.65
2025-11-08,12401194,BARILLA-Έτοιμη-Σάλτσα-Ζυμαρικών-Pesto-Genovese-190γρ,3.35
2025-11-08,12401186,BARILLA-Έτοιμη-Σάλτσα-Ζυμαρικών-Basilico-400γρ,2.98
2025-11-08,12311021,ΕΥΡΙΠΟΣ-Φασκόμηλο-Χωριό-40gr,1.29
2025-11-08,12311011,ΕΥΡΙΠΟΣ-Θυμάρι-20gr,1.59
2025-11-08,12311006,ΕΥΡΙΠΟΣ-Φασκόμηλο-10φακ-x1gr,0.99
2025-11-08,12307009,ΗΡΑ-Αλάτι-Ψιλό-500gr,1.13
2025-11-08,12306065,ΕΥΡΙΠΟΣ-Δάφνη-Χωριό-20gr,1.29
2025-11-08,12306050,ΕΥΡΙΠΟΣ-Γλυκάνισο-10φακ-x1-5gr,0.99
2025-11-08,12305017,ΓΙΩΤΗΣ-Μπέικιν-Πάουντερ-200gr,1.59
2025-11-08,11804015,ΓΙΩΤΗΣ-Φρουί-Ζελέ-με-γεύση-Φράουλα-Χωρίς-Ζάχαρη-14-5gr,1.37
2025-11-08,11704006,3ΑΛΦΑ-Σιτάρι-Αποφλοιωμένο-Ελληνικό-500gr,1.75
2025-11-08,11603004,AGRINO-Φίνο-Ρύζι-Νυχάκι-500gr,2.19
2025-11-08,11601002,3ΑΛΦΑ-Ρύζι-Καρολίνα-Ε-Ε-500gr,2.26
2025-11-08,11502159,MISKO-Κοφτό-500gr,1.24
2025-11-08,11502154,MISKO-Λιγκουίνι-Λαζάνια-500gr,1.24
2025-11-08,11502153,MISKO-Πάστα-Φιογκάκι-500γρ,1.39
2025-11-08,11502065,MISKO-Φιδές-Χονδρός-500gr,1.79
2025-11-08,11501378,MISKO-Πάστα-Ριγκατόνι-500γρ,1.24
2025-11-08,11501106,MISKO-Σπαγγετίνη-Ολικής-Άλεσης-No10-500gr,1.19
2025-11-08,11401023,ΧΡΥΣΑ-ΑΥΓΑ-Φρέσκα-Ημέρας-Large-6-Τεμ,3.24
2025-11-08,11204178,BIO-FARMA-Παστέλι-Βιολογικό-Μέλι-Σουσάμι-30γρ,0.75
2025-11-08,11204168,BIO-FARMA-Τοματάκι-Ψιλοκομμένο-Βιολογικό-400γρ,1.69
2025-11-08,11203046,ΖΩΓΡΑΦΟΣ-Ζάχαρη-Καστανη-Ακατεργαστη-500-γρ,1.59
2025-11-08,11001020,PEMA-Ψωμί-Σικάλεως-με-Βρώμη-_-Σπόρους-Σιταριού-500gr,3.33
2025-11-08,10907010,KELLOGG-S-Corn-Flakes-Δημητριακά-375gr,3.85
2025-11-08,10906636,EL-SABOR-Nacho-Chips-Καλαμποκιού-με-Τυρί-225gr,2.05
2025-11-08,10708897,ΑΛΛΑΤΙΝΗ-Goody-Κανέλας-185gr,1.79
2025-11-08,10707297,SERENATA-Minis-Γκοφρετάκια-με-Επικάλυψη-Σοκολάτας-Γάλακτος-180gr,2.55
2025-11-08,10707185,3BIT-Σοκολάτα-Γεμιστή-65gr,1.42
2025-11-08,10706050,MERENDA-Πραλίνα-Φουντουκιού-1kg,8.15
2025-11-08,10705008,ΓΙΩΤΗΣ-Κουβερτούρα-σε-Σταγόνες-100gr,2.26
2025-11-08,10705002,ΠΑΥΛΙΔΗΣ-Κουβερτούρα-Κλασική-125gr,3.05
2025-11-08,10701190,KINDER-Chocolate-Bars-Σοκολάτας-Γάλακτος-8τεμ-100gr,1.88
2025-11-08,10701141,ION-Σοκολάτα-Γάλακτος-Αμυγδάλου-200gr,3.68
2025-11-08,10701047,BOUNTY-Σοκολάτα-Γάλακτος-με-Καρύδα-57gr,0.99
2025-11-08,10701025,ION-Σοκολάτα-Γάλακτος-100gr,2.5
2025-11-08,10701019,ΠΑΥΛΙΔΗΣ-Σοκολάτα-Υγείας-με-Αμύγδαλα-100gr,2.85
2025-11-08,10602003,BONNE-MAMAN-Μαρμελάδα-Βερίκοκο-370gr,4.49
2025-11-08,10301010,ZWAN-Λάντσιον-Μητ-200gr,3.49
2025-11-08,10001008,TRATA-Σαρδέλες-σε-Φυτικό-Λάδι-100gr,1.99
2025-11-08,10001007,TRATA-Σαρδέλες-Αιγαίου-Πικάντικες-σε-Φυτικό-Λάδι-100gr,1.99
2025-11-08,89042881,MISKO-Λιγκουίνι-Ολικής-Άλεσης-500gr,1.45
2025-11-08,89022625,ΠΑΠΑΔΟΠΟΥΛΟΥ-Μπισκότα-2πλο-Γεμιστά-με-Κρέμα-230gr,1.65
2025-11-08,89016716,ΠΑΠΑΔΟΠΟΥΛΟΥ-Χωριανό-Ψωμί-Τοστ-Πολύσπορο-540gr,1.98
2025-11-08,89010977,TRATA-Τόνος-σε-Νερό-2x160gr,5.35
2025-11-08,10708622,ΠΑΠΑΔΟΠΟΥΛΟΥ-Caprice-Πουράκια-Classic-115γρ,1.59
2025-11-08,10708286,ΠΑΠΑΔΟΠΟΥΛΟΥ-Μπισκότα-Digestive-Μαύρη-Σοκολάτα-200-γρ-,2.12
2025-11-08,10708118,ΠΑΠΑΔΟΠΟΥΛΟΥ-Caprice-Πουράκια-Κλασικά-400gr,3.99
2025-11-08,89042887,ΜΙΚΡΕΣ-ΦΑΡΜΕΣ-ΤΟΥ-ΒΟΥΝΟΥ-Παξιμαδάκια-Ολικής-Άλεσης-200gr,1.29
2025-11-08,89042836,ECONOMY-Μπαχάρι-Ολόκληρο-30gr,0.99
2025-11-08,89041326,ΜΙΚΡΕΣ-ΦΑΡΜΕΣ-ΤΟΥ-ΒΟΥΝΟΥ-Κακάο-σε-σκόνη-100gr,1.99
2025-11-08,89037673,ΜΙΚΡΕΣ-ΦΑΡΜΕΣ-ΤΟΥ-ΒΟΥΝΟΥ-Μπάρες-Δημητριακών-με-Σκούρα-Σοκολάτα-6x23gr,1.99
2025-11-08,89037671,ΜΙΚΡΕΣ-ΦΑΡΜΕΣ-ΤΟΥ-ΒΟΥΝΟΥ-Μπάρες-Δημητριακών-με-Σοκολάτα-Γάλακτος-6x23gr,1.99
2025-11-08,89036201,ΜΙΚΡΕΣ-ΦΑΡΜΕΣ-ΤΟΥ-ΒΟΥΝΟΥ-Φυστίκια-Αράπικα-Καραμελωμένα-με-Σουσάμι-180gr,1.99
2025-11-08,89036198,ΜΙΚΡΕΣ-ΦΑΡΜΕΣ-ΤΟΥ-ΒΟΥΝΟΥ-Αμυγδαλόψιχα-Λευκή-Φιλέ-Ισπανίας-140gr,2.99
2025-11-08,89035582,ECONOMY-Κανέλα-Ξύλο-Ολόκληρη-50gr,1.49
2025-11-08,89035156,ECONOMY-Γλυκό-του-Κουταλιού-Κάστανο-450gr,4.99
2025-11-08,89034999,ΜΙΚΡΕΣ-ΦΑΡΜΕΣ-ΤΟΥ-ΒΟΥΝΟΥ-Αλάτι-Μεσολογγίου-400gr,1.5
2025-11-08,89033736,ΜΙΚΡΕΣ-ΦΑΡΜΕΣ-ΤΟΥ-ΒΟΥΝΟΥ-Τόνος-σε-Νερό-160gr,1.99
2025-11-08,89033608,ΜΙΚΡΕΣ-ΦΑΡΜΕΣ-ΤΟΥ-ΒΟΥΝΟΥ-Oat-Flakes-Super-Fruits-_-Σκούρα-Σοκολάτα-375gr,2.99
2025-11-08,89033607,ΜΙΚΡΕΣ-ΦΑΡΜΕΣ-ΤΟΥ-ΒΟΥΝΟΥ-Oat-Flakes-Τραγανή-Βρώμη-_-Σκούρα-Σοκολάτα-375gr,2.99
2025-11-08,89033382,ECONOMY-Τορτελίνια-με-Τυρί-250gr,1.89
2025-11-08,89032322,ΜΙΚΡΕΣ-ΦΑΡΜΕΣ-ΤΟΥ-ΒΟΥΝΟΥ-Πλεξούδα-με-Κρέμα-_-Σταγόνες-Σοκολάτας-300gr,3.99
2025-11-08,89031308,ΜΙΚΡΕΣ-ΦΑΡΜΕΣ-ΤΟΥ-ΒΟΥΝΟΥ-Μπισκότα-Γλυκά-250gr,1.19
2025-11-08,89029658,ECONOMY-Δενδρολίβανο-σε-γυάλινο-βάζο-60gr,1.8
2025-11-08,89029589,ECONOMY-Φασόλια-Γίγαντες-Εισαγωγής-500γρ,3.75
2025-11-08,89029588,ECONOMY-Σιτάρι-Σκληρό-Ελληνικό-500γρ,1.19
2025-11-08,89029586,ECONOMY-Φάβα-Κομμένη-Εισαγωγής-500γρ,1.59
2025-11-08,89028430,ECONOMY-Γαρύφαλλο-Ολόκληρο-25gr,1.99
2025-11-08,89027750,ΜΙΚΡΕΣ-ΦΑΡΜΕΣ-ΤΟΥ-ΒΟΥΝΟΥ-Μακαρονάκι-Κοφτό-Μέτριο-500gr,0.79
2025-11-08,89027690,ECONOMY-Μπαχάρι-Τριμμένο-35gr,1.99
2025-11-08,89027579,ΜΙΚΡΕΣ-ΦΑΡΜΕΣ-ΤΟΥ-ΒΟΥΝΟΥ-Ψωμί-Τοστ-Σταρένιο-340gr,0.99
2025-11-08,89027489,ΜΙΚΡΕΣ-ΦΑΡΜΕΣ-ΤΟΥ-ΒΟΥΝΟΥ-Πάστα-Ελιάς-Καλαμών-100gr,1.99
2025-11-08,89027298,ECONOMY-Ρίγανη-65gr,1.7
2025-11-08,89026021,ECONOMY-Γάλα-Συμπυκνωμένο-Light-4-Λιπαρά-410gr,0.99
2025-11-08,89023968,ECONOMY-Χαλβάς-με-Κακάο-400gr,2.84
2025-11-08,89023646,ECONOMY-Τομάτες-Αποφλοιωμένες-Ολόκληρες-400gr,0.99
2025-11-08,89022941,ECONOMY-Τομάτες-Τριμμένες-500gr,0.99
2025-11-08,89018914,ECONOMY-Πραλίνα-Φουντουκιού-350gr,1.49
2025-11-08,89012893,ECONOMY-Ηλιέλαιο-Ραφιναρισμένο-1lt,1.79
2025-11-08,89035398,ΜΙΚΡΕΣ-ΦΑΡΜΕΣ-ΒΟΥΝΟΥ-Φαγόπυρο-Ψημένο-500γρ,2.49
2025-11-08,89034572,ΜΙΚΡΕΣ-ΦΑΡΜΕΣ-ΤΟΥ-ΒΟΥΝΟΥ-Μπάρα-με-Πορτοκάλι-Μπισκότο-Μέλι-_-Μαύρη-Σοκολάτα-3x35gr,1.69
2025-11-08,89034570,ΜΙΚΡΕΣ-ΦΑΡΜΕΣ-ΤΟΥ-ΒΟΥΝΟΥ-Κάψουλες-Espresso-Intenso-7-10x6-8gr,3.99
2025-11-08,89032752,ΜΙΚΡΕΣ-ΦΑΡΜΕΣ-ΤΟΥ-ΒΟΥΝΟΥ-Αυγά-με-Ω3-6άδα-53-63γρ,2.49
2025-11-08,89032070,ΜΙΚΡΕΣ-ΦΑΡΜΕΣ-ΤΟΥ-ΒΟΥΝΟΥ-Ελαιόλαδο-Eξαιρετικό-Παρθένο-500ml,3.99
2025-11-08,89031538,ECONOMY-Δημητριακά-Choco-Shells-375gr,1.99
2025-11-08,89031255,ΜΙΚΡΕΣ-ΦΑΡΜΕΣ-ΤΟΥ-ΒΟΥΝΟΥ-Mix-Ωμών-Ξηρών-Καρπών-και-Εξωτικών-Φρούτων-150-γρ-,2.49
2025-11-08,89029521,ΜΙΚΡΕΣ-ΦΑΡΜΕΣ-ΤΟΥ-ΒΟΥΝΟΥ-Εξαιρετικό-Παρθένο-Ελαιόλαδο-1lt,7.99
2025-11-08,89028417,ECONOMY-Ελληνικός-Καφές-Σκούρος-96gr,1.89
2025-11-08,89028269,ECONOMY-Ξίδι-Βαλσάμικο-250ml,1.42
2025-11-08,89027440,ΜΙΚΡΕΣ-ΦΑΡΜΕΣ-ΤΟΥ-ΒΟΥΝΟΥ-Καφές-Φίλτρου-Φουντούκι-250gr,4.99
2025-11-08,89027439,ΜΙΚΡΕΣ-ΦΑΡΜΕΣ-ΤΟΥ-ΒΟΥΝΟΥ-Καφές-Φίλτρου-Καραμέλα-250-γρ-,4.99
2025-11-08,89027340,ΜΙΚΡΕΣ-ΦΑΡΜΕΣ-ΤΟΥ-ΒΟΥΝΟΥ-Μείγμα-4-Πιπέρια-σε-γυάλινο-Μύλο-46gr,2.99
2025-11-08,89027339,ΜΙΚΡΕΣ-ΦΑΡΜΕΣ-ΤΟΥ-ΒΟΥΝΟΥ-Πιπέρι-Μαύρο-Ολόκληρο-σε-γυάλινο-Μύλο-45gr,2.89
2025-11-08,89027257,ΜΙΚΡΕΣ-ΦΑΡΜΕΣ-ΤΟΥ-ΒΟΥΝΟΥ-Αλεύρι-Καλαμποκιού-Κορινθίας-1kg,1.42
2025-11-08,89027256,ΜΙΚΡΕΣ-ΦΑΡΜΕΣ-ΤΟΥ-ΒΟΥΝΟΥ-Σιμιγδάλι-Χονδρό-500gr,0.89
2025-11-08,89027255,ΜΙΚΡΕΣ-ΦΑΡΜΕΣ-ΤΟΥ-ΒΟΥΝΟΥ-Σιμιγδάλι-Ψιλό-500gr,0.89
2025-11-08,89026732,ECONOMY-Ελιές-Καλαμών-Εκπυρηνωμένες-180gr,2.56
2025-11-08,89026015,ΜΙΚΡΕΣ-ΦΑΡΜΕΣ-ΤΟΥ-ΒΟΥΝΟΥ-Κουλουράκια-Βανίλιας-Κρήτης-300gr,2.59
2025-11-08,89025040,ΜΙΚΡΕΣ-ΦΑΡΜΕΣ-ΤΟΥ-ΒΟΥΝΟΥ-Κατσαρόνι-Λαχανικών-330gr,2.39
2025-11-08,89024805,ΜΙΚΡΕΣ-ΦΑΡΜΕΣ-ΤΟΥ-ΒΟΥΝΟΥ-Παστέλι-με-Σουσάμι-60γρ,0.94
2025-11-08,89024797,ECONOMY-Κουλουράκια-Δίχρωμα-με-Κακάο-_-Βανίλια-300gr,2.79
2025-11-08,89024352,ECONOMY-Μαγιονέζα-485gr,1.99
2025-11-08,89024088,ΜΙΚΡΕΣ-ΦΑΡΜΕΣ-ΤΟΥ-ΒΟΥΝΟΥ-Χυλοπιτάκι-500gr,2.39
2025-11-08,89024086,ΜΙΚΡΕΣ-ΦΑΡΜΕΣ-ΤΟΥ-ΒΟΥΝΟΥ-Τραχανάς-Γλυκός-500gr,2.29
2025-11-08,89023943,ECONOMY-Ζελέ-Φράουλα-170gr,1.19
2025-11-08,89022569,ECONOMY-Πίκλες-σε-Άλμη-360gr,1.7
2025-11-08,89020570,ECONOMY-Φυστίκια-Φλοιού-Ψημένα-Ανάλατα-Κίνας-300gr,1.99
2025-11-08,89020568,ECONOMY-Φυστίκια-Κελυφωτά-Ωμά-Ανάλατα-Ελληνικά-100gr,2.99
2025-11-08,89020565,ECONOMY-Σταφιδοστράγαλο-100gr,0.99
2025-11-08,89020398,ECONOMY-Στραγάλι-Λευκό-Αλατισμένο-Τουρκίας-100gr,0.94
2025-11-08,89018848,ECONOMY-Ρύζι-Νυχάκι-500gr,0.99
2025-11-08,89018847,ECONOMY-Ρύζι-Καρολίνα-500gr,0.99
2025-11-08,89014242,ECONOMY-Μαρμελάδα-Βερίκοκο-Τάπερ-400gr,1.59
2025-11-08,89014241,ECONOMY-Μαρμελάδα-Κεράσι-Τάπερ-400gr,1.59
2025-11-08,89014240,ECONOMY-Μαρμελάδα-Φράουλα-Τάπερ-400gr,1.59
2025-11-08,89014238,ECONOMY-Κριτσίνια-Σίτου-250gr,1.69
2025-11-08,89014104,ECONOMY-Ζάχαρη-Άχνη-400γρ,0.69
2025-11-08,89009474,ECONOMY-Πασατέμπος-Ψημένος-Αλατισμένος-Βουλγαρίας-80gr,0.94
2025-11-08,89035342,ECONOMY-Pop-Corn-με-Γεύση-Βούτυρο-για-Φούρνο-Μικροκυμάτων-100gr,0.75
2025-11-08,89032646,ECONOMY-Κράκερ-με-Γεύση-Πίτσα-325gr,1.99
2025-11-08,89027016,ΜΙΚΡΕΣ-ΦΑΡΜΕΣ-ΤΟΥ-ΒΟΥΝΟΥ-Ντολμαδάκια-Γιαλαντζί-280γρ,1.89
2025-11-08,89027015,ΜΙΚΡΕΣ-ΦΑΡΜΕΣ-ΤΟΥ-ΒΟΥΝΟΥ-Φασόλια-Γίγαντες-280γρ,1.79
2025-11-08,89025397,ECONOMY-Breakfast-Bran-Δημητριακά-από-Φλοιό-Σιταριού-375gr,3.49
2025-11-08,89007032,ECONOMY-Corn-Flakes-375gr,1.99
2025-11-08,89044379,ΜΑΚΒΕΛ-Σπαγγετίνη-Νο10-500gr,0.67
2025-11-08,89069065,CONDITO-Greek-Salad-Dressing-320gr,2.99
2025-11-08,89068791,ECONOMY-Snack-Sticks-με-γεύση-Ketchup-60gr-,0.69
2025-11-08,89068793,ECONOMY-Choco-Flips-Σοκολάτα-Γάλακτος-30gr-,0.79
2025-11-08,89068788,ECONOMY-Snack-Sticks-με-Γεύση-Hot-Dog-65gr-,0.69
2025-11-08,89068543,ΜΙΚΡΕΣ-ΦΑΡΜΕΣ-ΤΟΥ-ΒΟΥΝΟΥ-Πίτα-Κλασική-για-Σουβλάκι-10τμχ-700gr,1.79
2025-11-08,89068373,ΜΙΚΡΕΣ-ΦΑΡΜΕΣ-ΤΟΥ-ΒΟΥΝΟΥ-Ζωμός-Βοδινού-κύβοι-120gr-12τμχ,0.94
2025-11-08,89068281,ΠΑΞΑΜΑΣ-Λαδιού-τύπου-Κυθήρων-500gr,3.79
2025-11-08,89068372,ΜΙΚΡΕΣ-ΦΑΡΜΕΣ-ΤΟΥ-ΒΟΥΝΟΥ-Ζωμός-Λαχανικών-κύβοι-120gr-12τμχ,0.94
2025-11-08,89068099,ΠΑΠΑΔΟΠΟΥΛΟΥ-Γεύση-2-Ψωμί-Τοστ-Σίτου-350gr,0.99
2025-11-08,89068098,ΠΑΠΑΔΟΠΟΥΛΟΥ-Γεύση-2-Ψωμί-Τοστ-Ολικής-Άλεσης-Σίτου-_-Σίκαλης-350gr,1.33
2025-11-08,89068007,ΠΑΡΑΔΟΣΙΑΚΟ-ΚΟΥΛΟΥΡΙ-Μελομακάρονα-μπουκιές-500gr,3.99
2025-11-08,89068081,FLOKOS-Θράψαλο-σε-πικάντικη-σάλτσα-160gr,3.58
2025-11-08,89067866,ΜΙΚΡΕΣ-ΦΑΡΜΕΣ-ΤΟΥ-ΒΟΥΝΟΥ-Μείγμα-Βοτάνων-για-Κρυολόγημα-25gr,2.5
2025-11-08,89067865,ΜΙΚΡΕΣ-ΦΑΡΜΕΣ-ΤΟΥ-ΒΟΥΝΟΥ-Μείγμα-Βοτάνων-για-Αποτοξίνωση-25gr,2.5
2025-11-08,89067351,ΜΙΚΡΕΣ-ΦΑΡΜΕΣ-ΤΟΥ-ΒΟΥΝΟΥ-Σως-για-Burger-Top-Down-310γρ-,2.36
2025-11-08,89067387,ΒΙΟΛΑΝΤΑ-Μπισκότα-Βρώμης-Χωρίς-Ζάχαρη-με-Σοκολάτα-200gr,1.99
2025-11-08,89067313,ΕΥΡΙΠΟΣ-Πράσινο-Τσάι-Τζίντζερ-Λεμόνι-10-Φακελάκια,1.7
2025-11-08,89054334,ΜΙΚΡΕΣ-ΦΑΡΜΕΣ-ΤΟΥ-ΒΟΥΝΟΥ-ζελέ-με-γεύση-Κεράσι-χωρίς-ζάχαρη-14-5γρ-,0.99
2025-11-08,89053635,ΜΙΚΡΕΣ-ΦΑΡΜΕΣ-ΤΟΥ-ΒΟΥΝΟΥ-Γάλα-Μακράς-Διάρκειας-Πλήρες-3-6-1lt,0.99
2025-11-08,89053141,ΜΙΚΡΕΣ-ΦΑΡΜΕΣ-ΤΟΥ-ΒΟΥΝΟΥ-Τσουρέκι-Γεμιστό-με-Κάστανο-500gr,9.95
2025-11-08,89044467,ΟΛΥΜΠΟΣ-Ταχίνι-300γρ,4.98
2025-11-08,89052856,ΜΙΚΡΕΣ-ΦΑΡΜΕΣ-ΤΟΥ-ΒΟΥΝΟΥ-Τρούφα-Πολύχρωμη-100γρ,1.69
2025-11-08,89052855,ΜΙΚΡΕΣ-ΦΑΡΜΕΣ-ΤΟΥ-ΒΟΥΝΟΥ-Τρούφα-με-Σοκολάτα-Γάλακτος-100γρ,1.99
2025-11-08,89052821,ΜΙΚΡΕΣ-ΦΑΡΜΕΣ-ΤΟΥ-ΒΟΥΝΟΥ-Σταγόνες-Σοκολάτας-Γάλακτος-100gr,1.99
2025-11-08,89052681,NESTLE-Clusters-Δημητριακά-Ολικής-Άλεσης-με-Αμύγδαλα-325gr,3.69
2025-11-08,89052617,ΜΙΚΡΕΣ-ΦΑΡΜΕΣ-ΤΟΥ-ΒΟΥΝΟΥ-Αυγά-Ηπείρου-Αχυρώνας-6άδα-63-73γρ,2.29
2025-11-08,89052605,ECONOMY-Τονοσαλάτα-με-Λαχανικά-και-Άγριο-Ρύζι-160γρ,1.99
2025-11-08,89052469,ΜΙΚΡΕΣ-ΦΑΡΜΕΣ-ΤΟΥ-ΒΟΥΝΟΥ-Σοκολάτα-Γάλακτος-με-Στέβια-42gr,1.39
2025-11-08,89052457,ΜΙΚΡΕΣ-ΦΑΡΜΕΣ-ΤΟΥ-ΒΟΥΝΟΥ-Σοκολάτα-Υγείας-85gr,1.69
2025-11-08,89052459,ΜΙΚΡΕΣ-ΦΑΡΜΕΣ-ΤΟΥ-ΒΟΥΝΟΥ-Σοκολάτα-Γάλακτος-με-Φουντούκια-85gr,1.69
2025-11-08,89051967,ΜΙΚΡΕΣ-ΦΑΡΜΕΣ-ΤΟΥ-ΒΟΥΝΟΥ-Δημητριακά-Kids-Choco-Flakes-375gr-,2.99
2025-11-08,89051703,ΜΙΚΡΕΣ-ΦΑΡΜΕΣ-ΤΟΥ-ΒΟΥΝΟΥ-Μπουκιές-Βρώμης-και-Σοκολάτα-Γάλακτος-375γρ-,2.99
2025-11-08,89051653,ΜΙΚΡΕΣ-ΦΑΡΜΕΣ-ΤΟΥ-ΒΟΥΝΟΥ-Κουβερτούρα-Σοκολάτα-Υγείας-125gr,1.99
2025-11-08,89051646,ΜΙΚΡΕΣ-ΦΑΡΜΕΣ-ΤΟΥ-ΒΟΥΝΟΥ-Λουκούμια-Τριαντάφυλλο-280gr,3.29
2025-11-08,89051520,ΜΑΚΒΕΛ-Μακαρόνια-για-Παστίτσιο-Νο2-500gr,1.02
2025-11-08,89050861,TSANOS-Κριτσίνια-με-Φρεσκοτριμμένο-Τυρί-120gr,1.99
2025-11-08,89050584,ΜΙΚΡΕΣ-ΦΑΡΜΕΣ-ΤΟΥ-ΒΟΥΝΟΥ-Σοκολατάκια-Γάλακτος-με-Φουντούκι-200gr,3.99
2025-11-08,89050430,ΚΥΚΝΟΣ-Τομάτα-Περαστή-στο-Μύλο-500gr,0.87
2025-11-08,89049794,ΝΟΥΝΟΥ-Γάλα-Εβαπορέ-Light-4-Λιπαρά-4x170gr,3.28
2025-11-08,89049946,ΜΙΚΡΕΣ-ΦΑΡΜΕΣ-ΤΟΥ-ΒΟΥΝΟΥ-Ρύζι-Μπόνετ-1kg,1.99
2025-11-08,89050035,ΜΙΚΡΕΣ-ΦΑΡΜΕΣ-ΤΟΥ-ΒΟΥΝΟΥ-Mix-Κάσιους-Πίνατς-Tiger-Nuts-70gr,0.85
2025-11-08,89050034,ΜΙΚΡΕΣ-ΦΑΡΜΕΣ-ΤΟΥ-ΒΟΥΝΟΥ-Αποξηραμένα-Κράνμπερι-70gr,1.42
2025-11-08,89050033,ΜΙΚΡΕΣ-ΦΑΡΜΕΣ-ΤΟΥ-ΒΟΥΝΟΥ-Mix-Ξηρών-Καρπών-Ψημένων-_-Αλατισμένων-50gr,0.85
2025-11-08,89021100,ΚΑΡΑΜΟΛΕΓΚΟΣ-Πίτες-Αξιαγάπιτες-Κυπριακές-5Τεμάχια-400gr,1.39
2025-11-08,89049244,ECONOMY-Δημητριακά-Frooty-Rings-375gr-,2.49
2025-11-08,89049023,ΣΑΜΟΥΡΗ-Μίγμα-για-Κεϊκ-Καρότου-Χωρίς-Γλουτένη-400γρ,3.79
2025-11-08,89048954,ΜΙΚΡΕΣ-ΦΑΡΜΕΣ-ΤΟΥ-ΒΟΥΝΟΥ-Μαρμελάδα-Σύκο-Πηλίου-300-γρ-,2.99
2025-11-08,89012425,ΣΤΕΡΓΙΟΥ-Soft-Cookie-Βανίλια-100gr,1.25
2025-11-08,89048931,ECONOMY-Μουστοκούλουρα-Τραγανά-200gr,0.99
2025-11-08,89038134,ΜΙΚΡΕΣ-ΦΑΡΜΕΣ-ΤΟΥ-ΒΟΥΝΟΥ-Κουραμπιέδες-Αμυγδάλου-320gr,2.99
2025-11-08,89048738,AGRINO-Ρυζογκοφρέτες-με-Σοκολάτα-Γάλακτος-60gr,2.05
2025-11-08,89048698,ΠΑΠΑΔΟΠΟΥΛΟΥ-Μπισκότα-Πτι-Μπερ-Χωρίς-Ζάχαρη-225gr,1.48
2025-11-08,89048545,ECONOMY-Digestive-Μπάρες-Δημητριακών-με-Κράνμπερι-5τεμ-115gr,1.32
2025-11-08,89047443,ΜΙΚΡΕΣ-ΦΑΡΜΕΣ-ΤΟΥ-ΒΟΥΝΟΥ-Γάλα-Συμπυκνωμένο-Light-4-Λιπαρά-410gr,0.95
2025-11-08,89046827,ΜΙΚΡΕΣ-ΦΑΡΜΕΣ-ΤΟΥ-ΒΟΥΝΟΥ-Μπάρες-Πρωτεΐνης-Σοκολάτα-Καραμέλα-3x45gr,2.69
2025-11-08,89025910,ΤΣΑΚΙΡΗ-Αυγά-Βιολογικά-Medium-6τεμ-53-63gr,4.49
2025-11-08,89047049,ΕCONOMY-Τονοσαλάτα-Ελληνική-150gr,1.89
2025-11-08,89047048,ΕCONOMY-Τονοσαλάτα-με-Κόκκινα-Φασόλια-150gr,1.89
2025-11-08,89024193,BUONO-Πίκλες-σε-Άλμη-1kg,2.39
2025-11-08,89097019,ΑΛΛΑΤΙΝΗ-Μπισκότα-Goody-με-Αλατισμένη-Καραμέλα-185γρ-,1.99
2025-11-08,89097010,JAMMY-Σοκολάτα-Γάλακτος-με-Φράουλα,1.29
2025-11-08,89096941,ΚΑΤΣΕΛΗΣ-Ψωμί-Burger-Σταρένιο-6τμχ-480γρ,1.79
2025-11-08,89089068,D-AMICO-Κάπαρη-200γρ-σε-βάζο-120γρ,1.99
2025-11-08,89089359,ΒΟΣΙΝΑΚΗ-Φουρνίσματα-Προζυμένιο-Χωριάτικο-500γρ,1.89
2025-11-08,89096870,ΣΑΜΟΥΡΗ-Σταγόνες-Απομίμηση-Σοκολάτα-Υγείας-90γρ,1.29
2025-11-08,89096867,YUMMI-Μπάρα-Λευκή-85γρ,0.89
2025-11-08,89096866,YUMMY-Μπάρα-με-Κακάο-Γάλακτος-και-Τραγανά-Δημητριακά-85γρ,0.89
2025-11-08,89096835,ECONOMY-Gold-Καφές-Φίλτρου-Classic-400γρ,6.99
2025-11-08,89096666,ΜΙΚΡΕΣ-ΦΑΡΜΕΣ-ΤΟΥ-ΒΟΥΝΟΥ-Πορτοκαλόπιτα-90γρ,1.29
2025-11-08,89096619,ΜΙΚΡΕΣ-ΦΑΡΜΕΣ-ΤΟΥ-ΒΟΥΝΟΥ-Καστανή-Sticks-4γρΧ50τμχ-200γρ,1.39
2025-11-08,89095223,HAPPY-EARTH-Τσάντα-Πολλαπλών-Χρήσεων-35Χ31Χ18,0.79
2025-11-08,89089054,D-AMICO-Μανιτάρια-Κομμένα-400γρ-Στραγ-Βάρος-210γρ,1.39
2025-11-08,89095764,CALVO-Τόνος-σε-Νερό-160γρ-ΣΒ-112γρ,2.22
2025-11-08,89095763,CALVO-Τόνος-σε-Φυτικό-Λάδι-160γρ,2.22
2025-11-08,10706013,Nutella-Πραλίνα-Φουντουκιού-σε-Βάζο-200γρ,3.5
2025-11-08,89096200,ΥΑΜΜΙΕΖ-Choco-Dips-Hello-Κitty-32τεμ,0.99
2025-11-08,89096310,COFFEEWAY-Καφές-Στιγμής-Cookies-50γρ,3.99
2025-11-08,89096311,COFFEEWAY-Καφές-Στιγμής-Βανίλια-_-Φουντούκι-50γρ,3.99
2025-11-08,89095957,TIBTOP-Αυγό-Κακάο-_-Γάλα-με-Παιχνίδι-15γρ,0.89
2025-11-08,89095959,TIBTOP-Ζωάκι-Κακάο-_-Γάλα-με-Παιχνίδι-20γρ,0.89
2025-11-08,89096446,ΜΙΚΡΕΣ-ΦΑΡΜΕΣ-ΤΟΥ-ΒΟΥΝΟΥ-Αλμυρά-Κράκερ-Στικ-250γρ,0.99
2025-11-08,89084557,ION-Γκοφρέτα-με-Γέμιση-Κρέμα-Βανίλια-28γρ,0.29
2025-11-08,89088783,JACOBS-Καφές-Φίλτρου-Εκλεκτός-100γρ,2.98
2025-11-08,89096254,ΜΙΚΡΕΣ-ΦΑΡΜΕΣ-ΤΟΥ-ΒΟΥΝΟΥ-Γλυκάκια-Σάμαλι-85gr,0.99
2025-11-08,89096240,ΜΙΚΡΕΣ-ΦΑΡΜΕΣ-ΤΟΥ-ΒΟΥΝΟΥ-Αποξηραμένη-Τομάτα-στον-ήλιο-180γρ,1.79
2025-11-08,89096312,COFFEEWAY-Φίλτρου-Morning-Blend-σε-μερίδες-10Χ7-5γρ,3.99
2025-11-08,89096147,ΜΙΚΡΕΣ-ΦΑΡΜΕΣ-ΤΟΥ-ΒΟΥΝΟΥ-Μηλόξυδο-Αφιλτράριστο-με-Μάνα-500ml,2.85
2025-11-08,89095478,SISSINI-Κρέμα-Pistacchio-Premium-380γρ,5.99
2025-11-08,89095442,ΟΙΚΟΓΕΝΕΙΑ-ΣΤΕΡΓΙΟΥ-Pancakes-Κλασσικά-280γρ,3.35
2025-11-08,89088952,ELITE-Melba-Toast-Σταρένια-100γρ,2.09
2025-11-08,89096088,OYAKATA-Noodles-Cup-Kimchi-92γρ,1.59
2025-11-08,89096148,ΜΙΚΡΕΣ-ΦΑΡΜΕΣ-ΤΟΥ-ΒΟΥΝΟΥ-Mini-Bites-με-Γέμιση-Κρέμα-Κακάο-120γρ,0.99
2025-11-08,89095838,ECONOMY-Ζωμός-Κότας-24τεμ-240γρ-1-50€,1.43
2025-11-08,89088745,ΠΑΠΑΔΟΠΟΥΛΟΥ-2πλο-Γεμιστά-Μπισκότα-με-Κρέμα-Πραλίνα-Φουντουκιού-230γρ,1.65
2025-11-08,89095235,ΜΙΚΡΕΣ-ΦΑΡΜΕΣ-ΤΟΥ-ΒΟΥΝΟΥ-Μαρμελάδα-Φρούτα-του-Δάσους-Βάζο-400γρ,1.89
2025-11-08,89095647,ΓΙΩΤΗΣ-Φρουί-Ζελέ-Ροδάκινο-Χωρίς-Ζάχαρη-14-5γρ,1.37
2025-11-08,89095237,ΜΙΚΡΕΣ-ΦΑΡΜΕΣ-ΤΟΥ-ΒΟΥΝΟΥ-Μαρμελάδα-Ροδάκινο-Βάζο-400γρ,1.89
2025-11-08,89095654,ΓΙΩΤΗΣ-Κουβερτούρα-Pastry-Γάλακτος-125γρ,1.47
2025-11-08,89095453,LOTUS-Biscoff-Μπισκότα-με-Γέμιση-Βανίλια-150γρ,2.05
2025-11-08,89095184,ΜΙΚΡΕΣ-ΦΑΡΜΕΣ-ΤΟΥ-ΒΟΥΝΟΥ-Πτι-Μπερ-220γρ,0.79
2025-11-08,89084468,ΜΙΚΡΕΣ-ΦΑΡΜΕΣ-ΤΟΥ-ΒΟΥΝΟΥ-Ζελεδάκια-Γεύσεις-Φρούτων-Κασετίνα-250γρ,2.49
2025-11-08,89088522,ΜΑΚΒΕΛ-Λαζανάκι-με-Χαμηλό-Γλυκαιμικό-Δείκτη-400γρ,1.24
2025-11-08,89089193,LAY-S-Chips-Σκόρδο-και-Μυρωδικά-95γρ,1.49
2025-11-08,89089302,ΜΙΚΡΕΣ-ΦΑΡΜΕΣ-ΤΟΥ-ΒΟΥΝΟΥ-Βερύκοκα-Αποξηραμένα-Επανυδατωμένα-200γρ,3.49
2025-11-08,11101039,ΓΙΩΤΗΣ-Φαρίνα-Ολικής-Άλεσης-500gr,1.59
2025-11-08,89088731,ΓΙΩΤΗΣ-1-2-Bake-Μείγμα-για-Red-Velvet-Cake-520gr,4.55
2025-11-08,89088753,ΧΑΤΖΗΓΙΑΝΝΑΚΗΣ-Chico-Bits-Browmies-80γρ,2.45
2025-11-08,89088898,ECONOMY-Passata-τομάτας-690gr,1.19
2025-11-08,89088550,ΜΙΚΡΕΣ-ΦΑΡΜΕΣ-ΤΟΥ-ΒΟΥΝΟΥ-Πατέ-Αγγινάρας-200γρ,2.42
2025-11-08,89088569,ΜΙΚΡΕΣ-ΦΑΡΜΕΣ-ΤΟΥ-ΒΟΥΝΟΥ-We-like-Noodles-Cup-Λαχανικά-63γρ,0.99
2025-11-08,89088628,TENTAZIONI-Σοκολατάκια-Κεράσι-_-Λικέρ-100γρ,2.99
2025-11-08,89084816,BENS-Original-Favorites-Risotto-250γρ,3.29
2025-11-08,89084684,ΜΙΚΡΕΣ-ΦΑΡΜΕΣ-ΤΟΥ-ΒΟΥΝΟΥ-Granola-Κόκκινα-Φρούτα-450γρ,2.99
2025-11-08,89084833,ΜΙΚΡΕΣ-ΦΑΡΜΕΣ-ΤΟΥ-ΒΟΥΝΟΥ-Κάψουλες-Ncc-Intenco-10τεμ-52γρ,2.69
2025-11-08,89084787,ΜΙΚΡΕΣ-ΦΑΡΜΕΣ-ΤΟΥ-ΒΟΥΝΟΥ-Κριτσίνι-Μακεδονικό-Τυριού-165γρ,1.99
2025-11-08,89084783,ΜΙΚΡΕΣ-ΦΑΡΜΕΣ-ΤΟΥ-ΒΟΥΝΟΥ-Κριτσίνι-Μακεδονικό-Σταρένιο-170γρ,1.69
2025-11-08,89084364,ECONOMY-Μέλι-Ανθέων-Εισαγωγής-850γρ-,4.99
2025-11-08,89084619,ΜΙΚΡΕΣ-ΦΑΡΜΕΣ-ΤΟΥ-ΒΟΥΝΟΥ-Noodles-Chicken-Taste-120γρ,0.99
2025-11-08,89084788,ΜΙΚΡΕΣ-ΦΑΡΜΕΣ-ΤΟΥ-ΒΟΥΝΟΥ-με-Γέμιση-Κρέμα-Gianduja-95γρ,0.99
2025-11-08,89079688,ΜΙΚΡΕΣ-ΦΑΡΜΕΣ-ΤΟΥ-ΒΟΥΝΟΥ-Πέννες-Ολικής-Άλεσης-500γρ,0.89
2025-11-08,89079504,ΜΙΚΡΕΣ-ΦΑΡΜΕΣ-ΤΟΥ-ΒΟΥΝΟΥ-Ταλιατέλες-Ριγέ,0.79
2025-11-08,89078214,ΜΙΚΡΕΣ-ΦΑΡΜΕΣ-ΤΟΥ-ΒΟΥΝΟΥ-Μπρουσκέτα-με-Δεντρολίβανο-150γρ,1.59
2025-11-08,89071280,ΜΙΚΡΕΣ-ΦΑΡΜΕΣ-ΤΟΥ-ΒΟΥΝΟΥ-Noodles-Στιγμής-Λαχανικά-60γρ,0.62
2025-11-08,89078109,ΜΙΚΡΕΣ-ΦΑΡΜΕΣ-ΤΟΥ-ΒΟΥΝΟΥ-Chips-με-Θαλασσινό-Αλάτι-80γρ,0.69
2025-11-08,89078107,ΜΙΚΡΕΣ-ΦΑΡΜΕΣ-ΤΟΥ-ΒΟΥΝΟΥ-Chips-Σκόρδο-80γρ,0.69
2025-11-08,89078108,ΜΙΚΡΕΣ-ΦΑΡΜΕΣ-ΤΟΥ-ΒΟΥΝΟΥ-Chips-Τομάτα-_-Ελιά-80γρ,0.69
2025-11-08,89077722,ECONOMY-Σαρδέλα-Σάλτσα-Τομάτα-125γρ,1.23
2025-11-08,89071277,ΜΙΚΡΕΣ-ΦΑΡΜΕΣ-ΤΟΥ-ΒΟΥΝΟΥ-NOODLES-Στιγμής-Βοδινό-60γρ,0.62
2025-11-08,89046027,ΜΑΚΒΕΛ-Τριβελάκι-500γρ,1.0
2025-11-08,89077561,HELLMANN-S-Κέτσαπ-Squeezy-540γρ,3.99
2025-11-08,89071246,ΧΑΤΖΗΓΙΑΝΝΑΚΗΣ-Chocobits-Πορτοκάλι-80γρ,2.48
2025-11-08,89071245,ΧΑΤΖΗΓΙΑΝΝΑΚΗΣ-Chocobits-Καραμέλα-_-Αλάτι-80γρ,2.48
2025-11-08,89070876,ΜΙΚΡΕΣ-ΦΑΡΜΕΣ-ΤΟΥ-ΒΟΥΝΟΥ-Αστράκι-500γρ,0.79
2025-11-08,89070877,ΜΙΚΡΕΣ-ΦΑΡΜΕΣ-ΤΟΥ-ΒΟΥΝΟΥ-Πεπονάκι-500γρ,0.79
2025-11-08,89071110,ECONOMY-Αμύγδαλο-Ψημένο-Ανάλατο-Αμερικής-100γρ,2.49
2025-11-08,89070974,ΜΙΚΡΕΣ-ΦΑΡΜΕΣ-ΤΟΥ-ΒΟΥΝΟΥ-Ζωμός-Λαχανικών-σε-Σκόνη-140γρ,1.61
2025-11-08,89070976,ΜΙΚΡΕΣ-ΦΑΡΜΕΣ-ΤΟΥ-ΒΟΥΝΟΥ-Σάλτσα-Γλυκόξινη-Sweet-_-Sour-250ml,1.99
2025-11-08,89070714,ΓΙΩΤΗΣ-κρέμα-ζαχαροπλαστικής-τιραμισού-150γρ,1.63
2025-11-08,89070786,ECONOMY-κοτόσουπα-φιδέ-στιγμής-66γρ,0.99
2025-11-08,89070664,JUMBO-tortilla-chips-barbeque-100γρ,1.0
2025-11-08,89070663,JUMBO-tortilla-chips-chili-100γρ,1.0
2025-11-08,89040519,CORNY-μπάρα-μούσλι-μπανάνα-_-σοκολάτα-50γρ,0.89
2025-11-08,89070540,ΒΙΟΛΑΝΤΑ-μπισκότα-μίνι-πτι-μπερ-200γρ,1.39
2025-11-08,89070528,ΤΟ-ΜΑΝΝΑ-παξιμάδι-λαδιού-τ-Κυθήρων-400γρ,3.49
2025-11-08,89070249,ΜΙΚΡΕΣ-ΦΑΡΜΕΣ-ΤΟΥ-ΒΟΥΝΟΥ-πάστα-ελιάς-Καλαμών-Λακωνίας-240γρ,2.69
2025-11-08,89070248,ΜΙΚΡΕΣ-ΦΑΡΜΕΣ-ΤΟΥ-ΒΟΥΝΟΥ-ελιές-ροδέλα-Καλαμών-Λακωνίας-180γρ,2.69
2025-11-08,89069185,ΜΙΚΡΕΣ-ΦΑΡΜΕΣ-ΤΟΥ-ΒΟΥΝΟΥ-υποβρύχιο-Βανίλια-Χίου-300gr,1.61
2025-11-08,89070386,ΠΥΡΟΦΑΝΙ-σολομός-φιλέτο-σε-τομάτα-170γρ,2.99
2025-11-08,89069889,ΜΙΚΡΕΣ-ΦΑΡΜΕΣ-ΤΟΥ-ΒΟΥΝΟΥ-crunchy-oat-digestive-_-milk-375γρ,2.99
2025-11-08,89069927,ΜΙΚΡΕΣ-ΦΑΡΜΕΣ-ΤΟΥ-ΒΟΥΝΟΥ-Ξύδι-Βαλσάμικο-με-μέλι-250ml,1.69
2025-11-08,89070003,ΜΙΚΡΕΣ-ΦΑΡΜΕΣ-ΤΟΥ-ΒΟΥΝΟΥ-Μείγμα-Βοτάνων-Αρωματικό-18gr,2.99
2025-11-08,89069803,ΤΣΑΝΟΣ-bran-crackers-κλασικά-107γρ,2.5
2025-11-08,89069331,ECONOMY-Ελαιόλαδο-Παρθένο-1-λίτρο,6.99
2025-11-08,89069336,ECONOMY-Δημητριακά-Corn-Flakes-500gr,2.46
2025-11-08,89069387,AGRINO-Ρυζογκοφρέτες-με-Αλμυρή-Καραμέλα-70gr,2.38
2025-11-08,89069388,AGRINO-Ρυζογκοφρέτες-mini-με-τυρί-50gr,0.99
2025-11-08,11101013,ΜΥΛΟΙ-ΑΓΙΟΥ-ΓΕΩΡΓΙΟΥ-Φαρίν-Απ-500γρ-,1.25
2025-11-08,89046636,ΚΡΙΣ-ΚΡΙΣ-Selection-Premium-Πίτες-8τεμ-670gr,2.28
2025-11-08,89046237,ΜΙΚΡΕΣ-ΦΑΡΜΕΣ-ΤΟΥ-ΒΟΥΝΟΥ-Ρυζογκοφρέτες-Καλαμποκιού-με-Καστανό-Ρύζι-125gr,0.85
2025-11-08,89043001,ΣΑΜΟΥΡΗ-Χρώμα-Ζαχαροπλαστικής-Μπλε-28ml,2.29
2025-11-08,89036190,TORRAS-Σοκολάτα-Λευκή-Γλυκαντικά-Φράουλα-75γρ,2.49
2025-11-08,89029708,EVERGREEN-Λιναρόσπορος-Κοπανιστός-Βιολογικός-350gr,2.2
2025-11-08,10905135,SUNSWEET-Αποξηραμένα-Δαμάσκηνα-Απύρηνα-250gr,5.65
2025-11-08,89034726,ΣΤΕΡΓΙΟΥ-Τσουρέκι-με-Γέμιση-Πραλίνα-Φουντουκιού-450gr,3.75
2025-11-08,89046347,ΚΡΙΣ-ΚΡΙΣ-Selection-the-Big-Brioche-Burger-360gr,2.38
2025-11-08,89042985,TRATA-Τόνος-Καπνιστός-Πικάντικος-2x160gr,5.35
2025-11-08,89037547,BONJOUR-Kiss-Κρουασάν-με-Φράουλα-_-Πραλίνα-Φουντουκιού-140gr,1.05
2025-11-08,89034949,ΚΟΥΚΟΥΡΟΥΚΟΥ-Παιδική-Γκοφρέτα-25gr,0.47
2025-11-08,89034781,JUMBO-Country-Chips-Πιπέρι-Χωρίς-Γλουτένη-150-γρ-,1.79
2025-11-08,89034324,ΣΑΜΟΥΡΗ-Ζαχαρόπαστα-Λευκή-250gr,3.39
2025-11-08,89033800,M_M-S-Κουφετάκια-Σοκολάτας-με-Φυστίκι-125gr,2.78
2025-11-08,89033799,M_M-s-Σοκολατένια-κουφετάκια-125-γρ-,2.78
2025-11-08,89031996,JACOBS-Gold-Καφές-Στιγμιαίος-95gr,6.29
2025-11-08,89031760,ΒΙΟΛΑΝΤΑ-Μπισκότα-Full-45-Γέμιση-Σοκολάτας-150gr,1.68
2025-11-08,89031759,ΒΙΟΛΑΝΤΑ-Bianca-Μπισκότα-Κακάο-_-Βανίλια-με-Γέμιση-Κρέμα-Κακάο-Φουντουκιού-150gr,1.68
2025-11-08,89031041,Ο-Μπαξές-Φασόλια-Λευκά-Μαγειρεμένα-400γρ-,1.19
2025-11-08,89028624,HALLS-Καραμέλες-Μέλι-_-Λεμόνι-32gr,0.89
2025-11-08,89028286,POP-OTOP-Pop-Corn-Classic-Χωρίς-Γλουτένη-85-γρ-,1.1
2025-11-08,89027605,ΧΡΥΣΑ-ΑΥΓΑ-Ελευθέρας-Βοσκής-Ωμέγα-3-6άδα,3.74
2025-11-08,89026910,ANATOLI-Πάπρικα-Γλυκιά-25gr,1.04
2025-11-08,89026803,HALLS-Original-Καραμέλες-32gr,0.89
2025-11-08,89025498,ΚΡΙΣ-ΚΡΙΣ-Ψωμάκια-σταρένια-Hamburger-480gr-elbisco,2.07
2025-11-08,89025385,ΣΤΕΡΓΙΟΥ-Strudel-Μήλο-Κανέλα-125gr,1.06
2025-11-08,89025278,JUMBO-Sticks-Σνακ-Καλαμποκιού-100gr,1.1
2025-11-08,89025096,ANATOLI-Μπούκοβο-Καυτερό-35gr,1.33
2025-11-08,89024306,KIT-KAT-4Fingers-Γκοφρέτα-Σοκολάτα-41-5gr,0.98
2025-11-08,89024128,ΝΟΥΝΟΥ-Noulac-Γάλα-Εβαπορέ-Δεύτερης-Βρεφικής-Ηλικίας-Prebiotic-3-2-Λιπαρά-6x400gr,8.22
2025-11-08,89024126,ΝΟΥΝΟΥ-Γάλα-Εβαπορέ-Light-4-Λιπαρά-6x400gr,7.56
2025-11-08,89023215,ION-Dark-με-Super-Fruits-90gr,2.0
2025-11-08,89022349,ΓΙΩΤΗΣ-Creme-Υποκατάστατο-Σαντιγί-250γρ,2.14
2025-11-08,89022136,ΣΤΕΡΓΙΟΥ-Κέικ-Πορτοκάλι-400gr,3.79
2025-11-08,89021609,CALVO-Τόνος-Φιλέτο-σε-Νερό-3x160gr-Ειδική-Προσφορά,6.65
2025-11-08,89016361,ΓΙΩΤΗΣ-Garni-Κρέμα-Ζαχαροπλαστικής-Βανίλια-2x100gr,2.69
2025-11-08,89013312,ΤΣΑΝΟΣ-Παξιμάδι-Τ-Κυθήρων-350γρ,2.99
2025-11-08,89012426,ΣΤΕΡΓΙΟΥ-Soft-Cookie-Σοκολάτα-100gr,1.25
2025-11-08,89008630,MISKO-Κριθαράκι-Ολικής-Άλεσης-500gr,1.45
2025-11-08,89008261,OREO-Μπισκότα-Γεμιστά-με-Διπλή-Βανίλια-185gr,2.05
2025-11-08,89007853,ΤΟΠ-Μηλόξιδο-350ml,1.12
2025-11-08,89006501,ELITE-Crackers-Μεσογειακά-με-Φέτα-_-Ρίγανη-105gr,1.59
2025-11-08,89003673,ΣΤΕΡΓΙΟΥ-Μηλόπιτα-105gr,0.95
2025-11-08,13209017,ΤΟΠ-Ξίδι-από-100-Κρασί-350ml,0.98
2025-11-08,12607001,NESCAFE-Classic-Καφές-Στιγμιαίος-100gr,5.85
2025-11-08,12507007,PUMMARO-Τομάτες-Ψιλοκομμένες-400gr,1.08
2025-11-08,12401188,BARILLA-Έτοιμη-Σάλτσα-Ζυμαρικών-Napoletana-400γρ,2.98
2025-11-08,12401156,KNORR-Σάλτσα-Στιγμής-Carbonara-44gr,2.58
2025-11-08,12311005,ΕΥΡΙΠΟΣ-Τίλιο-10φακ-x1gr,1.39
2025-11-08,12309014,ΕΥΡΙΠΟΣ-Τσάι-Κεϋλάνης-10φακx1-5gr,0.99
2025-11-08,12308008,ΕΥΡΙΠΟΣ-Δυόσμος-15gr,1.19
2025-11-08,12307049,ΝΙΚΗ-Αλάτι-Ημίχονδρο-1kg,0.72
2025-11-08,12307002,ΚΑΛΑΣ-Αλάτι-Light-375gr,2.08
2025-11-08,12306279,ANATOLI-Ξινό-Κιτρικό-Οξύ-50gr,1.46
2025-11-08,12306272,ANATOLI-Μαχλέπι-Ολόκληρο-10gr,1.94
2025-11-08,12103107,ΓΙΩΤΗΣ-Κρέμα-Ζαχαροπλαστικής-Βανίλια-117gr,1.44
2025-11-08,12103064,ΓΙΩΤΗΣ-Κρέμα-Ζαχαροπλαστικής-Μιλφέιγ-170gr,1.59
2025-11-08,12004006,ΝΟΥΝΟΥ-Γάλα-Εβαπορέ-Πλήρες-Μερίδες-Δίχτυ-10x15gr,1.3
2025-11-08,11804042,ΓΙΩΤΗΣ-Φρουί-Ζελέ-με-Γεύση-Κεράσι-2x100γρ,1.7
2025-11-08,11802009,ΓΙΩΤΗΣ-Κορν-Φλαουρ-200γρ,1.13
2025-11-08,11604171,AGRINO-Exotic-Parboiled-με-Άγριο-Ρύζι-Αμερικής-500gr,3.79
2025-11-08,11604004,3ΑΛΦΑ-Ρύζι-τ-Αμερικής-500gr,2.45
2025-11-08,11602014,AGRINO-Σουπέ-Ρύζι-Γλασσέ-500gr,2.18
2025-11-08,11502415,MISKO-Πέννε-Ριγκάτε-500γρ,1.24
2025-11-08,11502282,BARILLA-Μακαρόνια-για-Παστίτσιο-Νο10-500gr,1.85
2025-11-08,11502021,MISKO-Φιδές-Ψιλός-250gr,0.94
2025-11-08,11501268,BARILLA-Σπαγγέτι-Νο5-500gr,1.47
2025-11-08,11201011,QUAKER-Νιφάδες-Βρώμης-Σακούλα-500g,2.84
2025-11-08,11103146,ΓΙΩΤΗΣ-Μαγιά-Στιγμής-24gr,0.98
2025-11-08,11004038,ΤΣΑΝΟΣ-Μουστοκούλουρα-Παραδοσιακά-300γρ,3.99
2025-11-08,11001049,ΚΑΡΑΜΟΛΕΓΚΟΣ-Ψωμί-Τοστ-Σταρένιο-340gr,1.05
2025-11-08,11001040,ΚΡΙΣ-ΚΡΙΣ-Ψωμί-Τοστ-Σίτου-700gr,1.38
2025-11-08,10708023,ΑΛΛΑΤΙΝΗ-Choco-Bloom-35gr,0.85
2025-11-08,10708002,ΑΛΛΑΤΙΝΗ-Cookie-με-Κομμάτια-Σοκολάτας-175gr-elbisco,1.67
2025-11-08,10707258,SERENATA-Triplo-Σοκολάτα-Γάλακτος-με-Βάφλα-_-Γεύση-φουντουκιού-50gr,0.91
2025-11-08,10707058,ION-Σοκοφρέτα-με-Σοκολάτα-Υγείας-38gr,0.52
2025-11-08,10704009,ΓΙΩΤΗΣ-Σοκολάτα-Τρούφα-100gr,2.26
2025-11-08,10701123,MALTESERS-Κουφετάκια-Σοκολάτας-175gr,3.98
2025-11-08,10701120,MARS-Σοκολάτα-Γάλακτος-με-Γέμιση-Καραμέλα-_-Νουγκά-51g,0.99
2025-11-08,10701078,ΠΑΥΛΙΔΗΣ-Σοκολάτα-Υγείας-100gr,2.85
2025-11-08,10701057,LILA-PAUSE-Σοκολάτα-Milka-με-Γέμιση-Φράουλα-34gr,1.28
2025-11-08,10005066,TRATA-Γαύρος-Αιγαίου-Ριγανάτος-σε-Φυτικό-Λάδι-100gr,2.68
2025-11-08,10001068,TRATA-Σαρδέλα-Ελαιόλαδο-100-γρ-,2.79
2025-11-08,89046343,ΚΑΡΑΜΟΛΕΓΚΟΣ-Rolls-Ψωμάκια-Burger-6τεμ-480γρ,2.22
2025-11-08,89018679,ΠΑΠΑΔΟΠΟΥΛΟΥ-Μπισκότα-2πλο-Γεμιστά-με-Σοκολάτα-230gr,1.65
2025-11-08,89016715,ΠΑΠΑΔΟΠΟΥΛΟΥ-Χωριανό-Ψωμί-Τοστ-Ολικής-Άλεσης-500gr,1.65
2025-11-08,89016714,ΠΑΠΑΔΟΠΟΥΛΟΥ-Χωριανό-Ψωμί-Τοστ-Σίτου-με-6-Δημητριακά-500gr,1.8
2025-11-08,89004793,ΠΑΠΑΔΟΠΟΥΛΟΥ-Πολυδημητριακά-Μπισκότα-με-Κακάο-160gr,1.95
2025-11-08,89001931,ΠΑΠΑΔΟΠΟΥΛΟΥ-Φρυγανιές-Χωριάτικες-240gr,2.39
2025-11-08,11003013,ΠΑΠΑΔΟΠΟΥΛΟΥ-Krispies-Παξιμάδια-με-Σουσάμι-200gr,1.6
2025-11-08,10708432,ΠΑΠΑΔΟΠΟΥΛΟΥ-Super-Rondo-Μπισκότα-με-Γέμιση-Κακάο-500gr,2.48
2025-11-08,10708389,ΠΑΠΑΔΟΠΟΥΛΟΥ-ΠΤΙ-ΜΠΕΡ-Μπισκότα-Σοκολάτα-200γρ,2.08
2025-11-08,89046236,ECONOMY-Γάλα-Εβαπορέ-Light-Μερίδες-Δίχτυ-10x15gr,0.99
2025-11-08,89042926,ΜΙΚΡΕΣ-ΦΑΡΜΕΣ-ΤΟΥ-ΒΟΥΝΟΥ-Φυστικοβούτυρο-με-95-Φυστίκι-400gr,2.99
2025-11-08,89041327,ΜΙΚΡΕΣ-ΦΑΡΜΕΣ-ΤΟΥ-ΒΟΥΝΟΥ-Νιφάδες-Ολικής-από-Ρύζι-_-Σιτάρι-375gr,2.59
2025-11-08,89037201,ΜΙΚΡΕΣ-ΦΑΡΜΕΣ-ΤΟΥ-ΒΟΥΝΟΥ-Ρεβύθια-με-Σάλτσα-Τομάτας-_-Καρότο-280gr,1.79
2025-11-08,89036316,ECONOMY-Κράκερ-σε-Σχήμα-Μπρέτσελ-235gr,1.89
2025-11-08,89036180,ΜΙΚΡΕΣ-ΦΑΡΜΕΣ-ΤΟΥ-ΒΟΥΝΟΥ-Μπάρα-με-Βρώμη-_-Μέλι-2x6τεμ-210gr,1.99
2025-11-08,89035155,ΜΙΚΡΕΣ-ΦΑΡΜΕΣ-ΤΟΥ-ΒΟΥΝΟΥ-Τσουρέκι-Με-Γέμιση-Πραλίνας-480-γρ-,2.99
2025-11-08,89035085,ECONOMY-Dulce-De-Leche-Γάλα-Ζαχαρούχο-Συμπυκνωμένο-Καραμελωμένο-6-Λιπαρά-397γρ,1.79
2025-11-08,89035051,ΜΙΚΡΕΣ-ΦΑΡΜΕΣ-ΤΟΥ-ΒΟΥΝΟΥ-Γάλα-Ζαχαρούχο-Συμπυκνωμένο-8-Λιπαρά-397γρ,1.69
2025-11-08,89034429,ΜΙΚΡΕΣ-ΦΑΡΜΕΣ-ΤΟΥ-ΒΟΥΝΟΥ-French-Dressing-Squeeze-300gr,1.7
2025-11-08,89032107,ECONOMY-Στιγμιαίο-Ρόφημα-Κακάο-XXL-700γρ,3.99
2025-11-08,89032084,ECONOMY-Αυγά-6άδα-<53gr,1.79
2025-11-08,89030990,ΜΙΚΡΕΣ-ΦΑΡΜΕΣ-ΤΟΥ-ΒΟΥΝΟΥ-Μπισκότα-Cookies-με-Κομματάκια-Σοκολάτας-175gr,1.19
2025-11-08,89029642,ΜΙΚΡΕΣ-ΦΑΡΜΕΣ-ΤΟΥ-ΒΟΥΝΟΥ-Riccioli-Σνακ-Καλαμποκιού-100gr,1.69
2025-11-08,89029641,ΜΜΙΚΡΕΣ-ΦΑΡΜΕΣ-ΤΟΥ-ΒΟΥΝΟΥ-Tubini-Σνακ-Πατάτας-100gr,1.69
2025-11-08,89029303,ΜΙΚΡΕΣ-ΦΑΡΜΕΣ-ΤΟΥ-ΒΟΥΝΟΥ-Τριβέλι-500gr,0.79
2025-11-08,89028432,ECONOMY-Βασιλικός-Τριμμένος-55gr,1.51
2025-11-08,89028429,ECONOMY-Πιπέρι-Μαύρο-Ολόκληρο-40gr,1.99
2025-11-08,89028097,ECONOMY-Δαφνόφυλλα-15gr,1.79
2025-11-08,89027581,ΜΙΚΡΕΣ-ΦΑΡΜΕΣ-ΤΟΥ-ΒΟΥΝΟΥ-Ψωμί-Τοστ-Σίκαλης-340gr,0.96
2025-11-08,89027492,ΜΙΚΡΕΣ-ΦΑΡΜΕΣ-ΤΟΥ-ΒΟΥΝΟΥ-Ελιές-Καλαμών-Χαρακτές-350gr,2.99
2025-11-08,89027296,ECONOMY-Κάρρυ-σε-γυάλινο-βάζο-30gr,1.39
2025-11-08,89027253,ECONOMY-Αναψυκτικό-Ροδάκινο-Χωρίς-Ανθρακικό-5lt,1.89
2025-11-08,89027090,ECONOMY-Τόνος-Τεμαχισμένος-σε-Φυτικό-Λάδι-160gr,1.79
2025-11-08,89026185,ECONOMY-Ροδόνερο-270ml,1.99
2025-11-08,89025485,ECONOMY-Μαρμελάδα-Ροδάκινο-Γυάλινο-Βάζο-450gr,2.39
2025-11-08,89024658,ΜΙΚΡΕΣ-ΦΑΡΜΕΣ-ΤΟΥ-ΒΟΥΝΟΥ-Αυγά-Ηπείρου-6άδα-56-63γρ,1.89
2025-11-08,89023966,ECONOMY-Χαλβάς-με-Αμύγδαλο-400gr,2.99
2025-11-08,89022935,ECONOMY-Μπισκότα-Σοκολάτα-_-Κακάο-175gr,0.99
2025-11-08,89019410,ECONOMY-Ηλιέλαιο-Ραφιναρισμένο-5lt,8.89
2025-11-08,89016095,ECONOMY-Γλυκό-του-Κουταλιού-Σύκο-450gr,3.99
2025-11-08,89013497,ECONOMY-Καραμέλες-Τσάρλεστον-200gr,1.89
2025-11-08,89035105,ECONOMY-Sticks-με-Αλάτι-250gr,1.04
2025-11-08,89034573,ΜΙΚΡΕΣ-ΦΑΡΜΕΣ-ΤΟΥ-ΒΟΥΝΟΥ-Μπάρα-με-Κράνμπερι-_-Νιφάδες-Βρώμης-3x35gr,1.69
2025-11-08,89031540,ECONOMY-Honey-Rings-Δημητριακά-Δακτυλίδια-Μελιού-375gr,1.89
2025-11-08,89031537,ECONOMY-Choco-Rice-Δημητριακά-Ρυζιού-με-Επικάλυψη-Κακάο-375gr,1.99
2025-11-08,89029966,ECONOMY-Ρίγανη-50gr,0.85
2025-11-08,89029963,ΜΙΚΡΕΣ-ΦΑΡΜΕΣ-ΤΟΥ-ΒΟΥΝΟΥ-Παξιμάδια-Κουλούρι-Σικάλεως-από-την-Κρήτη-250gr,1.99
2025-11-08,89029962,ΜΙΚΡΕΣ-ΦΑΡΜΕΣ-ΤΟΥ-ΒΟΥΝΟΥ-Παξιμάδια-Κουλούρι-Σταρένιο-από-την-Κρήτη-250gr,1.99
2025-11-08,89029268,ECONOMY-Αλάτι-500gr,0.28
2025-11-08,89029267,ECONOMY-Μουστάρδα-Απαλή-250gr,0.85
2025-11-08,89026016,ΜΙΚΡΕΣ-ΦΑΡΜΕΣ-ΤΟΥ-ΒΟΥΝΟΥ-Κουλουράκια-Αμυγδάλου-με-Μέλι-300gr,2.59
2025-11-08,89025993,ΜΙΚΡΕΣ-ΦΑΡΜΕΣ-ΤΟΥ-ΒΟΥΝΟΥ-Μαρμελάδα-Μύρτιλο-Πηλίου-300gr,3.99
2025-11-08,89025990,ΜΙΚΡΕΣ-ΦΑΡΜΕΣ-ΤΟΥ-ΒΟΥΝΟΥ-Μαρμελάδα-Φράουλα-Χ-Ζ-250gr,3.99
2025-11-08,89025913,ΜΙΚΡΕΣ-ΦΑΡΜΕΣ-ΤΟΥ-ΒΟΥΝΟΥ-Αυγά-Βιολογικής-Γεωργίας-6άδα-53-63γρ,3.49
2025-11-08,89025484,ECONOMY-Μαρμελάδα-Βερίκοκο-Γυάλινο-Βάζο-450gr,2.39
2025-11-08,89024806,ΜΙΚΡΕΣ-ΦΑΡΜΕΣ-ΤΟΥ-ΒΟΥΝΟΥ-Παστέλι-με-Φυστίκι-60γρ,0.94
2025-11-08,89024803,ΜΙΚΡΕΣ-ΦΑΡΜΕΣ-ΤΟΥ-ΒΟΥΝΟΥ-Παστέλι-Σουσάμι-_-Μέλι-80γρ,1.49
2025-11-08,89024450,ECONOMY-Ζελέ-Κεράσι-170gr,1.19
2025-11-08,89024089,ΜΙΚΡΕΣ-ΦΑΡΜΕΣ-ΤΟΥ-ΒΟΥΝΟΥ-Χυλοπίτες-Φούρνου-500gr,2.39
2025-11-08,89024087,ΜΙΚΡΕΣ-ΦΑΡΜΕΣ-ΤΟΥ-ΒΟΥΝΟΥ-Τραχανάς-Ξινός-500gr,2.39
2025-11-08,89023796,ECONOMY-Αυγά-6τεμ-Medium-53-63gr,1.49
2025-11-08,89023370,ECONOMY-Ζελέ-Ανανάς-Light-14-5gr,0.89
2025-11-08,89022778,Economy-Ρύζι-Basmati-500γρ,1.89
2025-11-08,89022321,ECONOMY-Ντολμαδάκια-Γιαλαντζί-280gr,1.99
2025-11-08,89020562,ECONOMY-Σησάμι-Αποφλοιωμένο-100gr,0.85
2025-11-08,89020559,ECONOMY-Κάσιους-Ψημένα-Ανάλατα-Ινδίας-100gr,2.79
2025-11-08,89020556,ECONOMY-Αμυγδαλόψιχα-Ωμή-Ανάλατη-100gr,1.99
2025-11-08,89020394,ECONOMY-Κάσιους-Ψημένα-Αλατισμένα-Ινδίας-100gr,2.49
2025-11-08,89019187,ECONOMY-Σάλτσα-Γλυκόξινη-380gr,1.59
2025-11-08,89018862,ECONOMY-Πυρηνέλαιο-1lt,3.99
2025-11-08,89018861,ECONOMY-Ελαιόλαδο-1lt,6.49
2025-11-08,89018849,ECONOMY-Ρύζι-τ-Αμερικής-500gr,0.99
2025-11-08,89017788,ECONOMY-Τσουρεκάκια-Γεμιστά-με-Κρέμα-Κακάο-280gr,3.49
2025-11-08,89013641,ECONOMY-Αραβοσιτέλαιο-1lt,2.99
2025-11-08,89009472,ECONOMY-Φυστίκια-Tiger-80gr,1.23
2025-11-08,89006180,ECONOMY-Ρύζι-τ-Αμερικής-1kg,1.99
2025-11-08,89006178,ECONOMY-Ρύζι-Γλασσέ-1kg,1.89
2025-11-08,89005888,ECONOMY-Μέλι-Ανθέων-Εντός-ΕΕ-Βάζο-450gr,3.49
2025-11-08,89029653,ΜΙΚΡΕΣ-ΦΑΡΜΕΣ-ΤΟΥ-ΒΟΥΝΟΥ-Χαμομήλι-Κρήτης-30gr,2.56
2025-11-08,89029652,ΜΙΚΡΕΣ-ΦΑΡΜΕΣ-ΤΟΥ-ΒΟΥΝΟΥ-Φασκόμηλο-Κρήτης-30gr,2.56
2025-11-08,89029651,ΜΙΚΡΕΣ-ΦΑΡΜΕΣ-ΤΟΥ-ΒΟΥΝΟΥ-Ρίγανη-Κρήτης-100gr,2.56
2025-11-08,89028758,ECONOMY-Κεκάκια-Με-Κρέμα-Κακάο-200gr,1.29
2025-11-08,89023925,ΜΙΚΡΕΣ-ΦΑΡΜΕΣ-ΤΟΥ-ΒΟΥΝΟΥ-Ρεβύθια-Χονδρά-Λάρισας-500gr,1.85
2025-11-08,89023921,ΜΙΚΡΕΣ-ΦΑΡΜΕΣ-ΤΟΥ-ΒΟΥΝΟΥ-Φακές-Ψιλές-Φαρσάλων-500-γρ-,1.29
2025-11-08,89023919,ΜΙΚΡΕΣ-ΦΑΡΜΕΣ-ΤΟΥ-ΒΟΥΝΟΥ-Ρύζι-Καρολίνα-Αξιού-για-Ριζότο-_-Γεμιστά-500gr,0.94
2025-11-08,89023916,ΜΙΚΡΕΣ-ΦΑΡΜΕΣ-ΤΟΥ-ΒΟΥΝΟΥ-Ρύζι-Νυχάκι-Αξιού-για-Πιλάφι-500gr,0.85
2025-11-08,89023915,ΜΙΚΡΕΣ-ΦΑΡΜΕΣ-ΤΟΥ-ΒΟΥΝΟΥ-Ρύζι-Μπόνετ-500gr,0.99
2025-11-08,89021820,ECONOMY-Σκουμπρί-Φιλέτο-σε-Σάλτσα-Τομάτας-180gr,1.99
2025-11-08,89016870,ECONOMY-Αλεύρι-για-Όλες-τις-Χρήσεις-1kg,0.69
2025-11-08,12601015,LAVAZZA-Καφές-Espresso-Rossa-Αλεσμένος-250γρ,8.58
2025-11-08,89015618,LAVAZZA-Καφές-Espresso-Crema-E-Gusto-Αλεσμένος-250γρ,8.05
2025-11-08,89069300,LAVAZZA-Espresso-Κάψουλες-Crema-e-Gusto-10τμχ,5.51
2025-11-08,89069305,LAVAZZA-Καφές-Espresso-Qualita-Rossa-σε-Kάψουλες-συμβατές-με-μηχανή-Nespresso-10τμχ-5-7γρ,5.51
2025-11-08,89068787,ECONOMY-Choco-Flips-Λευκή-Σοκολάτα-30gr-,0.79
2025-11-08,89068625,PRINGLES-Πατατάκια-Paprika-165gr,2.49
2025-11-08,89068544,ΜΙΚΡΕΣ-ΦΑΡΜΕΣ-ΤΟΥ-ΒΟΥΝΟΥ-Πίτα-Καλαμποκιού-για-Σουβλάκι-8τμχ-680gr,1.79
2025-11-08,89054368,ΣΑΜΟΥΡΗ-Κρέμα-Ζαχαροπλαστικής-Μιλφέιγ-170gr,1.39
2025-11-08,89054367,ΣΑΜΟΥΡΗ-Κρέμα-Ζαχαροπλαστικής-Σοκολάτα-170gr,1.35
2025-11-08,89068353,ΜΙΚΡΕΣ-ΦΑΡΜΕΣ-ΤΟΥ-ΒΟΥΝΟΥ-Ρίγανη-BIO-40gr,1.99
2025-11-08,89068277,OHONOS-Jumbo-Crunchy-Chips-Ρίγανη-150gr,1.59
2025-11-08,89068374,ΜΙΚΡΕΣ-ΦΑΡΜΕΣ-ΤΟΥ-ΒΟΥΝΟΥ-Ζωμός-Κότας-κύβοι-120gr-12τμχ,0.94
2025-11-08,89068278,OHONOS-Jumbo-Crunchy-Chips-Αλάτι-150gr,1.59
2025-11-08,89068167,NESCAFE-Azera-Καφές-Στιγμιαίος-Freddo-Espresso-100-Arabica-σε-Στικς-12x3-5gr,3.79
2025-11-08,89068022,ΜΙΚΡΕΣ-ΦΑΡΜΕΣ-ΤΟΥ-ΒΟΥΝΟΥ-Ελαιόλαδο-Κλασικό-1lt,5.99
2025-11-08,89068024,ΜΙΚΡΕΣ-ΦΑΡΜΕΣ-ΤΟΥ-ΒΟΥΝΟΥ-Αραβοσιτέλαιο-2lt,5.59
2025-11-08,89067834,KINDER-Φιγούρες-Σοκολάτας-35gr,1.2
2025-11-08,89067730,ΣΑΜΟΥΡΗ-Κρέμα-Αραβοσίτου-Σοκολάτα-48γρ-,0.55
2025-11-08,89067729,ΣΑΜΟΥΡΗ-Κρέμα-Αραβοσίτου-Βανίλια-43γρ-,0.45
2025-11-08,89062882,ORIENTAL-EXPRESS-Φύκια-Σούσι-Nori-5φύλλα-14γρ-,2.45
2025-11-08,89054459,ECONOMY-Στιγμιαίος-Καφές-200γρ-,5.99
2025-11-08,89054463,ΜΙΚΡΕΣ-ΦΑΡΜΕΣ-ΤΟΥ-ΒΟΥΝΟΥ-Γιαννιώτικος-Μπακλαβάς-Κανταΐφι-7Χ35γρ-,3.32
2025-11-08,89054331,ΜΙΚΡΕΣ-ΦΑΡΜΕΣ-ΤΟΥ-ΒΟΥΝΟΥ-ζελέ-με-γεύση-Ανανά-200γρ-,1.19
2025-11-08,89054188,MR-BROWNIE-κεκάκια-brownies-με-Βέλγικη-σοκολάτα-200γρ-,2.69
2025-11-08,89052799,TSAKIRIS-Πατατάκια-Sticks-με-Αλάτι-130gr,1.98
2025-11-08,89052716,ΜΙΚΡΕΣ-ΦΑΡΜΕΣ-ΤΟΥ-ΒΟΥΝΟΥ-Σοκολατίνια-Υγείας-Γεμιστά-με-Cherry-120gr,1.99
2025-11-08,89052606,ECONOMY-Τονοσαλάτα-με-Λαχανικά-και-Κόκκινη-Κινόα-160γρ,1.99
2025-11-08,89052589,ΕΥΡΙΠΟΣ-Σησάμι-Βάζο-150γρ,3.69
2025-11-08,89052467,ΜΙΚΡΕΣ-ΦΑΡΜΕΣ-ΤΟΥ-ΒΟΥΝΟΥ-Σοκολάτα-Γεμιστή-Γάλακτος-με-Κομμάτια-Φράουλα-42gr,0.99
2025-11-08,89052454,ΜΙΚΡΕΣ-ΦΑΡΜΕΣ-ΤΟΥ-ΒΟΥΝΟΥ-Σοκολάτα-Λευκή-85gr,1.69
2025-11-08,89052460,ΜΙΚΡΕΣ-ΦΑΡΜΕΣ-ΤΟΥ-ΒΟΥΝΟΥ-Ελίτσες-Σοκολάτας-Γάλακτος-με-Αμύγδαλα-100gr,1.69
2025-11-08,89052456,ΜΙΚΡΕΣ-ΦΑΡΜΕΣ-ΤΟΥ-ΒΟΥΝΟΥ-Σοκολάτα-Γάλακτος-με-Αμύγδαλα-85gr,1.69
2025-11-08,89052461,ΜΙΚΡΕΣ-ΦΑΡΜΕΣ-ΤΟΥ-ΒΟΥΝΟΥ-Ελίτσες-Σοκολάτας-Υγείας-με-Αμύγδαλα-100gr,1.69
2025-11-08,89052296,ΜΙΚΡΕΣ-ΦΑΡΜΕΣ-ΤΟΥ-ΒΟΥΝΟΥ-Δημητριακά-Kids-Honey-Rings-375gr,2.89
2025-11-08,89052186,ΜΙΚΡΕΣ-ΦΑΡΜΕΣ-ΤΟΥ-ΒΟΥΝΟΥ-Δημητριακά-Kids-Choco-Pillows-375gr,2.89
2025-11-08,89051969,ΜΙΚΡΕΣ-ΦΑΡΜΕΣ-ΤΟΥ-ΒΟΥΝΟΥ-Καλαμπόκι-Γλυκό-340gr,1.29
2025-11-08,89050040,NACOLIVES-Ελιές-Ανάμικτες-με-Ρίγανη-το-Κιλό,1.75
2025-11-08,89051652,ΜΙΚΡΕΣ-ΦΑΡΜΕΣ-ΤΟΥ-ΒΟΥΝΟΥ-Κουβερτούρα-Σοκολάτα-Γάλακτος-125gr,1.99
2025-11-08,89051580,ΜΙΚΡΕΣ-ΦΑΡΜΕΣ-ΤΟΥ-ΒΟΥΝΟΥ-Μούσλι-Τραγανό-από-μπουκιές-Δημητριακών-με-Κράμπερι-375γρ,1.99
2025-11-08,89051501,ΜΙΚΡΕΣ-ΦΑΡΜΕΣ-ΤΟΥ-ΒΟΥΝΟΥ-Μπάρες-με-Μπισκότο-Digestive-_-Σοκολάτα-4x28gr,1.99
2025-11-08,89051387,ΜΙΚΡΕΣ-ΦΑΡΜΕΣ-ΤΟΥ-ΒΟΥΝΟΥ-Πουρές-Πατάτας-Χωρίς-Γλουτένη-125γρ-,1.09
2025-11-08,89051320,JACOBS-Καφές-Στιγμιαίος-Iced-Cappuccino-Salted-Caramel-Sticks-8x17-8gr,3.38
2025-11-08,89050860,TSANOS-Κριτσίνια-με-Κουρκουμά-_-Κόλιανδρο-55gr,1.93
2025-11-08,89051012,ECONOMY-Τόνος-Καπνιστός-σε-Φυτικό-Λάδι-2x160gr,2.99
2025-11-08,89050595,ΜΙΚΡΕΣ-ΦΑΡΜΕΣ-ΤΟΥ-ΒΟΥΝΟΥ-Φλωμάρι-Λαχανικών-Λήμνου-400gr,3.49
2025-11-08,89050594,ΜΙΚΡΕΣ-ΦΑΡΜΕΣ-ΤΟΥ-ΒΟΥΝΟΥ-Φλωμάρι-Πλατύ-Λήμνου-400gr,2.99
2025-11-08,89049793,ΝΟΥΝΟΥ-Γάλα-Εβαπορέ-4x170-γρ-,3.28
2025-11-08,89050166,AGRIFREDA-Ταχίνι-Εδέσσης-με-Μέλι-350gr,2.99
2025-11-08,89049191,ΜΙΚΡΕΣ-ΦΑΡΜΕΣ-ΤΟΥ-ΒΟΥΝΟΥ-Μανιτάρια-Τεμαχισμένα-400gr,1.69
2025-11-08,11103043,MAC-MAGIC-Ξηρή-Μαγιά-Στιγμής-3x9gr,0.85
2025-11-08,89048417,ΜΙΚΡΕΣ-ΦΑΡΜΕΣ-ΤΟΥ-ΒΟΥΝΟΥ-Λεμονόπιτα-400gr,3.49
2025-11-08,89048308,NESCAFE-Gold-Cappuccino-Decaf-Καφές-Στιγμιαίος-Sticks-10x12-5gr,3.59
2025-11-08,89047315,ECONOMY-Party-Mix-Αλμυρών-Κράκερ-200γρ,0.99
2025-11-08,89046826,ΜΙΚΡΕΣ-ΦΑΡΜΕΣ-ΤΟΥ-ΒΟΥΝΟΥ-Μπάρες-Πρωτεΐνης-Σοκολάτα-Πραλίνα-3x45gr,2.69
2025-11-08,89015936,MAXWELL-House-Καφές-Φίλτρου-225γρ,5.19
2025-11-08,89046622,ΜΙΚΡΕΣ-ΦΑΡΜΕΣ-ΤΟΥ-ΒΟΥΝΟΥ-Αλάτι-Θαλασσινό-σε-Μύλο-95gr,1.89
2025-11-08,89023442,ΗΠΕΙΡΩΤΙΚΑ-ΑΥΓΑ-Ασπράδι-Αυγού-500ml,3.6
2025-11-08,89084856,ΜΙΚΡΕΣ-ΦΑΡΜΕΣ-ΤΟΥ-ΒΟΥΝΟΥ-Μελομακάρονα-με-Επικάλυψη-Σοκολάτα-350γρ,3.79
2025-11-08,89084362,ΜΙΚΡΕΣ-ΦΑΡΜΕΣ-ΤΟΥ-ΒΟΥΝΟΥ-Μέλι-Ελληνικό-Πεύκο-Θάσου-400γρ,4.99
2025-11-08,89011558,GALLO-Risotto-με-Μανιτάρια-175γρ,2.68
2025-11-08,89088436,ΜΙΚΡΕΣ-ΦΑΡΜΕΣ-ΤΟΥ-ΒΟΥΝΟΥ-Choco-Μαξιλαράκια-375γρ,2.99
2025-11-08,89084445,POPHOUSE-Καραμελωμένα-Popcorn-180γρ,2.39
2025-11-08,89084446,POPHOUSE-Γλυκό-Πολύχρωμο-Popcorn-130γρ,2.39
2025-11-08,89088434,ΜΙΚΡΕΣ-ΦΑΡΜΕΣ-ΤΟΥ-ΒΟΥΝΟΥ-Φέτες-Παξιμαδιού-Κρίθινες-Λέσβου-400γρ,2.84
2025-11-08,89084361,ΜΙΚΡΕΣ-ΦΑΡΜΕΣ-ΤΟΥ-ΒΟΥΝΟΥ-μέλι-θυμαρίσιο-Κεφαλλονιάς-400γρ-,4.99
2025-11-08,89084694,LACTA-Σοκολάτα-με-Ολόκληρο-Φουντούκι-100γρ,2.85
2025-11-08,89070811,Χωριανό-Ολικής-Άλεσης-με-Dinkel-700γρ,2.07
2025-11-08,89079786,ΜΙΚΡΕΣ-ΦΑΡΜΕΣ-ΤΟΥ-ΒΟΥΝΟΥ-Κριτσίνι-Χειροποίητο-με-Λιαστή-Τομάτα-150γρ,1.8
2025-11-08,89079726,ΜΙΚΡΕΣ-ΦΑΡΜΕΣ-ΤΟΥ-ΒΟΥΝΟΥ-Μπάρα-Πρωτεΐνης-Φράουλα-60γρ,0.99
2025-11-08,89079722,ΣΚΟΝΗ-ΜΑΣΤΙΧΑΣ-Χίου-Μαλτοδεξτρίνη-3Χ2γρ,1.75
2025-11-08,89078143,ΜΙΚΡΕΣ-ΦΑΡΜΕΣ-ΤΟΥ-ΒΟΥΝΟΥ-Σάλτσα-Τομάτας-με-Ελαιόλαδο-_-Λιαστή-Τομάτα-300γρ,1.79
2025-11-08,89079602,ΜΙΚΡΕΣ-ΦΑΡΜΕΣ-ΤΟΥ-ΒΟΥΝΟΥ-Κριτσίνια-Πρέτσελ-200γρ,1.79
2025-11-08,89078623,ΜΙΚΡΕΣ-ΦΑΡΜΕΣ-ΤΟΥ-ΒΟΥΝΟΥ-Χαλβάς-με-Βύσσινο-Σοκολάτα-_-Φουντούκι-250γρ,2.99
2025-11-08,89079443,ECONOMY-Αμπελόφυλλα-Βάζο-430γρ,3.79
2025-11-08,89078495,ELBISCO-Το-Μάννα-Παξιμάδι-Κρίθινο-300γρ,2.55
2025-11-08,89078497,ΜΙΚΡΕΣ-ΦΑΡΜΕΣ-ΤΟΥ-ΒΟΥΝΟΥ-Φασολάκια-Λαδερά-280γρ,1.99
2025-11-08,89078394,TEKMAR-Μπάρα-29-Πρωτεΐνη-Αλάτι-Καραμέλα-_-Μαγνήσιο-40γρ,2.49
2025-11-08,89078306,ΜΙΚΡΕΣ-ΦΑΡΜΕΣ-ΤΟΥ-ΒΟΥΝΟΥ-Τραχανάς-με-Κατσικίσιο-Γάλα-250γρ,2.69
2025-11-08,89078160,ΜΙΚΡΕΣ-ΦΑΡΜΕΣ-ΤΟΥ-ΒΟΥΝΟΥ-Γλυκό-Κουταλιού-Μανταρίνι-Χίου-450γρ,3.32
2025-11-08,89077662,ΜΙΚΡΕΣ-ΦΑΡΜΕΣ-ΤΟΥ-ΒΟΥΝΟΥ-Μείγμα-για-ψησταριά-σε-γυάλινο-Μύλο,2.49
2025-11-08,89071288,ΜΙΚΡΕΣ-ΦΑΡΜΕΣ-ΤΟΥ-ΒΟΥΝΟΥ-Παστέλι-με-Σουσάμι-Πλάκα-100γρ,1.29
2025-11-08,89077696,ΒΛΑΧΑΚΗ-Αυγά-Βιολογικά-Medium-6τεμ,4.29
2025-11-08,11502165,MISKO-Αχιβάδες-500γρ,1.24
2025-11-08,89071287,ΜΙΚΡΕΣ-ΦΑΡΜΕΣ-ΤΟΥ-ΒΟΥΝΟΥ-Χυλοπιτάκι-Αυγά-_-Γάλα-500γρ,2.55
2025-11-08,89071284,ΜΙΚΡΕΣ-ΦΑΡΜΕΣ-ΤΟΥ-ΒΟΥΝΟΥ-Τραχανάς-Ξινός-Αχαΐας-Αυγά-_-Γάλα-500γρ,2.55
2025-11-08,89070878,ΜΙΚΡΕΣ-ΦΑΡΜΕΣ-ΤΟΥ-ΒΟΥΝΟΥ-Σπαγγέτι-Νο5-500γρ,0.79
2025-11-08,89071061,ΜΙΚΡΕΣ-ΦΑΡΜΕΣ-ΤΟΥ-ΒΟΥΝΟΥ-Τουρσί-σε-Άλμη-340γρ,1.7
2025-11-08,89070875,ΜΙΚΡΕΣ-ΦΑΡΜΕΣ-ΤΟΥ-ΒΟΥΝΟΥ-Κριθαράκι-Χονδρό-500γρ,0.79
2025-11-08,89070989,ΜΙΚΡΕΣ-ΦΑΡΜΕΣ-ΤΟΥ-ΒΟΥΝΟΥ-Κερασόπιτα-Ατομική-100γρ,0.85
2025-11-08,89070958,ΜΙΚΡΕΣ-ΦΑΡΜΕΣ-ΤΟΥ-ΒΟΥΝΟΥ-Τσουρέκι-Κοτσίδα-με-Μαστίχα-380γρ,1.79
2025-11-08,89070797,ΤΣΙΡΟΓΑΛΑΚΗ-καφές-ελληνικός-100γρ,1.98
2025-11-08,89070703,ΜΙΚΡΕΣ-ΦΑΡΜΕΣ-ΤΟΥ-ΒΟΥΝΟΥ-κέικ-rondo-κακάο-_-βανίλια-400γρ,2.99
2025-11-08,89070652,ΜΙΚΡΕΣ-ΦΑΡΜΕΣ-ΤΟΥ-ΒΟΥΝΟΥ-τορτίγιες-πικάντικες-4τμχ-248γρ,1.25
2025-11-08,89070627,ECONOMY-ζωμός-λαχανικών-12τεμ-120γρ,0.89
2025-11-08,89070466,ΜΙΚΡΕΣ-ΦΑΡΜΕΣ-ΤΟΥ-ΒΟΥΝΟΥ-caps-d-gusto-ristretto-10τεμ,3.99
2025-11-08,89057953,ΜΑΚΒΕΛ-Tortellini-4-τυριά-250γρ,2.04
2025-11-08,89070105,ECONOMY-Σάλτσα-BBQ-Top-Down-320gr,2.36
2025-11-08,89069751,ΜΙΚΡΕΣ-ΦΑΡΜΕΣ-ΤΟΥ-ΒΟΥΝΟΥ-γλυκό-κουταλιού-τριαντάφυλλο-Χίου-450γρ,3.32
2025-11-08,89069993,LA-BOULANGERE-ψωμάκια-σοκολάτα-8τεμ-200γρ,3.75
2025-11-08,89069928,ΜΙΚΡΕΣ-ΦΑΡΜΕΣ-ΤΟΥ-ΒΟΥΝΟΥ-Ξύδι-Κρέμα-Βαλσάμικο-250ml,1.89
2025-11-08,89069926,ΜΙΚΡΕΣ-ΦΑΡΜΕΣ-ΤΟΥ-ΒΟΥΝΟΥ-Ξύδι-Βαλσάμικο-Σύκο-250ml,1.69
2025-11-08,89070004,ΜΙΚΡΕΣ-ΦΑΡΜΕΣ-ΤΟΥ-ΒΟΥΝΟΥ-Μείγμα-Βοτάνων-της-Γιαγιάς-18gr,2.99
2025-11-08,89069802,ΤΣΑΝΟΣ-bran-crackers-με-ηλιόσπορο-107γρ,2.5
2025-11-08,89069800,ΤΣΑΝΑΚΙΑ-σνακς-με-λιαστή-ντομάτα-60γρ,0.99
2025-11-08,89069806,ΜΠΑΞΕΣ-κομπόστα-ανανάς-565γρ,2.39
2025-11-08,89069410,ΜΙΚΡΕΣ-ΦΑΡΜΕΣ-ΤΟΥ-ΒΟΥΝΟΥ-Σιρόπι-από-Σύκα-Εύβοιας-340γρ,3.59
2025-11-08,89097008,JAMMY-Σοκολάτα-Μαύρη-με-Κεράσι-80γρ-,1.29
2025-11-08,89096853,OSCAR-ΑΗ-ΒΑΣΙΛΗΣ-Απομίμηση-Σοκολάτας-Γάλακτος-100γρ,1.49
2025-11-08,89096855,OSCAR-ΑΗ-ΒΑΣΙΛΗΣ-Απομίμηση-Σοκολάτας-Γάλακτος-60γρ,0.89
2025-11-08,89096353,ΜΙΚΡΕΣ-ΦΑΡΜΕΣ-ΤΟΥ-ΒΟΥΝΟΥ-Αλεύρι-για-Πίτσα-1Κg,1.42
2025-11-08,89096588,WAWEL-Choco-Brownie-με-Raspberry-90γρ,1.89
2025-11-08,89082350,OREO-Μπισκότα-Τιραμισού-_-Βανίλια-157γρ,1.59
2025-11-08,89078657,OHONOS-Jumbo-Πραλίνα-Φουντουκιού-110γρ,0.99
2025-11-08,89068265,EVERGREEN-Άνθος-Αλατιού-Μεσολογγίου-500γρ,2.99
2025-11-08,89096572,ΜΙΚΡΕΣ-ΦΑΡΜΕΣ-ΤΟΥ-ΒΟΥΝΟΥ-Μέλι-Βελανιδιάς-Ελληνικό-300γρ,5.99
2025-11-08,89089194,ION-BREAK-Σοκολάτα-Dubai-100γρ,4.65
2025-11-08,89096421,ΜΙΚΡΕΣ-ΦΑΡΜΕΣ-ΤΟΥ-ΒΟΥΝΟΥ-Κρουασάν-με-γέμιση-Βανίλια-55γρ,0.32
2025-11-08,89021669,7D-Bake-Rolls-Κλασική-80γρ,0.99
2025-11-08,89096199,YAMMIEZ-Choco-Dips-SpongBob-32γρ,0.99
2025-11-08,89096309,COFFEEWAY-Καφές-Στιγμής-Salted-Caramel-50γρ,3.99
2025-11-08,89096537,ΜΙΚΡΕΣ-ΦΑΡΜΕΣ-ΤΟΥ-ΒΟΥΝΟΥ-Φρυγανιές-Σίκαλης-Οικoγεν-συσκευασία-360gr,1.54
2025-11-08,89096253,ΜΙΚΡΕΣ-ΦΑΡΜΕΣ-ΤΟΥ-ΒΟΥΝΟΥ-Γλυκάκια-Κουρκουμπίνι-85gr,0.99
2025-11-08,89096249,ΜΙΚΡΕΣ-ΦΑΡΜΕΣ-ΤΟΥ-ΒΟΥΝΟΥ-Ρόφημα-Πρωτείνης-Cookies-30gr,0.99
2025-11-08,89096470,MEREL-Twist-Marshmallow-με-γέμιση-120γρ,1.79
2025-11-08,89095611,ΜΙΚΡΕΣ-ΦΑΡΜΕΣ-ΤΟΥ-ΒΟΥΝΟΥ-Υποβρύχιο-Χίου-Μανταρίνι-300γρ,1.61
2025-11-08,89088730,JUMBO-Κρουασάν-με-κρέμα-κακαό-4Χ70γρ-Οικ-συσκ-,1.96
2025-11-08,89095427,ΜΙΚΡΕΣ-ΦΑΡΜΕΣ-ΤΟΥ-ΒΟΥΝΟΥ-Καλαμπόκι-στον-Ατμό-450γρ-,2.99
2025-11-08,89096178,ΚΑΡΑΜΟΛΕΓΚΟΣ-Carre-Choco-Cream-100γρ,1.74
2025-11-08,89096090,GOOD-FOOD-Σνακ-Καλαμποκιού-Πάπρικα-60γρ,1.19
2025-11-08,89096142,ΜΙΚΡΕΣ-ΦΑΡΜΕΣ-ΤΟΥ-ΒΟΥΝΟΥ-Σιρόπι-με-Γεύση-Φράουλα-350γρ,1.99
2025-11-08,89096081,ΜΙΚΡΕΣ-ΦΑΡΜΕΣ-ΤΟΥ-ΒΟΥΝΟΥ-Σάλτσα-Γλυκόξινη-με-Λάχανο-_-Ανανά-520γρ,1.99
2025-11-08,89095910,LIPTON-Τσάι-Green-Classic-20τεμ,2.49
2025-11-08,89095802,ΜΙΚΡΕΣ-ΦΑΡΜΕΣ-ΤΟΥ-ΒΟΥΝΟΥ-Φασόλια-Λευκά-έτοιμα-βάζο-540γρ-Σ-Β-400γρ,1.89
2025-11-08,89095841,ΜΙΚΡΕΣ-ΦΑΡΜΕΣ-ΤΟΥ-ΒΟΥΝΟΥ-Mousse-Chocolate-2X70γρ-140γρ,1.89
2025-11-08,89095840,ECONOMY-Ζελέ-Φράουλα-0-28γρ-1-50€,1.5
2025-11-08,89095839,ECONOMY-Ζελέ-Μπανάνα-0-28γρ-1-50€,1.5
2025-11-08,89095935,PALLY-Speculoos-Μπισκότα-250γρ,1.69
2025-11-08,89095834,MEREL-Μαλλί-της-Γριάς-Φράουλα-50γρ,1.5
2025-11-08,89095236,ΜΙΚΡΕΣ-ΦΑΡΜΕΣ-ΤΟΥ-ΒΟΥΝΟΥ-Μαρμελάδα-Κεράσι-Βάζο-400γρ,1.89
2025-11-08,89095640,ΜΙΚΡΕΣ-ΦΑΡΜΕΣ-ΤΟΥ-ΒΟΥΝΟΥ-Χυμός-Τομάτας-Passata-Ιταλίας-500ml,0.69
2025-11-08,89082913,ΜΙΚΡΕΣ-ΦΑΡΜΕΣ-ΤΟΥ-ΒΟΥΝΟΥ-Κρέμα-Αραβοσίτου-Βανίλια-2Χ30γρ,0.56
2025-11-08,89084363,ΜΙΚΡΕΣ-ΦΑΡΜΕΣ-ΤΟΥ-ΒΟΥΝΟΥ-Μέλι-Ελληνικό-Ανθέων-Squeeze-480γρ,3.99
2025-11-08,89094634,3Α-Sticks-Ντομάτα-_-Βασιλικό-85γρ,1.95
2025-11-08,89094631,3Α-Snacks-Balls-Τυρί-Cheddar-85γρ,1.95
2025-11-08,89094633,3A-Rings-Sour-Cream-_-Κρεμμύδι-85γρ,1.95
2025-11-08,89089270,LAY-S-Chips-Αλάτι-Ξύδι-120γρ,1.95
2025-11-08,89088968,MISKETS-Dubai-Chocolate-Bars-25γρ,1.69
2025-11-08,89009929,ΤΣΑΝΑΚΙΑ-Μουστοκούλουρα-με-Σοκολάτα-Υγείας-300γρ,3.99
2025-11-08,89088781,LOR-Espresso-Caps-Imola-Ristretto-10τεμ-52γρ,4.99
2025-11-08,89088906,LIPTON-Τσάϊ-Πυραμίδα-Φρούτα-του-Δάσους-20τεμ,2.79
2025-11-08,89088904,LIPTON-Τσάι-Πυραμίδα-Chai-20τμχ,2.79
2025-11-08,89088866,ΜΙΚΡΕΣ-ΦΑΡΜΕΣ-ΤΟΥ-ΒΟΥΝΟΥ-Σνακ-Matriciane-με-Μπέικον-100γρ,1.69
2025-11-08,89088911,ECONOMY-Sweet-Κεράσματα-Γάλακτος-Απομίμηση-Σοκολάτας-260γρ,2.99
2025-11-08,89084672,ΜΙΚΡΕΣ-ΦΑΡΜΕΣ-ΤΟΥ-ΒΟΥΝΟΥ-Νιφάδες-Δημητριακών-επικαλυμμένες-με-μαύρη-σοκολάτα-90γρ-,1.99
2025-11-08,89037893,BRAVO-Ελληνικός-Καφές-Πολίτικος-194gr,4.99
2025-11-08,89035595,NESQUIK-Στιγμιαίο-Ρόφημα-Κακάο-400gr,3.98
2025-11-08,89031290,ION-NOISETTA-Σοκολατίνια-440-γρ-,9.49
2025-11-08,11204176,BIO-FARMA-Καλαμπόκι-Βιολογικό-Γλυκό-340γρ,2.84
2025-11-08,89046618,KINDER-Cards-Μπισκότα-Σοκολάτας-Γάλακτος-με-Γαλακτώδη-Γέμιση-128gr,2.99
2025-11-08,89046238,ΜΙΚΡΕΣ-ΦΑΡΜΕΣ-ΤΟΥ-ΒΟΥΝΟΥ-Ρυζογκοφρέτες-με-Ρύζι-_-Σίκαλη-115gr,0.85
2025-11-08,89036189,ΣΑΜΟΥΡΗ-Αντικολλητικό-Spray-Ψησίματος-250ml,5.49
2025-11-08,89023134,KINDER-Bueno-Γκοφρέτα-5x43γρ-,4.69
2025-11-08,89037875,LACTA-Lila-Pause-Σοκολάτα-100gr,2.7
2025-11-08,89035088,CRISPY-KING-Ρυζογκοφρέτες-με-Κάστανο-Ρύζι-_-Καλαμπόκι-100gr,1.25
2025-11-08,89034536,ΣΑΜΟΥΡΗ-Τρούφα-Σοκολάτας-Γάλακτος-90γρ,1.85
2025-11-08,89034535,ΣΑΜΟΥΡΗ-Ζαχαρωτά-Χρωματιστά-Τρούφα-90-γρ,1.65
2025-11-08,89034319,ΣΑΜΟΥΡΗ-Σταγόνες-Λευκής-Σοκολάτας-90gr,2.09
2025-11-08,89033709,ΑΥΓΑ-ΒΛΑΧΑΚΗ-Φρέσκα-Ελευθέρας-Βοσκής-Medium-6τεμ-53-63-γρ-,3.25
2025-11-08,89032897,SISINNI-Buono-Κρέμα-με-Φουντούκια-_-Γάλα-400gr,2.65
2025-11-08,89032893,SISINNI-Κρέμα-Κακάο-με-Φουντούκια-400gr,2.58
2025-11-08,89030951,ION-Σοκολάτα-Υγείας-Αμυγδάλου-72-Κακάο-100γρ,2.5
2025-11-08,89029539,RIO-MARE-Τόνος-σε-Νερό-3x80gr,4.99
2025-11-08,89027713,BIO-FARMA-Ηλιόσπορος-Ψίχα-Βιολογικός-200γρ,1.98
2025-11-08,89026820,HALLS-Καραμέλα-Cool-Κεράσι-32-γρ-,0.89
2025-11-08,89026102,BRAVO-Ελληνικός-Καφές-Καφεκοπτείο-157gr,3.99
2025-11-08,89025497,ΚΡΙΣ-ΚΡΙΣ-Αφράτα-Σταρένια-Ψωμάκια-Sandwich-480-gr-elbisco,2.07
2025-11-08,89024351,ION-Σοκολάτα-Γάλακτος-Αμυγδάλου-με-Stevia-60gr,1.75
2025-11-08,89024349,ION-Σοκολάτα-Γάλακτος-με-Stevia-60γρ,1.75
2025-11-08,89024189,HARIBO-Happy-Cherries-Ζελίνια-100gr,1.39
2025-11-08,89024162,TRATA-Χταπόδι-Ξυδάτο-σε-Ελαιόλαδο-100gr,4.15
2025-11-08,89023479,U-POP-Σπόροι-Καλαμποκιού-για-Pop-Corn-380gr,1.25
2025-11-08,89023456,ΑΝΑΤΟΛΗ-Θυμάρι-10gr,0.94
2025-11-08,89023053,FYTRO-Κιμάς-Σόγια-400γρ,3.05
2025-11-08,89022217,ORIENTAL-EXPRESS-Noodles-Αυγών-300-γρ-,2.55
2025-11-08,89021608,CALVO-Τόνος-φιλέτο-σε-φυτικό-λάδι-3x160γρ,6.65
2025-11-08,89021293,ORIENTAL-EXPRESS-Στιγμιαία-Family-Noodles-5x75gr,3.3
2025-11-08,89019881,ION-Σοκοφρέτα-με-Λευκή-Σοκολάτα-38gr,0.52
2025-11-08,89018773,ZERO-Καραμέλες-Λεμόνι-0-Zάχαρη-32g,1.15
2025-11-08,89018772,ZERO-Καραμέλες-Κανέλα-0-Zάχαρη-32g,1.15
2025-11-08,89017466,ΓΙΩΤΗΣ-Μπεσαμέλ-Κουτί-162gr,1.74
2025-11-08,89013316,TWIX-Σοκολάτα-Γάλακτος-με-Γέμιση-Μπισκότο-_-Καραμέλα-50gr,0.99
2025-11-08,89013223,SNICKERS-Σοκολάτα-Γάλακτος-με-Γέμιση-Καραμέλα-Νουγκά-_-Φυστίκια-50gr,0.99
2025-11-08,89013034,RIO-MARE-Insalatissime-Τονοσαλάτα-Μεξικάνα-2x160gr,5.99
2025-11-08,89012357,ORIENTAL-EXPRESS-Σώς-Τσίλι-200ml,2.89
2025-11-08,89011672,ORIENTAL-EXPRESS-Γάλα-Καρύδας-400ml,2.42
2025-11-08,89008200,SUGAR-Ζάχαρη-Λευκή-Κρυσταλλική-1kg,0.75
2025-11-08,89006932,ΗΠΕΙΡΩΤΙΚΑ-ΑΥΓΑ-Extra-Large-6τεμ-73-gr,2.99
2025-11-08,89006775,ΛΟΥΜΙΔΗΣ-Παπαγάλος-Ελληνικός-Καφές-Παραδοσιακός-340gr,8.45
2025-11-08,89004493,FITNESS-Δημητριακά-Ολικής-Άλεσης-με-Μαύρη-Σοκολάτα-375gr,4.99
2025-11-08,89000913,ΗΠΕΙΡΩΤΙΚΑ-ΑΥΓΑ-Large-6τεμ-63-73gr,2.45
2025-11-08,12606001,NESCAFE-Classic-Καφές-Στιγμιαίος-50gr,3.18
2025-11-08,12601031,JACOBS-Καφές-Φίλτρου-Εκλεκτός-500gr,12.98
2025-11-08,12601027,JACOBS-Καφές-Φίλτρου-Εκλεκτός-250gr,7.39
2025-11-08,12506090,PUMMARO-Ελαφρά-Συμπυκνωμένος-Χυμός-Τομάτας-3x250gr,2.22
2025-11-08,12505002,ΚΥΚΝΟΣ-Τοματοπολτός-28-Συμπύκνωση-70gr,0.68
2025-11-08,12505001,ΚΥΚΝΟΣ-Τοματοπολτός-28-Μεταλλικό-Κουτί-200gr,1.49
2025-11-08,12403143,FRENCH-S-Μουστάρδα-ΗΠΑ-397gr,3.79
2025-11-08,12403135,HELLMANN-S-Απαλή-Μουστάρδα-Squeezy-250gr,2.85
2025-11-08,12402032,HELLMANN-S-Real-Μαγιονέζα-Top-Down-430ml,3.63
2025-11-08,12401159,KNORR-Σάλτσα-Στιγμής-4-Τυριά-44gr,2.58
2025-11-08,12306276,ANATOLI-Βανιλίνη-5x0-30gr,0.67
2025-11-08,12306269,ANATOLI-Πάπρικα-Καυτερή-50gr,1.47
2025-11-08,12306108,ANATOLI-Κόλιανδρο-Τριμμένο-40gr,2.2
2025-11-08,11904093,ΓΙΩΤΗΣ-Ρόφημα-Σοκολάτας-400gr,4.75
2025-11-08,11904091,ΓΙΩΤΗΣ-Κακάο-125gr,2.35
2025-11-08,11805003,GELITA-Ζελατίνη-12-Φύλλα-20gr,1.85
2025-11-08,11802010,ΓΙΩΤΗΣ-Άνθος-Αραβοσίτου-Σοκολάτα-78gr,1.12
2025-11-08,11802004,MELITTA-Compleat-Υποκατάστατο-Κρέμας-Σαντιγί-200ml,2.98
2025-11-08,11603002,3ΑΛΦΑ-Ρύζι-Νυχάκι-500gr,1.99
2025-11-08,11601001,AGRINO-Λαΐς-Ρύζι-Καρολίνα-500gr,2.48
2025-11-08,11502156,MISKO-Κοραλάκι-500gr,1.24
2025-11-08,11502148,MISKO-Κριθαράκι-Μέτριο-500gr,1.0
2025-11-08,11501157,MISKO-Μακαρόνια-Τρυπητά-Nο5-500gr,1.24
2025-11-08,11501081,MISKO-Ταλιατέλλες-500γρ,1.88
2025-11-08,11301016,KNORR-Σπιτικός-Ζωμός-Λαχανικών-4-μερίδες-112gr,1.63
2025-11-08,11204174,BIO-FARMA-Ρεβύθια-Βιολογικά-500γρ,2.65
2025-11-08,11202004,ΖΩΓΡΑΦΟΣ-Μαρμελάδα-Βερίκοκο-Light-με-Φρουκτόζη-415gr,3.45
2025-11-08,11007223,ΣΤΕΡΓΙΟΥ-Κρουασανάκια-με-Γέμιση-Πραλίνα-Φουντουκιού-300gr,2.64
2025-11-08,11006031,ΣΤΕΡΓΙΟΥ-Φέτα-Κέικ-Πορτοκάλι-80gr,1.15
2025-11-08,11002002,ELITE-Φρυγανιές-Σικάλεως-180gr,1.51
2025-11-08,11001048,ΚΑΡΑΜΟΛΕΓΚΟΣ-Ψωμί-Τοστ-Φόρμα-Σίτου-680gr,1.48
2025-11-08,11001035,ΚΡΙΣ-ΚΡΙΣ-Σταρένιο-350gr,1.03
2025-11-08,11001015,PEMA-Ψωμί-Σικάλεως-Ολικής-Άλεσης-500gr,2.99
2025-11-08,10708251,OREO-Μπισκότα-Γεμιστά-με-Κρέμα-Βανίλια-154gr,1.59
2025-11-08,10707011,ION-Σοκοφρέτα-Γάλακτος-38gr,0.52
2025-11-08,10701035,BREAK-Σοκολάτα-Γάλακτος-με-Ολόκληρα-Αμύγδαλα-85gr,2.5
2025-11-08,10701034,BREAK-Σοκολάτα-Γάλακτος-με-Ολόκληρα-Φουντούκια-85gr,2.5
2025-11-08,10701031,ΙΟΝ-DERBY-Σοκολάτα-Γάλακτος-με-Rice-Crisps-_-Καρύδα-38γρ,0.79
2025-11-08,10701028,ION-Σοκολάτα-Γάλακτος-Αμυγδάλου-100gr,2.5
2025-11-08,10602004,BONNE-MAMAN-Μαρμελάδα-Φράουλα-370gr,4.49
2025-11-08,10601007,ΑΤΤΙΚΗ-Μέλι-Ελληνικό-Μεταλλικό-Κουτί-250gr,4.99
2025-11-08,10601006,ΑΤΤΙΚΗ-Μέλι-Ελληνικό-Μεταλλικό-Κουτί-455gr,8.65
2025-11-08,10301004,MIDLAND-Λάντσιον-Μητ-Χοιρινό-Δανίας-200gr,2.08
2025-11-08,89034766,ΠΑΠΑΔΟΠΟΥΛΟΥ-Plus-Ψωμί-Τοστ-Σίτου-700gr,2.12
2025-11-08,89028824,ΓΙΩΤΗΣ-Κούσταρ-Πάουντερ-Βανίλια-120gr,1.23
2025-11-08,89017834,ΠΑΠΑΔΟΠΟΥΛΟΥ-Γεύση2-Ψωμί-Τοστ-Σίτου-700gr,1.47
2025-11-08,11003015,ΠΑΠΑΔΟΠΟΥΛΟΥ-Krispies-Παξιμάδια-Ολικής-Άλεσης-200gr,1.6
2025-11-08,10708374,ΠΑΠΑΔΟΠΟΥΛΟΥ-ΠΤΙ-ΜΠΕΡ-Μπισκότα-Ολικής-Μαύρη-Σοκολάτα-200γρ,1.99
2025-11-08,10708228,ΠΑΠΑΔΟΠΟΥΛΟΥ-Pick-Cracker-Mini-Classic-70γρ,0.8
2025-11-08,10708169,ΠΑΠΑΔΟΠΟΥΛΟΥ-Μπισκότα-Πτι-Μπερ-Ολικής-Άλεσης-225gr,1.38
2025-11-08,10708131,ΠΑΠΑΔΟΠΟΥΛΟΥ-Pick-Crackers-Κλασικά-100gr,1.2
2025-11-08,89043337,ΜΙΚΡΕΣ-ΦΑΡΜΕΣ-ΤΟΥ-ΒΟΥΝΟΥ-Μούσλι-Μπανάνα-Σοκολάτα-375γρ,1.99
2025-11-08,89043231,Κέικ-Swiss-Roll-με-Γέμιση-Βανίλια-300gr,1.8
2025-11-08,89042906,ECONOMY-Τορτίγιες-Σίτου-25cm-4τεμ-240gr,1.19
2025-11-08,89037950,ΜΙΚΡΕΣ-ΦΑΡΜΕΣ-ΤΟΥ-ΒΟΥΝΟΥ-Σάλτσα-Τομάτας-Καθημερινή-490gr,2.37
2025-11-08,89037943,ΜΙΚΡΕΣ-ΦΑΡΜΕΣ-ΤΟΥ-ΒΟΥΝΟΥ-Φακόρυζο-Με-Μπαχαρικά-400-γρ-,2.18
2025-11-08,89036200,ΜΙΚΡΕΣ-ΦΑΡΜΕΣ-ΤΟΥ-ΒΟΥΝΟΥ-Αμυγδαλόψιχα-Ωμή-Αμερικής-220gr,3.99
2025-11-08,89036194,ΜΙΚΡΕΣ-ΦΑΡΜΕΣ-ΤΟΥ-ΒΟΥΝΟΥ-Healthy-Mix-Ξηρών-Καρπών-220gr,3.99
2025-11-08,89035523,ECONOMY-Γκοφρέτα-Max-Με-Επικάλυψη-56-γρ-,0.49
2025-11-08,89035520,ECONOMY-Γκοφρέτα-Stracciatella-με-Κρέμα-Γάλακτος-_-Κομματάκια-Σοκολάτας-32gr,0.37
2025-11-08,89034486,ΜΙΚΡΕΣ-ΦΑΡΜΕΣ-ΤΟΥ-ΒΟΥΝΟΥ-Αποξηραμένα-Σύκα-250gr,3.79
2025-11-08,89033131,ECONOMY-Σκουμπρί-Φιλέτο-σε-Φυτικό-Λάδι-170gr,1.99
2025-11-08,89032459,ECONOMY-Τονοσαλάτα-με-Καλαμπόκι-2x160gr,3.69
2025-11-08,89031206,ECONOMY-Τόνος-Τεμαχισμένος-σε-Νερό-3x80gr,2.99
2025-11-08,89030988,ΜΙΚΡΕΣ-ΦΑΡΜΕΣ-ΤΟΥ-ΒΟΥΝΟΥ-Μπισκότα-Γεμιστά-με-Κρέμα-Κακάο-200gr,1.19
2025-11-08,89029645,ΜΙΚΡΕΣ-ΦΑΡΜΕΣ-ΤΟΥ-ΒΟΥΝΟΥ-Κέικ-Με-Γιαούρτι-400gr,3.49
2025-11-08,89028881,ΜΙΚΡΕΣ-ΦΑΡΜΕΣ-ΤΟΥ-ΒΟΥΝΟΥ-Τορτίγιες-Σταρένιες-25cm-6τεμ-370γρ,1.79
2025-11-08,89027578,ECONOMY-Πιπέρι-Μαύρο-Τριμμένο-100gr,2.29
2025-11-08,89027498,ECONOMY-Πραλίνα-Φουντουκιού-1kg,3.79
2025-11-08,89027493,ΜΙΚΡΕΣ-ΦΑΡΜΕΣ-ΤΟΥ-ΒΟΥΝΟΥ-Ελιές-Πράσινες-με-Αμύγδαλο-370gr,3.49
2025-11-08,89027356,ΜΙΚΡΕΣ-ΦΑΡΜΕΣ-ΤΟΥ-ΒΟΥΝΟΥ-Τσουρεκάκι-Ατομικό-με-Γέμιση-Πραλίνα-Φουντουκιού-95gr,0.99
2025-11-08,89027297,ECONOMY-Σκόρδο-Γκρανουλέ-50gr,1.79
2025-11-08,89027250,ECONOMY-Αναψυκτικό-Χωρίς-Ανθρακικό-Exotic-5lt,1.89
2025-11-08,89027083,ECONOMY-Σαβαγιάρ-Ιταλίας-200gr,1.69
2025-11-08,89026522,ΜΙΚΡΕΣ-ΦΑΡΜΕΣ-ΤΟΥ-ΒΟΥΝΟΥ-Λεμόνι-Χυμός-330ml,0.75
2025-11-08,89026184,ECONOMY-Ανθόνερο-270ml,1.99
2025-11-08,89023926,ΜΙΚΡΕΣ-ΦΑΡΜΕΣ-ΤΟΥ-ΒΟΥΝΟΥ-Πληγούρι-Μέτριο-Ελληνικό-500-γρ-,1.49
2025-11-08,89022796,ECONOMY-Cookies-Μπισκότα-με-Κομμάτια-Σοκολάτας-175gr,0.99
2025-11-08,89022253,ECONOMY-Καλαμπόκι-Κονσέρβα-340gr,0.99
2025-11-08,89020822,ECONOMY-Χαλβάς-Αμύγδαλο-Μπαστούνι-Κοπής,1.2
2025-11-08,89016093,ECONOMY-Γλυκό-του-Κουταλιού-Κεράσι-450gr,3.99
2025-11-08,89038349,ΜΙΚΡΕΣ-ΦΑΡΜΕΣ-ΤΟΥ-ΒΟΥΝΟΥ-Μέλι-Κρήτης-400gr,3.99
2025-11-08,89034569,ΜΙΚΡΕΣ-ΦΑΡΜΕΣ-ΤΟΥ-ΒΟΥΝΟΥ-Κάψουλες-Espresso-Lungo-6-10x6-8gr,3.99
2025-11-08,89032486,ECONOMY-Τσάι-του-Βουνού-30gr,2.29
2025-11-08,89032484,ECONOMY-Τσάι-Κλασικό-25φακ-x1-5gr,1.59
2025-11-08,89032483,ECONOMY-Αφέψημα-Χαμομήλι-10φx1γρ,0.79
2025-11-08,89032464,ΜΙΚΡΕΣ-ΦΑΡΜΕΣ-ΤΟΥ-ΒΟΥΝΟΥ-Κριτσίνια-με-Ηλιόσπορο-300gr,1.99
2025-11-08,89031097,ECONOMY-Δημητριακά-Muesli-με-3-Είδη-Σοκολάτας-700gr-3-99€,4.99
2025-11-08,89030489,ECONOMY-Αλάτι-400gr,0.57
2025-11-08,89029269,ECONOMY-Αλάτι-1kg,0.37
2025-11-08,89027437,ΜΙΚΡΕΣ-ΦΑΡΜΕΣ-ΤΟΥ-ΒΟΥΝΟΥ-Ελληνικός-Καφές-96gr,1.49
2025-11-08,89026734,ECONOMY-Ελιές-Πράσινες-Ποικιλίας-Χαλκιδικής-200gr,2.56
2025-11-08,89026059,ECONOMY-Μηλόξιδο-400ml,0.69
2025-11-08,89026017,ΜΙΚΡΕΣ-ΦΑΡΜΕΣ-ΤΟΥ-ΒΟΥΝΟΥ-Κουλουράκια-Καρυδιού-με-Μέλι-300gr,2.59
2025-11-08,89025992,ΜΙΚΡΕΣ-ΦΑΡΜΕΣ-ΤΟΥ-ΒΟΥΝΟΥ-Μαρμελάδα-Μανταρίνι-Πελοποννήσου-300gr,2.99
2025-11-08,89025137,ΜΙΚΡΕΣ-ΦΑΡΜΕΣ-ΤΟΥ-ΒΟΥΝΟΥ-Μουστάρδα-με-Μέλι-200gr,1.99
2025-11-08,89023780,ECONOMY-Παντζάρι-Φέτες-σε-Άλμη-710gr,2.79
2025-11-08,89022571,ECONOMY-Πιπεριές-Κόκκινες-Ψητές-450gr,2.69
2025-11-08,89022570,ECONOMY-Αγγουράκι-σε-Άλμη-365gr,1.99
2025-11-08,89022129,ECONOMY-Ταχίνι-300gr,2.49
2025-11-08,89021223,ECONOMY-Φασόλια-Γίγαντες-σε-Σάλτσα-Τομάτας-280gr,1.79
2025-11-08,89020860,ECONOMY-Ταχίνι-με-Μέλι-300gr,2.99
2025-11-08,89020567,ECONOMY-Φυστίκια-Αράπικα-Ψημένα-Ανάλατα-Κίνας-100gr,0.85
2025-11-08,89020563,ECONOMY-Σταφίδα-Μαύρη-100gr,0.94
2025-11-08,89020560,ECONOMY-Πασατέμπος-Ψημένος-Ανάλατος-Βουλγαρίας-80gr,0.89
2025-11-08,89020554,ECONOMY-Αμύγδαλα-Ψημένα-Ανάλατα-100gr,2.69
2025-11-08,89020526,ECONOMY-Ινδική-Καρύδα-Τριμμένη-80gr,0.94
2025-11-08,89020525,ECONOMY-Κουκουνάρι-Κίνας-50gr,2.99
2025-11-08,89020400,ECONOMY-Φυστίκια-Χουανίτα-Ελληνικά-100gr,0.99
2025-11-08,89020396,ECONOMY-Κρόκερ-100gr,1.32
2025-11-08,89020395,ECONOMY-Φυστίκια-Πίνατς-Ψημένα-Αλατισμένα-Αργεντινής-100gr,0.75
2025-11-08,89019186,ECONOMY-Σάλτσα-Ζυμαρικών-Ναπολιτάνα-350gr,1.59
2025-11-08,89018845,ECONOMY-Ρύζι-Γλασσέ-500gr,0.99
2025-11-08,89009476,ECONOMY-Φυστίκια-Αράπικα-Ψημένα-Αλατισμένα-Κίνας-100gr,0.75
2025-11-08,89008128,ECONOMY-Κέτσαπ-Απλή-Squeezy-540gr,1.89
2025-11-08,89035341,ECONOMY-Pop-Corn-με-Αλάτι-για-Φούρνο-Μικροκυμάτων-100gr,0.75
2025-11-08,89034488,ΜΙΚΡΕΣ-ΦΑΡΜΕΣ-ΤΟΥ-ΒΟΥΝΟΥ-Νιφάδες-Βρώμης-με-Super-Fruits-_-Σκούρα-Σοκολάτα-500gr,3.49
2025-11-08,89032645,ECONOMY-Κράκερ-σε-Σχήμα-Ψαριού-330gr,1.99
2025-11-08,89032578,ECONOMY-Σκουμπρί-Φιλέτο-με-Ελαιόλαδο-Λεμόνι-_-Μαύρο-Πιπέρι-170gr,2.49
2025-11-08,89029870,ΜΙΚΡΕΣ-ΦΑΡΜΕΣ-ΤΟΥ-ΒΟΥΝΟΥ-Ηλιέλαιο-Ραφινέ-1lt,2.49
2025-11-08,89023918,ΜΙΚΡΕΣ-ΦΑΡΜΕΣ-ΤΟΥ-ΒΟΥΝΟΥ-Ρύζι-Γλασσέ-Αξιού-για-Σούπες-500gr,0.94
2025-11-08,89015551,ECONOMY-Αλεύρι-για-Όλες-τις-Χρήσεις-Κατηγορίας-Μ-5kg,2.99
2025-11-08,89095464,ΒΙΚΟΣ-Cola-Zero-Pet-6x330ml,2.19
2025-11-08,13305007,ΣΟΥΡΩΤΗ-Νερό-Φυσικό-Μεταλλικό-Ανθρακούχο-750ml,0.9
2025-11-08,89030386,ΒΙΚΟΣ-Πορτοκαλάδα-Χωρίς-Ανθρακικό-6Χ330ml,2.49
2025-11-08,89030380,ΒΙΚΟΣ-Πορτοκαλάδα-6Χ330ml,2.49
2025-11-08,89096437,FREEZ-Mix-Αναψυκτικό-Ρόδι-275ml,1.04
2025-11-08,13404023,PEPSI-Cola-Κουτί-6x330ml,3.69
2025-11-08,89082500,ΝΗΣΟΣ-Pilsner-Μπύρα-Κουτί-6X300ml-5-1-Δώρο,5.7
2025-11-08,89095932,ΝΕΡΑ-ΚΡΗΤΗΣ-Θέρισο-Μεταλλικό-12Χ500ml,1.98
2025-11-08,89068296,ΒΙΚΟΣ-Αναψυκτικό-Cola-Zero-Χωρίς-ζάχαρη-Κουτί-4Χ330ml,1.95
2025-11-08,89069342,ΒΙΚΟΣ-Αναψυκτικό-Cola-με-Στέβια-4X330ml,1.95
2025-11-08,89027332,PEPSI-Zero-Sleek-Can-6x330ml,4.13
2025-11-08,89036319,ΣΟΥΡΩΤΗ-Νερό-Φυσικό-Μεταλλικό-Ανθρακούχο-με-άρωμα-Lime-6x330-ml,4.49
2025-11-08,89069816,VIVA-φυσικός-χυμός-μήλο-πορτοκάλι-καρότο-1-λίτρο,1.49
2025-11-08,13404175,COCA-COLA-Αναψυκτικό-Zero-330ml-5-1-Δώρο,4.4
2025-11-08,89083207,HEINEKEN-Μπύρα-Κούτι-6Χ330ml-5-1δώρο,6.45
2025-11-08,89031298,NICO-LAZARIDI-Μαύρο-Πρόβατο-Οίνος-Ερυθρός-Ξηρός-Π-Γ-Ε-Παγγαίο-750ml,13.99
2025-11-08,89089294,MYTHOS-Μπύρα-Κουτί-0-6Χ300ml-5-1δώρο,5.0
2025-11-08,89070470,VIVA-fresh-φρουτοποτό-μπανάνα-1lt,1.09
2025-11-08,89031147,NICO-LAZARIDI-Μαύρο-Πρόβατο-Οίνος-Λευκός-Π-Γ-Ε-Παγγαίο-750ml,11.85
2025-11-08,89018758,ECONOMY-Νερό-Επιτραπέζιο-6x1-5lt,1.23
2025-11-08,89047187,ΤΡΙΠΟΔΑΚΗΣ-Αλλιώτικο-Τσίπουρο-Χωρίς-Γλυκάνισο-200ml,3.99
2025-11-08,89096593,COLA-COLA-Classic-Pet-2X1-5lt-Οικονομική-Συσκευασία,3.38
2025-11-08,89096592,COCA-COLA-Zero-Pet-2X1-5lt-Οικονομική-Συσκευασία,3.44
2025-11-08,89014428,ECONOMY-Νερό-Επιτραπέζιο-12x500ml,1.48
2025-11-08,89068650,VIVA-FRESH-Exotic-Χυμός-Φυσικός-9-Φρούτα-1lt,1.59
2025-11-08,13702036,WYBOROWA-Βότκα-700ml,13.45
2025-11-08,89070922,GOLDEN-LEGEND-οίνος-λευκός-ξηρός-750ml,3.59
2025-11-08,89096195,DELLOS-Aloe-Vera-Ποτό-Μάνγκο-500ml,1.09
2025-11-08,89082384,GREEN-Πορτοκαλάδα-κουτί-6x300ml,3.79
2025-11-08,89096196,DELLOS-Aloe-Vera-Ποτό-Ροδάκινο-500l,1.09
2025-11-08,89090776,GREEN-Λεμονάδα-κουτί-6X330ml,3.79
2025-11-08,13404156,ΣΟΥΡΩΤΗ-Νερό-Φυσικό-Μεταλλικό-Ανθρακούχο-6x330-ml,4.57
2025-11-08,89031713,GREEN-COLA-Αναψυκτικό-Με-Stevia-Κουτί-Μεταλλικό-6X330ml,3.99
2025-11-08,89044432,ΠΗΓΕΣ-ΚΩΣΤΗΛΑΤΑΣ-Φυσικό-Μεταλλικό-Νερό-6x1-5lt,1.75
2025-11-08,89044430,ΠΗΓΕΣ-ΚΩΣΤΗΛΑΤΑΣ-Φυσικό-Μεταλλικό-Νερό-12x500ml,1.99
2025-11-08,89011500,ΡΕΑ-Φρουτοποτό-Λεμόνι-1lt,0.95
2025-11-08,89011596,ΑΠΟΣΤΟΛΑΚΗ-Τσίπουρο-με-Γλυκάνισο-0-70-lt,14.99
2025-11-08,89034071,PALAIS-DE-FRANCE-Sauvignon-Βlanc-Οίνος-Λευκός-Ξηρός-750ml,4.99
2025-11-08,89034067,CAMBO-DE-CHILE-Merlot-Οίνος-Ερυθρός-Ξηρός-750ml,4.99
2025-11-08,89033648,ΑΛΦΑ-Μπύρα-Κουτί-Χωρίς-Αλκοόλ-330ml,0.89
2025-11-08,89029848,AMSTEL-Μπύρα-Κουτί-Free-0-330ml,0.88
2025-11-08,89028904,ΕΨΑ-Λεμονάδα-Αναψυκτικό-330ml,0.66
2025-11-08,89013786,GREEN-COLA-Αναψυκτικό-με-Στέβια-1-5lt,1.55
2025-11-08,89012290,LUCOZADE-Ενεργειακό-Ποτό-Πορτοκάλι-500ml,1.55
2025-11-08,89011496,ΡΕΑ-Φρουτοποτό-Γκρέιπφρουτ-1lt,1.29
2025-11-08,89003852,COCA-COLA-Αναψυκτικό-Zero-1lt,1.47
2025-11-08,13705056,ΠΛΩΜΑΡΙ-Ούζο-200ml,4.15
2025-11-08,13705029,ΤΣΙΛΙΛΗ-Τσίπουρο-Θεσσαλίας-Χωρίς-Γλυκάνισο-200ml,4.55
2025-11-08,89033850,GREEN-Λεμονάδα-με-Ανθρακικό-1-5lt,1.55
2025-11-08,89085823,LIFE-Φρουτοποτό-Μήλο-Πορτοκάλι-Βερύκοκο-1lt,1.25
2025-11-08,89096263,SUN-BLAST-Χυμός-Μήλο-Φράουλα-Μπανάνα-100-Bio-200ml,1.5
2025-11-08,89096315,LIPTON-Ice-Tea-Raspberry-Zero-500ml,1.82
2025-11-08,89096040,VERONI-Vitamin-Water-Ginseng-555ml,0.99
2025-11-08,89030352,ΒΙΚΟΣ-Cola-Pet-6x330ml,3.3
2025-11-08,89089185,RED-BULL-ενεργειακό-ποτό-χ-ζάχαρη-355ml,1.78
2025-11-08,89089037,LUXARDO-Bitter-Rosso-Spritz-200ml,3.09
2025-11-08,89089036,LUXARDO-Limoncello-Spritz-200ml,2.99
2025-11-08,89089290,ΦΙΞ-Άνευ-Μπύρα-Καουτί-Σανγκουίνι-330ml,0.98
2025-11-08,89084459,GINSIN-Τζιν-Μανταρίνι-0-Alc-700ml,9.95
2025-11-08,89084461,GINSIN-Τζιν-12-Βότανα-0-Alc-700ml,9.95
2025-11-08,89082831,ΜΙΚΡΕΣ-ΦΑΡΜΕΣ-ΤΟΥ-ΒΟΥΝΟΥ-Sparkle-Ημιαφρώδης-Οίνος-Ροζέ-750ml,4.99
2025-11-08,89082856,ΜΙΚΡΕΣ-ΦΑΡΜΕΣ-ΤΟΥ-ΒΟΥΝΟΥ-Τσιχλόφουσκα-Αναψυκτικό-Pet-330ml,0.55
2025-11-08,89082850,ΜΙΚΡΕΣ-ΦΑΡΜΕΣ-ΤΟΥ-ΒΟΥΝΟΥ-Ούζο-Χίου-40-700ml,9.49
2025-11-08,89041821,OSHEE-Ισοτονικό-Multivitamin-750ml,1.49
2025-11-08,89078601,MONSTER-Emergy-Zero-Green-Κουτί-500ml,1.55
2025-11-08,89078583,ΜΙΚΡΕΣ-ΦΑΡΜΕΣ-ΤΟΥ-ΒΟΥΝΟΥ-Λεμονάδα-από-τις-Σέρρες-500ml,0.66
2025-11-08,89070467,ΜΙΚΡΕΣ-ΦΑΡΜΕΣ-ΤΟΥ-ΒΟΥΝΟΥ-χυμός-ζαχαρούχος-πορτοκάλι-1lt,2.99
2025-11-08,89070296,ΒΑΠ-μπύρα-Ρόδου-500ml-4-2δώρο,5.4
2025-11-08,89070144,ΜΙΚΡΕΣ-ΦΑΡΜΕΣ-ΤΟΥ-ΒΟΥΝΟΥ-οίνος-ημίγλυκος-λευκός-1-5lt,3.79
2025-11-08,89054802,MASTIH20-Μαστιχόνερο-330ml,1.59
2025-11-08,89063098,MASTIH20-Μαστιχολεμονάδα-με-Τζίντζερ-330ml,1.75
2025-11-08,89069989,ΑΡΟΔΑΜΑ-Τσικουδιά-200ml,4.75
2025-11-08,89069723,ΜΙΚΡΕΣ-ΦΑΡΜΕΣ-ΤΟΥ-ΒΟΥΝΟΥ-Χυμός-Junior-Κόκκινος-3Φρούτα-250ml,0.45
2025-11-08,89069719,ΜΙΚΡΕΣ-ΦΑΡΜΕΣ-ΤΟΥ-ΒΟΥΝΟΥ-Χυμός-Νέκταρ-Πορτοκάλι-Μήλο-Ροδάκινο-250ml,0.37
2025-11-08,89069843,MINI-CHIC-αφρώδης-οίνος-με-λίτσι-200ml,2.49
2025-11-08,89011500,ΡΕΑ-Φρουτοποτό-Λεμόνι-1lt,0.95
2025-11-08,89011596,ΑΠΟΣΤΟΛΑΚΗ-Τσίπουρο-με-Γλυκάνισο-0-70-lt,14.99
2025-11-08,89034071,PALAIS-DE-FRANCE-Sauvignon-Βlanc-Οίνος-Λευκός-Ξηρός-750ml,4.99
2025-11-08,89034067,CAMBO-DE-CHILE-Merlot-Οίνος-Ερυθρός-Ξηρός-750ml,4.99
2025-11-08,89033648,ΑΛΦΑ-Μπύρα-Κουτί-Χωρίς-Αλκοόλ-330ml,0.89
2025-11-08,89029848,AMSTEL-Μπύρα-Κουτί-Free-0-330ml,0.88
2025-11-08,89028904,ΕΨΑ-Λεμονάδα-Αναψυκτικό-330ml,0.66
2025-11-08,89013786,GREEN-COLA-Αναψυκτικό-με-Στέβια-1-5lt,1.55
2025-11-08,89012290,LUCOZADE-Ενεργειακό-Ποτό-Πορτοκάλι-500ml,1.55
2025-11-08,89011496,ΡΕΑ-Φρουτοποτό-Γκρέιπφρουτ-1lt,1.29
2025-11-08,89003852,COCA-COLA-Αναψυκτικό-Zero-1lt,1.47
2025-11-08,13705056,ΠΛΩΜΑΡΙ-Ούζο-200ml,4.15
2025-11-08,13705029,ΤΣΙΛΙΛΗ-Τσίπουρο-Θεσσαλίας-Χωρίς-Γλυκάνισο-200ml,4.55
2025-11-08,13705027,MINI-ΕΠΟΜ-Ούζο-Μυτιλήνης-200ml,3.85
2025-11-08,13705018,ΟΥΖΟ-12-Παραδοσιακό-700ml,10.89
2025-11-08,13704056,HAVANA-CLUB-Ρούμι-3-Ετών-700ml,19.9
2025-11-08,13704054,BACARDI-Carta-Blanca-Ρούμι-Λευκό-700ml,19.4
2025-11-08,13704007,GORDON-S-Τζιν-Dry-700ml,17.05
2025-11-08,13703004,ΜΕΤΑΞΑ-3-Κονιάκ-350ml,7.59
2025-11-08,13702008,SERKOVA-Βότκα-700ml,15.2
2025-11-08,13701028,GRANT-S-Triple-Wood-Ουίσκι-700ml,19.15
2025-11-08,13504016,MYTHOS-Μπύρα-Lager-Κουτί-4x500ml,6.76
2025-11-08,13504001,AMSTEL-Μπύρα-Lager-Κουτί-500-ML,1.53
2025-11-08,13503036,MYTHOS-Μπύρα-Κουτί-330-ml,1.19
2025-11-08,13404050,COCA-COLA-Αναψυκτικό-Zero-6x330ml,5.28
2025-11-08,13403181,COCA-COLA-Αναψυκτικό-Zero-2x1-5lt,3.94
2025-11-08,13403119,COCA-COLA-Αναψυκτικό-2x1-5lt,3.88
2025-11-08,13403017,PEPSI-Cola-Zero-1-5lt,1.99
2025-11-08,13403003,SPRITE-Γκαζόζα-Αναψυκτικό-1-5lt,1.95
2025-11-08,13304055,AMITA-Φρουτοποτό-Πορτοκάλι-Βερίκοκο-Μήλο-1-5lt,1.88
2025-11-08,13301357,AMITA-Motion-Φυσικός-Χυμός-100-9-Φρούτων-330ml,1.19
2025-11-08,12309100,LIPTON-Ice-Tea-Ροδάκινο-σε-Σκόνη-125gr,0.99
2025-11-08,13404078,SPRITE-Γκαζόζα-Κουτί-6Χ330ml,4.92
2025-11-08,89029681,ECONOMY-Πορτοκαλάδα-Αναψυκτικό-500ml,0.59
2025-11-08,89027248,ECONOMY-Ice-Tea-Λεμόνι-Χωρίς-Ζάχαρη-2lt-0-99€,0.99
2025-11-08,89027245,ECONOMY-Βυσσινάδα-500ml,0.47
2025-11-08,89033116,ECONOMY-Ice-Tea-Αναψυκτικό-Τσάι-Λεμόνι-Με-Στέβια-1-5lt,0.99
2025-11-08,89032264,ECONOMY-Οίνος-Ρετσίνα-Λευκός-Ξηρός-1-5lt,2.84
2025-11-08,89032262,ECONOMY-Οίνος-Ερυθρός-Ξηρός-1-5lt,2.99
2025-11-08,89032177,ECONOMY-Χυμός-8-Φρούτων-250ml,0.49
2025-11-08,89029954,ECONOMY-Λεμονάδα-Αναψυκτικό-1-5lt,0.99
2025-11-08,89029727,ECONOMY-Πορτοκαλάδα-Αναψυκτικό-1-5lt,0.99
2025-11-08,89029682,ECONOMY-Cola-Αναψυκτικό-500ml,0.56
2025-11-08,89029129,ECONOMY-Cola-Αναψυκτικό-με-Στέβια-1-5lt,0.79
2025-11-08,89025211,ΜΙΚΡΕΣ-ΦΑΡΜΕΣ-ΤΟΥ-ΒΟΥΝΟΥ-Nερό-Επιτραπέζιο-6x1-5lt,1.5
2025-11-08,89025209,ΜΙΚΡΕΣ-ΦΑΡΜΕΣ-ΤΟΥ-ΒΟΥΝΟΥ-Nερό-Επιτραπέζιο-12x500ml,2.04
2025-11-08,89019794,ECONOMY-Ούζο-200ml,2.89
2025-11-08,89017971,ECONOMY-Οίνος-Ροζέ-Ξηρός-1lt,1.99
2025-11-08,13304271,ECONOMY-Φρουτοποτό-Μήλο-Πορτοκάλι-Βερίκοκο-1lt,0.79
2025-11-08,89069202,ΜΙΚΡΕΣ-ΦΑΡΜΕΣ-ΤΟΥ-ΒΟΥΝΟΥ-Ανθρακούχο-Νερό-1-5lt,0.49
2025-11-08,89068294,ΒΙΚΟΣ-Αναψυκτικό-Cola-κουτί-4Χ330ml,2.6
2025-11-08,89068121,NEXT-KANGAROO-Semillon-Chardonnay-750ml,4.69
2025-11-08,89053825,ΜΙΚΡΕΣ-ΦΑΡΜΕΣ-ΤΟΥ-ΒΟΥΝΟΥ-Οίνος-Λευκός-Ξηρός-Μοσχοφίλερο-Π-Γ-Ε-Πελοπόννησος-1-5lt,4.99
2025-11-08,89053619,ΦΙΛΙΩΜΑ-Οίνος-Ερυθρός-Ξηρός-Π-Γ-Ε-750ml,4.29
2025-11-08,89052531,ΒΙΚΟΣ-Πορτοκαλάδα-με-Ανθρακικό-1-5lt,1.3
2025-11-08,89052405,PAUL-BERNARD-Αφρώδης-Οίνος-Ροζέ-750ml,4.19
2025-11-08,89052403,PAUL-BERNARD-Αφρώδης-Οίνος-Brut-750ml,3.99
2025-11-08,89052151,GREEN-MOCKTAILS-Mojito-Αναψυκτικό-με-Στέβια-4x330ml,2.8
2025-11-08,89045525,MONSTER-Mango-Loco-Ενεργειακό-Ποτό-500ml,1.55
2025-11-08,89051498,ΟΙΝΑΝΘΗ-Οίνος-Ροζέ-Ξηρός-750ml,4.99
2025-11-08,89046987,ECONOMY-Φρουτοποτό-Νέκταρ-Ροδάκινο-1lt,0.99
2025-11-08,89046621,ΜΙΚΡΕΣ-ΦΑΡΜΕΣ-ΤΟΥ-ΒΟΥΝΟΥ-Φρουτοποτό-Ανανά-1lt,1.79
2025-11-08,89047503,ELECTUS-Οίνος-Μοσχοφίλερο-Λευκό-Π-Γ-Ε-Πελοπόννησος-750ml,8.29
2025-11-08,89096473,MEREL-Φρουτοποτό-Red-Dragon-330ml,0.99
2025-11-08,89096604,FRUTOP-Αναψυκτικό-Λεμόνι-Φράουλα-330ml,0.7
2025-11-08,89045329,GREEN-Πορτοκαλάδα-με-Ανθρακικό-1-5lt,1.55
2025-11-08,89096488,AMITA-Lemonades-Φρουτοποτό-με-Γλυκαντικά-Λεμόνι-_-Γκρέιπφρουτ-330ml,1.04
2025-11-08,89096146,ΜΙΚΡΕΣ-ΦΑΡΜΕΣ-ΤΟΥ-ΒΟΥΝΟΥ-Φυσικός-Χυμός-Μήλου-Έδεσσας-250ml,1.89
2025-11-08,89095463,TUBORG-Pink-Grapefruit-330ml-5-1Δώρο,2.85
2025-11-08,89096041,VERONI-Vitamin-Water-Moringa-555ml,0.99
2025-11-08,89089034,LUXARDO-Limoncello-27-500ml,17.49
2025-11-08,89089275,MEREL-Ice-Tea-Boba-Ροδάκινο-320ml,1.89
2025-11-08,89084463,GINSIN-Τζιν-Φράουλα-0-Alc-700ml,9.95
2025-11-08,89084806,AQUA-CARPATICA-Ανθρακούχο-Μεταλλικό-Νερό-Peach-Mango-330ml,0.9
2025-11-08,89082826,ΜΙΚΡΕΣ-ΦΑΡΜΕΣ-ΤΟΥ-ΒΟΥΝΟΥ-Αλκοολούχο-Ποτό-30-700ml,10.49
2025-11-08,13403117,PEPSI-COLA-Twist-Pet-1-5lt,1.99
2025-11-08,89082925,ΜΙΚΡΕΣ-ΦΑΡΜΕΣ-ΤΟΥ-ΒΟΥΝΟΥ-Μηλάδα-από-τις-Σέρρες-1-5lt,1.29
2025-11-08,89082852,ΜΙΚΡΕΣ-ΦΑΡΜΕΣ-ΤΟΥ-ΒΟΥΝΟΥ-Τσίπουρο-Χίου-Χωρίς-Γλυκάνισο-500ml,13.99
2025-11-08,89078608,VITA-GO-Φρουτοποτό-Βατόμουρο-8Χ200ml,3.92
2025-11-08,89078612,VITA-GO-Φρουτοποτό-Multivitamins-8X200ml,3.92
2025-11-08,89082801,ΜΙΚΡΕΣ-ΦΑΡΜΕΣ-ΤΟΥ-ΒΟΥΝΟΥ-Cola-από-τις-Σέρρες-1-5lt,1.19
2025-11-08,89082567,ΞΥΝΟ-Ανθρακούχο-Νερό-Φλώρινας-1lt,1.65
2025-11-08,89078579,ΜΙΚΡΕΣ-ΦΑΡΜΕΣ-ΤΟΥ-ΒΟΥΝΟΥ-Cola-από-τις-Σέρρες-500ml,0.66
2025-11-08,89078578,ΜΙΚΡΕΣ-ΦΑΡΜΕΣ-ΤΟΥ-ΒΟΥΝΟΥ-Σόδα-Φιάλη-Σερρών-500ml,0.52
2025-11-08,89070468,ΜΙΚΡΕΣ-ΦΑΡΜΕΣ-ΤΟΥ-ΒΟΥΝΟΥ-χυμός-ζαχαρούχος-λεμόνι-1lt,2.99
2025-11-08,89069791,ΝΑΜΑ-οίνος-ερυθρός-375ml,3.15
2025-11-08,89069733,ΜΙΚΡΕΣ-ΦΑΡΜΕΣ-ΤΟΥ-ΒΟΥΝΟΥ-Φρουτοποτό-Κόκκινα-Φρούτα-1lt,1.19
2025-11-08,89069728,ΜΙΚΡΕΣ-ΦΑΡΜΕΣ-ΤΟΥ-ΒΟΥΝΟΥ-Χυμός-Πορτοκάλι-Μήλο-Ροδάκινο-1lt,0.89
2025-11-08,89069731,ΜΙΚΡΕΣ-ΦΑΡΜΕΣ-ΤΟΥ-ΒΟΥΝΟΥ-Νέκταρ-Ροδάκινο-1lt,0.89
2025-11-08,89035316,ΒΙΚΟΣ-Cola-1-5lt,1.39
2025-11-08,89035596,FRUTOP-Caribbean-Αναψυκτικό-Ανανάς-1lt,1.08
2025-11-08,89034357,COCA-COLA-Αναψυκτικό-6x150ml,4.74
2025-11-08,89034069,PALAIS-DE-FRANCE-Sauvignon-Cabernet-Οίνος-Ερυθρός-Ξηρός-750ml,4.99
2025-11-08,89012960,AMSTEL-Μπύρα-Με-Λεμόνι-Φιάλη-Radler-500-ML,1.65
2025-11-08,89012958,AMSTEL-Μπύρα-Με-Λεμόνι-Κουτί-Radler-330-ML,1.05
2025-11-08,89009345,RED-BULL-Energy-Drink-355ml,1.78
2025-11-08,89003850,COCA-COLA-Αναψυκτικό-1lt,1.47
2025-11-08,13704006,BEEFEATER-Τζιν-700ml,20.39
2025-11-08,13701031,HAIG-Gold-Label-Ουίσκι-700ml,20.85
2025-11-08,13701019,JACK-DANIEL-S-Ουίσκι-700ml,29.0
2025-11-08,13701010,BALLANTINE-S-Finest-Ουίσκι-700ml,17.8
2025-11-08,13503034,ΑΜΣΤΕΛ-Μπύρα-Lager-Κουτί-6x330ml,6.3
2025-11-08,13503009,KAISER-Μπύρα-Κουτί-330ml,1.39
2025-11-08,13405114,COCA-COLA-Αναψυκτικό-Zero-500ml,1.13
2025-11-08,13404081,COCA-COLA-Αναψυκτικό-Light-6x330ml,5.28
2025-11-08,13404071,FANTA-Πορτοκαλάδα-Με-Ανθρακικό-6X330ml,4.92
2025-11-08,13404004,COCA-COLA-Αναψυκτικό-Light-330ml,0.88
2025-11-08,13403007,ΗΒΗ-Πορτοκαλάδα-Αναψυκτικό-1-5lt,1.99
2025-11-08,13401051,RED-BULL-Sugarfree-Ενεργειακό-Ποτό-250ml,1.32
2025-11-08,13301019,AMITA-Φρουτοποτό-Πορτοκάλι-Βερίκοκο-Μήλο-1lt,1.38
2025-11-08,12309099,LIPTON-Ice-Tea-Λεμόνι-125g,0.99
2025-11-08,89027246,ECONOMY-Tonic-Αναψυκτικό-500ml,0.47
2025-11-08,89027243,ECONOMY-Πορτοκάλι-Μανταρίνι-Μάνγκο-Χωρίς-Ανθρακικό-500ml,0.47
2025-11-08,89035570,ΜΙΚΡΕΣ-ΦΑΡΜΕΣ-ΤΟΥ-ΒΟΥΝΟΥ-Οίνος-Ερυθρός-Ξηρός-Νεμέα-Π-Ο-Π-750ml,2.99
2025-11-08,89033106,ECONOMY-Ice-Tea-Αναψυκτικό-Πράσινο-Τσάι-Λεμόνι-Με-Στέβια-1-5lt,0.99
2025-11-08,89032181,ECONOMY-100-Χυμός-4-φρούτων-με-Βιταμίνες-250ml,0.49
2025-11-08,89032179,ECONOMY-Φρουτοποτό-Μήλο-Πορτοκάλι-Βερίκοκο-250ml,0.47
2025-11-08,89031176,ΜΙΚΡΕΣ-ΦΑΡΜΕΣ-ΤΟΥ-ΒΟΥΝΟΥ-Οίνος-Sangria-Ερυθρός-750ml,2.69
2025-11-08,89031171,ΜΙΚΡΕΣ-ΦΑΡΜΕΣ-ΤΟΥ-ΒΟΥΝΟΥ-Οίνος-Ερυθρός-Μακεδονικός-750ml,2.99
2025-11-08,89029130,ECONOMY-Γκαζόζα-Αναψυκτικό-330ml,0.49
2025-11-08,89017973,ECONOMY-Οίνος-Ερυθρός-Ημίγλυκος-1lt,2.49
2025-11-08,89017968,ECONOMY-Οίνος-Ρετσίνα-Κατά-Παράδοση-500ml,1.19
2025-11-08,89010548,ECONOMY-Cola-Αναψυκτικό-1-5lt,0.99
2025-11-08,89007838,ECONOMY-Οίνος-Λευκός-Ξηρός-1lt,1.99
2025-11-08,13304268,ECONOMY-100-Χυμός-Πορτοκάλι-1lt,1.69
2025-11-08,89061816,BUNDABERG-Ginger-Beer-4X375ml,8.8
2025-11-08,89053977,ΒΙΚΟΣ-Pink-Grapefruit-Αναψυκτικό-6x330ml,3.6
2025-11-08,89053618,ΦΙΛΙΩΜΑ-Οίνος-Ροζέ-Ξηρός-Π-Γ-Ε-750ml,3.69
2025-11-08,89053326,TUBORG-Σόδα-Pink-Grapefruit-_-Blood-Orange-330ml,0.65
2025-11-08,89053328,TUBORG-Σόδα-Pink-Grapefruit-_-Blood-Orange-6x330ml,3.9
2025-11-08,89052383,ΔΡΥΙΝΟΣ-Οίνος-Λευκός-Ξηρός-Λήμνος-750ml,6.93
2025-11-08,89007635,BOMBAY-SAPPHIRE-Τζιν-Dry-700ml,23.5
2025-11-08,89049102,SCHWEPPES-Πορτοκαλάδα-Blossom-Χωρίς-Ζάχαρη-6x330ml,5.22
2025-11-08,89046798,NESTEA-Ice-Tea-Φρούτα-του-Δάσους-500ml,1.37
2025-11-08,89084408,ΜΙΚΡΕΣ-ΦΑΡΜΕΣ-ΤΟΥ-ΒΟΥΝΟΥ-Ανθρακούχο-νερό-με-Pink-grapefruit-500ml,0.55
2025-11-08,89082825,ΜΙΚΡΕΣ-ΦΑΡΜΕΣ-ΤΟΥ-ΒΟΥΝΟΥ-Αλκοολούχο-Ποτό-30-350ml,5.99
2025-11-08,89084456,RONSIN-Ρούμι-0Alc-1lt,13.99
2025-11-08,89040753,OSHEE-Ισοτονικό-Πορτοκάλι-750ml,1.49
2025-11-08,89078606,VITA-GO-Φρουτοποτό-Μήλο-_-Μπανάνα-8Χ200ml,3.92
2025-11-08,89082800,ΜΙΚΡΕΣ-ΦΑΡΜΕΣ-ΤΟΥ-ΒΟΥΝΟΥ-Λεμονάδα-από-τις-Σέρρες-1-5lt,1.19
2025-11-08,89082799,ΜΙΚΡΕΣ-ΦΑΡΜΕΣ-ΤΟΥ-ΒΟΥΝΟΥ-Πορτοκαλάδα-από-τις-Σέρρες-1-5lt,1.19
2025-11-08,89082668,PERRIER-Ανθρακούχο-Νερό-με-Λεμόνι-PET-6X500ml,6.18
2025-11-08,89078334,ΜΙΚΡΕΣ-ΦΑΡΜΕΣ-ΤΟΥ-ΒΟΥΝΟΥ-Νερό-Εμφιαλωμένο-12Χ750ml,2.4
2025-11-08,89067035,ΜΙΤΣΙΚΕΛΙ-ανθρακούχο-νερό-λεμόνι-6Χ500ml,2.22
2025-11-08,89070469,ΜΙΚΡΕΣ-ΦΑΡΜΕΣ-ΤΟΥ-ΒΟΥΝΟΥ-χυμός-ζαχαρούχος-βύσσινο-1lt,2.99
2025-11-08,89063569,ΣΤΟΥΠΑΚΗ-ΠΟΤΟΠΟΙΙΑ-Καζανιστό-Ούζο-Χίου-Εξ-Αποστάσεως-200ml,3.99
2025-11-08,89069722,ΜΙΚΡΕΣ-ΦΑΡΜΕΣ-ΤΟΥ-ΒΟΥΝΟΥ-Φρουτοποτό-Βύσσινο-250ml,0.43
2025-11-08,89097007,TUBORG-Tonic-Water-Κουτί-6X330ml,4.14
2025-11-08,89096532,ECONOMY-Ice-Tea-Pοδάκινο-Χωρίς-Ζάχαρη-500ml,0.56
2025-11-08,89084307,LIFE-Ice-Tea-Earl-Grey-Λεμόνι-1-5lt,2.84
2025-11-08,89089032,NEGRITA-Ρούμι-Dark-37-5-700ml,18.95
2025-11-08,89072111,MONSTER-Energy-Fullthrote-Zero-500ml,1.55
2025-11-08,89096555,VIVA-WAY-Φυσικός-Χυμός-9-Φρούτα-250ml,0.7
2025-11-08,89096474,MEREL-Φρουτοποτό-Μάνγκο-330ml,0.99
2025-11-08,89096475,MEREL-Φρουτοποτό-Φρούτα-του-Πάθους-330ml,0.99
2025-11-08,89096482,MEREL-Ice-Tea-Κομπούχα-Λεμόνι-250ml,1.49
2025-11-08,89085821,LIFE-Χυμός-9-Φρούτα-7-Βιταμίνες-1lt,2.29
2025-11-08,89096448,GREEN-Mocktail-Orange-Spritz-Can-4X330ml,2.8
2025-11-08,89096429,VERONI-Ice-Green-Tea-Λεμόνι-_-Ιβίσκος-555ml,0.99
2025-11-08,89096431,VERONI-Lemonade-Λεμόνι-_-Καρπούζι-555ml,0.99
2025-11-08,89096430,VERONI-Ice-Green-Tea-Λεμόνι-_-Λεβάντα-555ml,0.99
2025-11-08,89096145,ΜΙΚΡΕΣ-ΦΑΡΜΕΣ-ΤΟΥ-ΒΟΥΝΟΥ-Φυσικός-Χυμός-Κεράσι-Έδεσσας-250ml,1.99
2025-11-08,89095923,NESTEA-Ice-Tea-Zero-Ροδάκινο-Pet-500ml,1.55
2025-11-08,89089033,LUXARDO-Aperitivo-700ml,14.29
2025-11-08,89054900,MAST-Αναψυκτικό-με-Στέβια-Φιάλη-250ml,0.95
2025-11-08,89089107,MEREL-Ice-Tea-Boba-Φράουλα-320ml,1.89
2025-11-08,89084410,ΜΙΚΡΕΣ-ΦΑΡΜΕΣ-ΤΟΥ-ΒΟΥΝΟΥ-Ανθρακούχο-νερό-με-λεμόνι-500ml,0.52
2025-11-08,89042976,ΦΛΕΒΑΡΗΣ-Οίνος-Ερυθρός-Ξηρός-1-5lt,3.19
2025-11-08,89024790,MONSTER-Zero-Ultra-Ενεργειακό-Ποτό-500ml,1.55
2025-11-08,89046693,HOPFEN-BRAU-Μπύρα-Κουτί-500ml,0.79
2025-11-08,89033210,ΜΑΜΟΣ-Μπύρα-Pilsner-Κουτί-6x330ml,6.96
2025-11-08,89032533,ΥΨΙΠΥΛΗ-Οίνος-Ροζέ-Ημίξηρος-Λήμνος-750ml,6.82
2025-11-08,89032254,NESTEA-Ice-Tea-Λεμόνι-500ml,1.37
2025-11-08,89031302,NICO-LAZARIDI-Ρήγας-Κούπα-Οίνος-Ερυθρός-Ξηρός-Π-Γ-Ε-Μακεδονία-750ml,7.25
2025-11-08,89029273,ΜΗΛΟΚΛΕΦΤΗΣ-Μηλίτης-Φιάλη-330ml,1.4
2025-11-08,89019582,NICO-LAZARIDI-Ντάμα-Κούπα-Οίνος-Λευκός-Π-Γ-Ε-Μακεδονία-750ml,7.25
2025-11-08,89018075,ΔΕΚΑΡΑΚΙ-Τσίπουρο-Τυρνάβου-Χωρίς-Γλυκάνισο-200ml,4.51
2025-11-08,89009099,LIPTON-Ice-Tea-Green-Χωρίς-Ζάχαρη-500-ml,1.82
2025-11-08,89005348,MONSTER-Energy-Ενεργειακό-Ποτό-500ml,1.55
2025-11-08,89003918,COCA-COLA-Αναψυκτικό-Zero-2X1Lt,2.94
2025-11-08,13802023,BAILEY-S-Λικέρ-700ml,19.2
2025-11-08,13705026,MINI-ΕΠΟΜ-Ούζο-Μυτιλήνης-700ml,11.35
2025-11-08,13703005,METAXA-5-700ml,18.39
2025-11-08,13702001,STOLICHNAYA-Βότκα-700ml,18.49
2025-11-08,13701015,CUTTY-SARK-Ουίσκι-700ml,19.49
2025-11-08,13701009,DEWAR-S-White-Label-Ουίσκι-700ml,19.85
2025-11-08,13701002,CHIVAS-REGAL-Ουίσκι-12-Ετών-700ml,33.69
2025-11-08,13503047,ΑΛΦΑ-Μπύρα-Lager-Κουτί-330-ML,1.05
2025-11-08,13503003,HEINEKEN-Μπύρα-Lager-Κουτί-330-ML,1.29
2025-11-08,13405009,COCA-COLA-Αναψυκτικό-500ml,1.13
2025-11-08,13304003,AMITA-Φρουτοποτό-Πορτοκάλι-Βερίκοκο-Μήλο-250ml,0.75
2025-11-08,13301119,AMITA-Motion-Φυσικός-Χυμός-9-Φρούτων-1lt,2.59
2025-11-08,89033107,ECONOMY-Cola-Αναψυκτικό-Light-1-5lt,0.99
2025-11-08,89032260,ECONOMY-Οίνος-Λευκός-Ξηρός-1-5lt,2.99
2025-11-08,89032175,ECONOMY-100-Χυμός-Πορτοκάλι-250ml,0.49
2025-11-08,89029794,ECONOMY-Γκαζόζα-Αναψυκτικό-1-5lt,0.99
2025-11-08,89029680,ECONOMY-Λεμονάδα-Αναψυκτικό-500ml,0.59
2025-11-08,89029270,ECONOMY-Πορτοκαλάδα-με-Στέβια-1-5lt,0.79
2025-11-08,89029131,ECONOMY-Λεμονάδα-Αναψυκτικό-330ml,0.49
2025-11-08,89068423,ΜΙΚΡΕΣ-ΦΑΡΜΕΣ-ΤΟΥ-ΒΟΥΝΟΥ-Λικέρ-Μαστίχας-Χίου-με-Λεμόνι-350ml,9.5
2025-11-08,89067085,AMSTEL-Radler-Μπίρα-με-Λεμόνι-4x330ml,4.2
2025-11-08,89053616,ΜΙΚΡΕΣ-ΦΑΡΜΕΣ-ΤΟΥ-ΒΟΥΝΟΥ-Οίνος-Λευκός-Μοσχάτο-Ποικιλιακό-750ml,2.99
2025-11-08,89052529,ΒΙΚΟΣ-Λεμονάδα-1-5lt,1.45
2025-11-08,89029474,ΜΑΜΟΣ-Μπύρα-Pils-Κουτί-4x500ml,6.36
2025-11-08,89047502,EPICUS-Oίνος-Ερυθρός-Αγιωργίτικο-Π-Γ-Ε-Πελοπόννησος-750ml,7.19
2025-11-08,89047186,AQUA-CARPATICA-Ανθρακούχο-Νερό-6x500ml,3.54
2025-11-08,89047182,AQUA-CARPATICA-Φυσικό-Μεταλλικό-Νερό-1lt,0.89
2025-11-08,89046614,ΒΙΚΟΣ-Cola-με-Στέβια-1-5lt,1.39
2025-11-08,89096533,ECONOMY-Ice-Tea-Λεμόνι-Χωρίς-Ζάχαρη-500ml,0.56
2025-11-08,89096472,MEREL-Φρουτοποτό-Μήλο-330ml,0.99
2025-11-08,89093798,PANDORA-Οίνος-Λευκός-Ροδίτης-Ξηρός-750ml,4.59
2025-11-08,89096262,SUN-BLAST-Χυμός-Πορτοκάλι-100-Bio-200ml,1.5
2025-11-08,89096264,SUN-BLAST-Χυμός-Μήλο-100-Bio-200ml,1.5
2025-11-08,89089029,POLIAKOV-Vodka-37-5-700ml,15.99
2025-11-08,89095042,MIX-COCTAIL-Pornstar-Martini-4-RTD-330ml,2.19
2025-11-08,89089293,MYTHOS-Μπύρα-Κουτί-0-330ml,1.0
2025-11-08,89089296,ΝΗΣΟΣ-Pilsener-Μπύρα-Κουτί-330ml,1.28
2025-11-08,89089105,MEREL-Ice-Tea-Boba-Mango-320ml,1.89
2025-11-08,89089106,MEREL-Ice-Tea-Boba-Lychee-320ml,1.89
2025-11-08,89084464,WHISSIN-Ουίσκι-0-Alc-700ml,13.99
2025-11-08,89084407,ΜΙΚΡΕΣ-ΦΑΡΜΕΣ-ΤΟΥ-ΒΟΥΝΟΥ-Ανθρακούχο-νερό-με-δυόσμο-500ml,0.55
2025-11-08,89082830,ΜΙΚΡΕΣ-ΦΑΡΜΕΣ-ΤΟΥ-ΒΟΥΝΟΥ-Sparkle-Ημιαφρώδης-Οίνος-Λευκός-750ml,4.99
2025-11-08,89082846,OSHEE-Ισοτονικό-Zero-Λεμόνι-750ml,1.49
2025-11-08,89079903,TUBORG-Tonic-Water-Κουτί-330l-5-1τεμ-δώρο,3.05
2025-11-08,89060060,REAL-Sangria-Ισπανίας-Κόκκινο-750ml,3.49
2025-11-08,89007845,ΗΒΗ-Πορτοκαλάδα-Μπλέ-1-5lt,1.99
2025-11-08,89066003,7UP-γκαζόζα-χωρίς-ζάχαρη-pet-1-5lt,1.99
2025-11-08,89069721,ΜΙΚΡΕΣ-ΦΑΡΜΕΣ-ΤΟΥ-ΒΟΥΝΟΥ-Χυμός-Multivitamin-250ml,0.45
2025-11-08,89069730,ΜΙΚΡΕΣ-ΦΑΡΜΕΣ-ΤΟΥ-ΒΟΥΝΟΥ-Φρουτοποτό-Βύσσινο-1lt,1.19
2025-11-08,89069936,ΜΗΛΟΚΛΕΦΤΗΣ-Μηλίτης-tropical-φιάλη-330ml,1.4
2025-11-08,89011912,NAMA-ΒΥΖΑΝΤΙΝΟ-Οίνος-Θείας-Ευχαριστίας-Ερυθρός-Γλυκός-375ml,3.15
2025-11-08,13701023,DIMPLE-Golden-Selection-Ουίσκι-700ml,35.8
2025-11-08,89046754,LIFE-Iced-Tea-Τσάι-Earl-Gray-Λεμόνι-500ml,1.42
2025-11-08,89046753,LIFE-Τσάι-Ice-Green-Λεμόνι-Ginger-500ml,1.43
2025-11-08,89046750,LIFE-Iced-Tea-Τσάι-Κεϋλάνης-Ροδάκινο-Χωρίς-ζάχαρη-500ml,1.42
2025-11-08,89036443,ARIZONA-Iced-Tea-Πράσινο-Τσάι-με-Μέλι-450ml,1.25
2025-11-08,89035278,AMSTEL-Μπύρα-Κουτί-Free-0-Lemon-4x330ml,3.76
2025-11-08,89035277,AMSTEL-Μπύρα-Κουτί-Free-0-Lemon-330ml,0.94
2025-11-08,89033646,ΜΑΜΟΣ-Μπύρα-Pilsner-Κουτί-330ml,1.16
2025-11-08,89032256,NESTEA-Ice-Tea-Ροδάκινο-500ml,1.37
2025-11-08,89028990,ΦΙΞ-ΑΝΕΥ-Μπύρα-Κουτί-4X330ml,0.87
2025-11-08,89018076,ΔΕΚΑΡΑΚΙ-Τσίπουρο-Τυρνάβου-Χωρίς-Γλυκάνισο-700ml,14.37
2025-11-08,89017975,MARRAS-Οίνος-Ροζέ-Ξηρός-Ασκός-5lt,8.55
2025-11-08,89017974,MARRAS-Οίνος-Λευκός-Ξηρός-Ασκός-5lt,7.75
2025-11-08,89015326,ΑΡΩΜΑ-ΛΗΜΝΟΥ-Οίνος-Λευκός-Ξηρός-Βιολογικός-Π-Ο-Π-Λήμνος-750ml,5.83
2025-11-08,89015324,ΛΗΜΝΙΟ-Οίνος-Ερυθρός-Ξηρός-Π-Ο-Π-Λήμνος-750ml,6.46
2025-11-08,89004251,COCA-COLA-Αναψυκτικό-Zero-4x500ml,4.52
2025-11-08,13802056,DISARONNO-Amaretto-Λικέρ-700ml,20.59
2025-11-08,13705025,ΟΥΖΟ-12-200ml,3.75
2025-11-08,13701018,JAMESON-Ουίσκι-700ml,21.49
2025-11-08,13701013,JOHNNIE-WALKER-Red-Label-Ουίσκι-700ml,19.69
2025-11-08,13602109,ΚΑΤΩΓΙ-ΑΒΕΡΩΦ-Οίνος-Ερυθρός-Ξηρός-750ml,9.9
2025-11-08,13501020,ΑΛΦΑ-Μπύρα-Lager-Φιάλη-500-ML,1.49
2025-11-08,13501001,AMSTEL-Μπύρα-Lager-Φιάλη-500ml,1.54
2025-11-08,13410001,ΛΟΥΞ-Πορτοκαλάδα-330-Ml-5-1,3.6
2025-11-08,13404049,COCA-COLA-Αναψυκτικό-Zero-330ml,0.88
2025-11-08,13404044,COCA-COLA-Αναψυκτικό-6x330ml,5.28
2025-11-08,13404002,TUBORG-Σόδα-330ml,0.5
2025-11-08,13404001,COCA-COLA-Αναψυκτικό-330ml,0.88
2025-11-08,13403006,7UP-Γκαζόζα-Αναψυκτικό-1-5lt,1.95
2025-11-08,13403004,FANTA-Πορτοκαλάδα-Αναψυκτικό-1-5lt,1.95
2025-11-08,13403001,COCA-COLA-Αναψυκτικό-1-5lt,1.94
2025-11-08,13401041,RED-BULL-Ενεργειακό-Ποτό-250ml,1.32
2025-11-08,13401012,ΣΟΥΡΩΤΗ-Νερό-Ανθρακούχο-250ml,0.62
2025-11-08,89022613,APEROL-Απεριτίφ-700ml,17.89
2025-11-08,89027244,ECONOMY-Πορτοκάλι-Βερίκοκο-Φρούτα-του-Πάθους-Χωρίς-Ανθρακικό-500ml,0.47
2025-11-08,89035572,ΜΙΚΡΕΣ-ΦΑΡΜΕΣ-ΤΟΥ-ΒΟΥΝΟΥ-Οίνος-Ερυθρός-Ξηρός-Αγιωργίτικο-Π-Γ-Ε-750ml,2.99
2025-11-08,89033991,ECONOMY-Φρουτοποτό-Μανταρίνι-Σανγκουίνι-1lt,0.99
2025-11-08,89033105,ECONOMY-Ice-Tea-Αναψυκτικό-Τσάι-Ροδάκινο-Με-Στέβια-1-5lt,0.99
2025-11-08,89032182,ECONOMY-100-Χυμός-3-Φρούτων-με-Βιταμίνες-250ml,0.49
2025-11-08,89032180,ECONOMY-Φρουτοποτό-Βύσσινο-250ml,0.47
2025-11-08,89031468,ECONOMY-Ice-Tea-Ροδάκινο-500ml,0.59
2025-11-08,89031170,ΜΙΚΡΕΣ-ΦΑΡΜΕΣ-ΤΟΥ-ΒΟΥΝΟΥ-Οίνος-Ροζέ-Μακεδονικός-750ml,2.99
2025-11-08,89029679,ECONOMY-Σόδα-500ml,0.47
2025-11-08,89029271,ECONOMY-Γκαζόζα-Αναψυκτικό-500ml,0.56
2025-11-08,89028493,ECONOMY-Σόδα-330ml,0.39
2025-11-08,89019793,ECONOMY-Ούζο-700ml,7.99
2025-11-08,89010847,ECONOMY-Χυμός-Πορτοκάλι-Νέκταρ-1lt,0.99
2025-11-08,13304272,ECONOMY-Φρουτοποτό-Βύσσινο-1lt,1.19
2025-11-08,89068424,ΜΙΚΡΕΣ-ΦΑΡΜΕΣ-ΤΟΥ-ΒΟΥΝΟΥ-Λικέρ-Μαστίχας-Χίου-500ml,9.9
2025-11-08,89059364,Mast-Αναψυκτικό-με-μαστίχα-κουτί-330ml,0.95
2025-11-08,89053827,ΜΙΚΡΕΣ-ΦΑΡΜΕΣ-ΤΟΥ-ΒΟΥΝΟΥ-Οίνος-Ερυθρός-Ξηρός-Αγιωργίτικο-Π-Γ-Ε-Πελοπόννησος-1-5lt,3.99
2025-11-08,89053617,ΦΙΛΙΩΜΑ-Οίνος-Λευκός-Ξηρός-Π-Γ-Ε-750ml,3.39
2025-11-08,89052984,ΚΑΛΑΪΤΖΗ-Τσίπουρο-Χωρίς-Γλυκάνισο-200ml,4.22
2025-11-08,89052532,ΒΙΚΟΣ-Cola-Zero-1-5lt,1.39
2025-11-08,13504034,KAISER-Μπύρα-Pilsner-Κουτί-4x500ml,7.92
2025-11-08,13504033,KAISER-Μπύρα-Κουτί-500ml,1.98
2025-11-08,89046620,ΜΙΚΡΕΣ-ΦΑΡΜΕΣ-ΤΟΥ-ΒΟΥΝΟΥ-Φυσικός-Χυμός-100-Μήλο-1lt,0.99
2025-11-08,89047184,AQUA-CARPATICA-Φυσικό-Μεταλλικό-Νερό-6x500ml,3.12
2025-11-08,89078581,ΜΙΚΡΕΣ-ΦΑΡΜΕΣ-ΤΟΥ-ΒΟΥΝΟΥ-Γκαζόζα-από-τις-Σέρρες-500ml,0.66
2025-11-08,89082859,ΜΙΚΡΕΣ-ΦΑΡΜΕΣ-ΤΟΥ-ΒΟΥΝΟΥ-Coctail-Αναψυκτικό-Pet-330ml,0.55
2025-11-08,89082851,ΜΙΚΡΕΣ-ΦΑΡΜΕΣ-ΤΟΥ-ΒΟΥΝΟΥ-Ούζο-Χίου-40-200ml,3.99
2025-11-08,89082924,ΜΙΚΡΕΣ-ΦΑΡΜΕΣ-ΤΟΥ-ΒΟΥΝΟΥ-Γκαζόζα-από-τις-Σέρρες-1-5lt,1.19
2025-11-08,89078610,VITA-GO-Φρουτοποτό-Φράουλα-8Χ200ml,3.92
2025-11-08,89078584,ΜΙΚΡΕΣ-ΦΑΡΜΕΣ-ΤΟΥ-ΒΟΥΝΟΥ-Πορτοκαλάδα-από-τις-Σέρρες-500ml,0.69
2025-11-08,13305010,ΞΥΝΟ-Ανθρακούχο-Νερό-Φλώρινας-250ml,0.94
2025-11-08,89070618,ΜΙΚΡΕΣ-ΦΑΡΜΕΣ-ΤΟΥ-ΒΟΥΝΟΥ-μαυροδάφνη-Πατρών-375ml,4.99
2025-11-08,89013729,LIPTON-ice-tea-ροδάκινο-χωρίς-ζάχαρη-500ml,1.82
2025-11-08,89070547,ΜΙΚΡΕΣ-ΦΑΡΜΕΣ-ΤΟΥ-ΒΟΥΝΟΥ-chardonnay-λευκός-750ml,3.99
2025-11-08,89054544,MASTIH20-Μαστιχόνερο-Μανταρίνι-330ml,1.59
2025-11-08,89069729,ΜΙΚΡΕΣ-ΦΑΡΜΕΣ-ΤΟΥ-ΒΟΥΝΟΥ-Χυμός-Multivitamin-1lt,1.39
2025-11-08,89069842,ΜΙΝΙ-CHIC-οίνος-αφρώδης-ροζέ-με-γεύση-άγριου-βατόμουρου-200ml,2.49
2025-11-08,89089292,ΦΙΞ-Άνευ-Μπύρα-Με-Σαγκουίνι-Χωρίς-Αλκοόλ-4X330ml,3.92
2025-11-08,89084287,LIFE-Tσάι-Red-Boost-Φράουλα-Χωρίς-Ζάχαρη-500ml,1.43
2025-11-08,89078151,ΚΤΗΜΑ-ΧΑΤΖΗΜΙΧΑΛΗ-Οίνος-Λευκός-Alfega-750ml,14.49
2025-11-08,89096042,VERONI-Vitamin-Water-Magnesium-555ml,0.99
2025-11-08,89095924,NESTEA-Ice-Tea-Zero-Λεμόνι-500ml,1.55
2025-11-08,89095944,ΝΕΡΑ-ΚΡΗΤΗΣ-Θέρισο-Μεταλλικό-6Χ1-5lt,1.75
2025-11-08,89030368,ΒΙΚΟΣ-Λεμονάδα-με-Ανθρακικό-Pet-6x330ml,3.3
2025-11-08,89095039,FREEZ-Mix-Αναψυκτικό-Mojito-275ml,1.49
2025-11-08,89095038,FREEZ-Mix-Αναψυκτικό-Mango-Peach-275ml,1.49
2025-11-08,89089035,LUXARDO-Spritz-Aperitivo-200ml,2.99
2025-11-08,89082974,JUST-POWER-Ενεργειακό-Ποτό-500γρ,0.99
2025-11-08,89084454,VERSIN-Βερμούτ-0-Alc-1lt,13.99
2025-11-08,89025494,CLAN-MACGREGOR-Ούσκυ-40-700ml,13.69
2025-11-08,89029467,ΜΑΜΟΣ-Μπύρα-Pilsner-Φιάλη-500ml,1.7
2025-11-08,13701004,WHITE-HORSE-Ουίσκι-700ml,17.2
2025-11-08,89035597,FRUTOP-Cocktail-Αναψυκτικό-1lt,1.08
2025-11-08,89014717,XL-Ενεργειακό-Ποτό-250ml,0.69
2025-11-08,89005128,ΦΙΞ-ΕΛΛΑΣ-Μπύρα-Lager-Κουτί-330ml,1.08
2025-11-08,89003916,COCA-COLA-Αναψυκτικό-2x1lt,2.94
2025-11-08,13802021,DRAMBUIE-Λικέρ-700ml,30.09
2025-11-08,13705041,ΠΛΩΜΑΡΙ-Ούζο-700ml,12.2
2025-11-08,13702017,ABSOLUT-Βότκα-700ml,18.49
2025-11-08,13602092,ΛΗΜΝΟΣ-Οίνος-Λευκός-Ξηρός-Π-Ο-Π-Λήμνος-750ml,5.93
2025-11-08,13602075,ΜΠΟΥΤΑΡΗ-Κρητικός-Οίνος-Λευκός-Ξηρός-Π-Γ-Ε-Κρήτη-750ml,6.69
2025-11-08,13504015,MYTHOS-Μπύρα-Lager-Κουτί-500ml,1.69
2025-11-08,13504013,ΑΜΣΤΕΛ-Μπύρα-Lager-Κουτί-4x500ml,6.12
2025-11-08,13504012,HEINEKEN-Μπύρα-Lager-Κουτί-4x500ml,7.16
2025-11-08,13504002,HEINEKEN-Μπύρα-Lager-Κουτί-500-ML,1.79
2025-11-08,13503035,HEINEKEN-Μπύρα-Lager-Κουτί-6x330ml,7.74
2025-11-08,13503002,AMSTEL-Μπύρα-Lager-Κουτί-330ml,1.05
2025-11-08,13502031,MCFARLAND-Μπύρα-Red-Ale-Φιάλη-330ml,2.65
2025-11-08,13405059,COCA-COLA-Αναψυκτικό-Light-4x500ml,4.52
2025-11-08,13404006,FANTA-Πορτοκαλάδα-Αναψυκτικό-330ml,0.82
2025-11-08,13404005,SPRITE-Γκαζόζα-Αναψυκτικό-330ml,0.82
2025-11-08,13404003,TUBORG-Tonic-Κουτί-330ml,0.69
2025-11-08,13403120,COCA-COLA-Αναψυκτικό-Light-2x1-5lt,3.78
2025-11-08,13403045,COCA-COLA-Αναψυκτικό-Zero-1-5lt,1.97
2025-11-08,13403009,PEPSI-Cola-Regular-1-5lt,1.99
2025-11-08,13403002,COCA-COLA-Αναψυκτικό-Light-1-5lt,1.89
2025-11-08,13301087,AMITA-Φρουτοποτό-Βύσσινο-1lt,1.89
2025-11-08,12309027,LIPTON-Ice-Tea-Ροδάκινo-500ml,1.59
2025-11-08,89024133,TUBORG-Σόδα-Με-Λεμόνι-330ml,0.65
2025-11-08,89027249,ECONOMY-Ice-Tea-Ροδάκινο-2lt-0-99€,0.99
2025-11-08,89035571,ΜΙΚΡΕΣ-ΦΑΡΜΕΣ-ΤΟΥ-ΒΟΥΝΟΥ-Οίνος-Λευκός-Ξηρός-Μοσχοφίλερο-Π-Γ-Ε-750ml,3.99
2025-11-08,89035569,ΜΙΚΡΕΣ-ΦΑΡΜΕΣ-ΤΟΥ-ΒΟΥΝΟΥ-Οίνος-Λευκός-Ξηρός-Ροδίτης-Π-Γ-Ε-750ml,2.99
2025-11-08,89035568,ΜΙΚΡΕΣ-ΦΑΡΜΕΣ-ΤΟΥ-ΒΟΥΝΟΥ-Οίνος-Λευκός-Ξηρός-Μαντίνεια-Π-Ο-Π-750ml,3.99
2025-11-08,89032263,ECONOMY-Οίνος-Ερυθρός-Ημίγλυκος-1-5lt,3.99
2025-11-08,89032261,ECONOMY-Οίνος-Ροζέ-Ξηρός-1-5lt,2.99
2025-11-08,89031180,ΜΙΚΡΕΣ-ΦΑΡΜΕΣ-ΤΟΥ-ΒΟΥΝΟΥ-Οίνος-Ερυθρός-Νάουσα-750ml,3.99
2025-11-08,89031174,ΜΙΚΡΕΣ-ΦΑΡΜΕΣ-ΤΟΥ-ΒΟΥΝΟΥ-Οίνος-Sangria-Λευκός-750ml,2.69
2025-11-08,89031169,ΜΙΚΡΕΣ-ΦΑΡΜΕΣ-ΤΟΥ-ΒΟΥΝΟΥ-Οίνος-Λευκός-Μακεδονικός-750ml,2.99
2025-11-08,89007837,ECONOMY-Οίνος-Ερυθρός-Ξηρός-1lt,1.99
2025-11-08,13304269,ECONOMY-Χυμός-8-Φρούτων-1lt,1.39
2025-11-08,89019925,SEPTONA-Baby-Σαμπουάν-_-Αφρόλουτρο-Βάλσαμο-_-Λεβάντα-500ml,3.26
2025-11-08,89026222,SEPTONA-Baby-Βρεφικό-Λάδι-200ml,2.3
2025-11-08,89022538,Proderm-Σαμπουάν-_-Αφρόλουτρο-0-12-Μηνών-400ml,3.95
2025-11-08,89096300,ECONOMY-Μωρομάντηλα-Χαμομήλι-Αλόη-60τεμ,0.79
2025-11-08,89030108,ΓΙΩΤΗΣ-Sanilac-1-Γάλα-1ης-Βρεφικής-Ηλικίας-0-6-Μηνών-σε-Σκόνη-400gr,12.79
2025-11-08,89020518,ΓΙΩΤΗΣ-Φαρίν-Λακτέ-Με-Μπισκότα-300-γρ-,4.4
2025-11-08,89017050,ΓΙΩΤΗΣ-Sanilac-3-Γάλα-3ης-Βρεφικής-Ηλικίας-12-Μηνών-σε-Σκόνη-400gr,10.69
2025-11-08,89012274,ΝΟΥΝΟΥ-Κρέμα-Βρεφική-Βανίλια-350gr,5.95
2025-11-08,89067706,PAMPERS-Pants-Πάνες-No5-12-17kg-28τεμ,8.49
2025-11-08,89067707,PAMPERS-Pants-Πάνες-Βρακάκι-Νο6-14κ-19κ-25τεμ,8.49
2025-11-08,89037268,BABYLINO-Βρεφικές-Πάνες-Sensitive-Cotton-Soft-No5-12-17-Kg-42-τμχ,13.19
2025-11-08,89082595,ECONOMY-Βρεφικές-Πάνες-Mega-Pack-No4-8-14Kg-50τεμ,7.99
2025-11-08,89078463,ECONOMY-Μωρομάντηλα-Χαμομήλι-100τεμ,0.99
2025-11-08,89077682,ECONOMY-Μωρομάντηλα-με-Λεβάντα-_-Χαμομήλι-3Χ60τεμ-1-99€,1.89
2025-11-08,89035491,JOHNSON-S-Baby-Oil-Aloe-Vera-Ενυδατικό-Λάδι-300ml,2.79
2025-11-08,11903015,FRISOMEL-2-Γάλα-2ης-Βρεφικής-Ηλικίας-6-Μηνών-σε-Σκόνη-400gr,10.2
2025-11-08,11901014,ΓΙΩΤΗΣ-Ανθός-Ορύζης-4-Μηνών-150gr,4.05
2025-11-08,89050956,BABYLINO-Βρεφικές-Πάνες-Sensitive-Cotton-Soft-No4-10-15-Kg-46-τμχ,13.19
2025-11-08,89043628,PAMPERS-Premium-Care-Πάνες-Νο3-6-10kg-60τεμ-,13.49
2025-11-08,89049161,ECONOMY-Βρεφικές-Πάνες-Νο6-16-kg-14τεμ-,2.99
2025-11-08,89049160,ECONOMY-Βρεφικές-Πάνες-Νο5-12-18kg-16τεμ-,2.99
2025-11-08,89047414,ECONOMY-Μωρομάντηλα-με-Καπάκι-και-άρωμα-Φρούτα-του-Δάσους-64τεμ-,0.99
2025-11-08,89079487,ECONOMY-Μωρομάντηλα-Aloe-Verra-120τεμ,1.29
2025-11-08,89070473,ECONOMY-Παιδικά-Υποσέντονα-60Χ90-12τεμ,4.74
2025-11-08,89089256,BABYCARE-Μωρομάντηλα-Χαμομήλι-3Χ72τεμ,3.79
2025-11-08,89067022,BABYLINO-Πάνες-Sensitive-Cotton-Soft-No6-13-18-Kg-38-τμχ,12.99
2025-11-08,89030456,FRISOLAC-1-Γάλα-1ης-Βρεφικής-Ηλικίας-0-6-Μηνών-σε-Σκόνη-800gr,22.99
2025-11-08,89049159,ECONOMY-Βρεφικές-Πάνες-Νο4-8-14kg-18τεμ-,2.99
2025-11-08,89048720,JOHNSON-S-Kids-Αφρόλουτρο-Bubble-750ml,2.99
2025-11-08,89047415,ECONOMY-Μωρομάντηλα-με-Καπάκι-και-άρωμα-Αμύγδαλο-64τεμ-,0.99
2025-11-08,89023817,BABYLINO-Βρεφική-πάνα-Sensitive-Cotton-Soft-No4-8-13-Kg-50-τμχ,13.19
2025-11-08,89022713,FRISOLAC-1-Γάλα-1ης-Βρεφικής-Ηλικίας-0-6-Μηνών-σε-Σκόνη-400gr,12.39
2025-11-08,11903017,ΓΙΩΤΗΣ-Sanilac-2-Γάλα-2ης-Βρεφικής-Ηλικίας-6-Μηνών-σε-σκόνη-400gr,9.99
2025-11-08,11901045,ΝΟΥΝΟΥ-Βρεφική-Κρέμα-Φρουτόκρεμα-με-5-Φρούτα-300gr,6.1
2025-11-08,11901031,ΓΙΩΤΗΣ-Φρουτόκρεμα-5-Φρούτων-300gr,5.84
2025-11-08,89043631,PAMPERS-Premium-Care-Πάνες-Νo6-13kg-Jumbo-Pack-38τεμ,13.49
2025-11-08,89070680,JOHNSON-S-Baby-Πούδρα-Aloe-_-Vitamin-100γρ,1.99
2025-11-08,89071344,BABYLINO-Pants-Cotton-Soft-Unisex-No5-Junior-10-16kg-34-τεμ,9.59
2025-11-08,89071346,BABYLINO-Pants-Cotton-Soft-Unisex-No7-Extra-Large-Plus-15-25kg-28-τεμ,9.59
2025-11-08,89069739,PAMPERS-premium-care-newborn-N-1-50T,10.99
2025-11-08,89069247,GLOW-_-BEAUTY-Υγρομάντηλα-Family-Καλέντουλα-και-Πανθενόλη-72τμχ,0.65
2025-11-08,89069248,ECONOMY-Μωρομάντηλα-Λεβάντα-72τμχ,0.79
2025-11-08,89023931,ECONOMY-Μωρομάντηλα-64τμχ,0.99
2025-11-08,89089371,GLOW-_-BEAUTY-Looney-Tunes-Απαλά-Μωρομάντηλα-72τμχ,0.94
2025-11-08,89089364,ECONOMY-Μωρομάντηλα-Πούδρα-84τεμ,0.69
2025-11-08,89048642,ΝΟΥΝΟΥ-Βρεφική-Κρέμα-Φαρίν-Λακτέ-Μπισκότο-300γρ-,4.55
2025-11-08,89078462,ECONOMY-Μωρομάντηλα-Aloe-_-Χαμομήλι-100τεμ,0.99
2025-11-08,89071345,BABYLINO-Pants-Cotton-Soft-Unisex-No6-Extra-Large-13-18kg-31τεμ,9.59
2025-11-08,89018112,ECONOMY-Μωρομάντηλα-Aloe-Vera-Travel-Pack-20τεμ-,0.69
2025-11-08,89067023,BABYLINO-Sensitive-Πάνες-Cotton-Soft-No7-15-Kg-36-τμχ,12.99
2025-11-08,89054313,ECONOMY-Μωρομάντηλα-sensitive-72τεμ-,0.99
2025-11-08,89082594,ECONOMY-Βρεφικές-Πάνες-Mega-Pack-No5-12-18Kg-44τεμ,7.99
2025-11-08,89077681,ECONOMY-Μωρομάντηλα-Χαμομήλι-3Χ60τεμ-1-99€,1.89
2025-11-08,89070726,GLOW-_-BEAUTY-υγρομάντηλα-υγιεινής-ενηλίκων-60τεμ,1.79
2025-11-08,89070725,GLOW-_-BEAUTY-γάντια-καθαρισμού-ενηλίκων-8τεμ,2.69
2025-11-08,89096792,ECONOMY-Μωρομάντηλα-Natural-Care-70τμχ,0.99
2025-11-08,89089372,GLOW-_-BEAUTY-Looney-Tunes-Μωρομάντηλα-3Χ72τμχ-2-1δώρο,1.98
2025-11-08,89089363,ECONOMY-Μωρομάντηλα-Aloe-Vera-84τεμ,0.69
2025-11-08,11901029,ΝΟΥΝΟΥ-Βρεφική-Κρέμα-Φαρίν-Λακτέ-300gr,3.65
2025-11-08,89036118,PAMPERS-Premium-Care-Πάνες-Νο2-4-8kg-46τεμ-,10.99
2025-11-08,89035493,JOHNSON-S-Baby-Oil-Ενυδατικό-Λάδι-300ml,2.79
2025-11-08,89023818,BABYLINO-Βρεφικές-Πάνες-Sensitive-Cotton-Soft-No5-11-16-Kg-44-τμχ,13.19
2025-11-08,40602375,JOHNSON-S-Baby-Αφρόλουτρο-Αντλία-750ml,2.99
2025-11-08,11903051,FRISOGROW-Ρόφηµα-Γάλακτος-400γρ-,11.45
2025-11-08,11901085,ΓΙΩΤΗΣ-Μπισκοτόκρεμα-300gr,5.41
2025-11-08,11901053,ΝΟΥΝΟΥ-Βρεφική-Κρέμα-Μπισκότο-300γρ,5.97
2025-11-08,11901015,ΓΙΩΤΗΣ-Φαρίν-Λακτέ-300gr,2.39
2025-11-08,89013225,ECONOMY-Μωρομάντηλα-Χαμομήλι-Aloe-Vera-72τεμ,0.99
2025-11-08,89089323,ΝΟΥΝΟΥ-Κρέμα-Γάλακτος-Light-3X200ml,3.25
2025-11-08,89068699,ΦΑΣΤ-Classic-Μαργαρίνη-Πλακάκι-225gr,0.99
2025-11-08,89068697,ΦΑΣΤ-Μαργαρίνη-Soft-440gr,2.09
2025-11-08,89069025,ΦΑΣΤ-Μαργαρίνη-Soft-220γρ,1.11
2025-11-08,89041155,ΚΟΛΙΟΣ-Cuisine-Στραγγιστό-Γιαούρτι-2x150gr,1.24
2025-11-08,89025599,ΜΕΒΓΑΛ-Κρέμα-Βανίλια-150-γρ-,0.86
2025-11-08,89018799,ΚΡΙ-ΚΡΙ-Γιαούρτι-Αγελάδος-2-3x200γρ,1.89
2025-11-08,89018798,ΚΡΙ-ΚΡΙ-Γιαούρτι-Αγελάδος-3-9-3x200γρ,1.89
2025-11-08,12112019,ΦΑΓΕ-Βανίλια-Risolat-Γλυκοκουταλιές-2X170γρ,1.19
2025-11-08,89069028,ΦΑΣΤ-Μαργαρίνη-Soft-Light-220gr,1.29
2025-11-08,89048721,ΟΛΥΜΠΟΣ-Μεγαλώνω-Ρόφημα-Γάλα-Αγελάδας-1lt-,1.85
2025-11-08,89009336,ΟΛΥΜΠΟΣ-Κεφίρ-1-500ml,1.25
2025-11-08,89079721,ΟΛΥΜΠΟΣ-Κεφίρ-Φρούτα-του-Δάσους-330ml,1.07
2025-11-08,89029701,ΜΕΒΓΑΛ-Κρέμα-Σοκολάτα-150-γρ-,0.88
2025-11-08,89025488,ΜΕΒΓΑΛ-Κρέμα-Καραμελέ-150-γρ-,0.88
2025-11-08,89034558,ΚΟΛΙΟΣ-Today-Επιδόρπιο-Γιαουρτιού-5-850-γρ-,2.8
2025-11-08,89084338,ΜΕΒΓΑΛ-Creme-Panna-Cotta-Καφέ-150γρ,0.99
2025-11-08,89070688,ΟΛΥΜΠΟΣ-Κεφίρ-Φράουλα-Pet-330ml,1.07
2025-11-08,89067610,ΜΕΒΓΑΛ-Creme-Καϊμάκι-με-Βύσσινο-150γρ-,0.99
2025-11-08,89052817,ΜΕΒΓΑΛ-Ρυζόγαλο-Πολίτικο-με-Κανέλα-150γρ,0.9
2025-11-08,89034560,ΚΟΛΙΟΣ-Today-Επιδόρπιο-Γιαουρτιού-2-850-γρ-,2.8
2025-11-08,89088932,ΜΕΓΒΑΛ-Κεφίρ-Μύρτιλο-330ml,1.0
2025-11-08,89088933,ΜΕΒΓΑΛ-Κεφίρ-Χωρίς-Λακτόζη-Ροδάκινο-330ml,1.0
2025-11-08,89088931,ΜΕΒΓΑΛ-Κεφίρ-Φράουλα-330ml,1.0
2025-11-08,13301078,ΜΕΒΓΑΛ-Ρόφημα-Γάλακτος-Κεφίρ-Χωρίς-Γλουτένη-500ml,1.18
2025-11-08,89095549,ΦΑΓΕ-Total-Γιαούρτι-Στραγγιστό-0-500γρ,2.45
2025-11-08,12102115,ΦΑΓΕ-Total-Στραγγιστό-Γιαούρτι-2-500gr,2.45
2025-11-08,12102011,ΦΑΓΕ-Total-Στραγγιστό-Γιαούρτι-500gr,2.45
2025-11-08,89089095,ΜΙΚΡΕΣ-ΦΑΡΜΕΣ-ΤΟΥ-ΒΟΥΝΟΥ-High-Protein-Βανίλια-180γρ,1.25
2025-11-08,89089097,ΜΙΚΡΕΣ-ΦΑΡΜΕΣ-ΤΟΥ-ΒΟΥΝΟΥ-High-Protein-Καραμέλα-180γρ,1.25
2025-11-08,89055388,ΧΩΡΙΟ-μαργαρίνη-soft-με-ελαιόλαδο-225γρ,1.68
2025-11-08,89051529,ΦΑΣΤ-Μαργαρίνη-με-Ελληνικό-Στραγγιστό-Γιαούρτι-225gr,1.49
2025-11-08,89037425,ΜΙΚΡΕΣ-ΦΑΡΜΕΣ-ΤΟΥ-ΒΟΥΝΟΥ-Γάλα-Χωρίς-Λακτόζη-Μακράς-Διαρκείας-1-5-1lt,1.49
2025-11-08,89026667,ΚΡΙ-ΚΡΙ-Superspoon-High-Protein-Επιδόρπιο-Βανίλια-Μάνγκο-2X170γρ,2.23
2025-11-08,89089112,ΚΡΙ-ΚΡΙ-Γιαούρτι-Αγελάδος-Χωρίς-Λακτόζη-2-Λιπαρά-3x200γρ,2.1
2025-11-08,12102037,ΜΕΒΓΑΛ-Γιαούρτι-Only-2-200-γρ,0.71
2025-11-08,89030201,ΔΩΔΩΝΗ-Γιαούρτι-Αγελάδος-2-3Χ200-γρ-,2.22
2025-11-08,89029213,ΚΡΙ-ΚΡΙ-Kids-Scooby-Doo-Επιδόρπιο-Γιαουρτιού-Μπισκότο-με-Σοκομπιλάκια-3x150γρ,3.22
2025-11-08,89067444,ΡΟΔΟΠΗ-Κρέμα-Βανίλια-160γρ-,1.1
2025-11-08,89067446,ΡΟΔΟΠΗ-Κρέμα-Σοκολάτα-160γρ-,1.1
2025-11-08,89066919,ΔΕΛΤΑ-Complet-Επιδόρπιο-Γιαουρτιού-2-3Χ190γρ-,3.58
2025-11-08,89054474,MILKO-Γάλα-Σοκολατούχο-Free-0-450ml,1.78
2025-11-08,89053580,ΚΡΙ-ΚΡΙ-Babies-Επιδόρπιο-Γιαουρτιού-με-Μπανάνα-_-Μήλο-2x140gr,2.15
2025-11-08,89050294,ΜΕΒΓΑΛ-Love-Milk-Γάλα-Πλήρες-3-5-1lt,1.64
2025-11-08,89047164,ΔΕΛΤΑ-του-Τόπου-μας-Γάλα-Ελαφρύ-1-5-1lt,1.99
2025-11-08,89047162,ΔΕΛΤΑ-μμμMILK-Οικογενειακό-Γάλα-Υψηλής-Παστερίωσης-Ελαφρύ-1-5-1lt,2.15
2025-11-08,89046196,ΟΛΥΜΠΟΣ-Στραγγιστό-Γιαούρτι-5-1kg,4.99
2025-11-08,89089093,ΔΕΛΤΑ-Vitaline-Επιδόρπιο-Γιαουρτιού-Ροδάκινο-με-Στέβια-3X180γρ-,3.48
2025-11-08,89079501,ΔΕΛΤΑ-Φυτικό-Ρόφημα-Αμύγδαλο-Κακάο-1lt,3.3
2025-11-08,89056069,STARBUCKS-Καφές-Latte-220ml,2.39
2025-11-08,89078487,YOUPHORIA-Κρέμα-Βανίλια-High-Protein-180γρ,1.79
2025-11-08,89050435,ΚΡΙ-ΚΡΙ-Superspoon-Επιδόρπιο-Γιαουρτιού-High-Protein-2X205γρ,2.37
2025-11-08,89055851,ARLA-Protein-Shake-Σοκολάτα-250ml,1.89
2025-11-08,89096479,MEREL-Έτοιμος-Καφές-Latte-280ml,1.99
2025-11-08,89095222,ΒΙΤΑΜ-Cook-_-Bake-Soft-225γρ,1.75
2025-11-08,89025355,ΚΡΙ-ΚΡΙ-Kids-Επιδόρπιο-Peppa-Φράουλα-Μπισκότο-3Χ140γρ,2.54
2025-11-08,89096073,ΚΡΙ-ΚΡΙ-Grow-Επιδόρπιο-Μήλο-Καρότο-2Χ140γρ,2.15
2025-11-08,89096092,ΜΕΒΓΑΛ-Γιαούρτι-Bio-Παραδοσιακό-Κατσικίσιο-200γρ,1.7
2025-11-08,89095488,ΝΟΥΝΟΥ-Γιαούρτι-Στραγγιστό-Χωρίς-Λακτόζη-1-5-λιπαρά-900γρ,4.86
2025-11-08,89089377,ΜΕΒΓΑΛ-High-Protein-Puding-Καραμέλα-200γρ,1.95
2025-11-08,89089376,ΜΕΒΓΑΛ-High-Protein-Puding-Κακάο-200γρ,1.95
2025-11-08,89095547,ΦΑΓΕ-Total-Γιαούρτι-2-Ρόδι-Ράσμπερι-2Χ150γρ,2.37
2025-11-08,89095400,GLYKAKI-Γλυκίσμα-Τύπου-Dubai-200γρ,3.99
2025-11-08,89089230,ΜΕΒΓΑΛ-Το-δικό-μας-Οικογενειακό-Επιδόρπιο-Γιαουρτιού-2-3Χ200γρ,2.6
2025-11-08,89089235,ΜΕΒΓΑΛ-Recor-Ζελέ-Κεράσι-4Χ128γρ,2.4
2025-11-08,89089234,ΜΕΒΓΑΛ-Recor-Ζελέ-Φράουλα-4Χ128γρ,2.4
2025-11-08,89030695,ΚΟΛΙΟΣ-Στραγγιστό-Γιαούρτι-5-850γρ,3.98
2025-11-08,89032187,ΚΟΛΙΟΣ-Γιαούρτι-Αγελάδος-3-85-3Χ200γρ,2.49
2025-11-08,89083040,ΡΟΔΟΠΗ-Γιαούρτι-Κατσικίσιο-Παραδοσιακό-200γρ,1.45
2025-11-08,89084256,ΦΑΓΕ-Total-Γιαούρτι-2-Φρούτα-του-Δάσους-2Χ150γρ,2.37
2025-11-08,89084819,ΜΙΚΡΕΣ-ΦΑΡΜΕΣ-ΤΟΥ-ΒΟΥΝΟΥ-Στραγγιστό-Έδεσμα-2Χ150γρ,0.99
2025-11-08,89078525,ΜΙΚΡΕΣ-ΦΑΡΜΕΣ-ΤΟΥ-ΒΟΥΝΟΥ-Αραβική-Πίτα-με-Γαλοπούλα-Καπνιστή-160γρ,1.89
2025-11-08,89078523,ΜΙΚΡΕΣ-ΦΑΡΜΕΣ-ΤΟΥ-ΒΟΥΝΟΥ-Σάντουιτς-με-Κοτόπουλο-Φιλέτο-180γρ,1.89
2025-11-08,89078524,ΜΙΚΡΕΣ-ΦΑΡΜΕΣ-ΤΟΥ-ΒΟΥΝΟΥ-Αραβική-Πίτα-με-Κοτόπουλο-Φιλέτο-160γρ,1.89
2025-11-08,89079493,ΜΕΒΓΑΛ-High-Protein-Ρόφημα-Κακάο-330ml,2.55
2025-11-08,89078454,ΜΙΚΡΕΣ-ΦΑΡΜΕΣ-ΤΟΥ-ΒΟΥΝΟΥ-Cookies-180γρ,2.49
2025-11-08,89078371,ΜΙΚΡΕΣ-ΦΑΡΜΕΣ-ΤΟΥ-ΒΟΥΝΟΥ-Μαργαρίνη-Soft-Βουτυρένια-Γεύση-500γρ,2.99
2025-11-08,89070919,PRIMULA-Ανακατεργασμένο-Τυρί-Ζαμπόν-140γρ,3.99
2025-11-08,89070715,ΜΙΚΡΕΣ-ΦΑΡΜΕΣ-ΤΟΥ-ΒΟΥΝΟΥ-βούτυρο-αγελάδος-light-soft-250γρ,3.99
2025-11-08,89070667,POP-BAKERY-αφράτη-ζύμη-για-pizza-400γρ,3.95
2025-11-08,89070446,ΜΙΚΡΕΣ-ΦΑΡΜΕΣ-ΤΟΥ-ΒΟΥΝΟΥ-στο-πιάτο-μουσακάς-350γρ,2.99
2025-11-08,89070452,ΜΙΚΡΕΣ-ΦΑΡΜΕΣ-ΤΟΥ-ΒΟΥΝΟΥ-στο-πιάτο-φασολάδα-400γρ,2.84
2025-11-08,89069971,ΜΙΚΡΕΣ-ΦΑΡΜΕΣ-ΤΟΥ-ΒΟΥΝΟΥ-Επιδόρπιο-Κρέμα-Βανίλια-180gr,0.99
2025-11-08,12102615,ΚΡΙ-ΚΡΙ-Σπιτικό-Επιδόρπιο-Γιαουρτιού-2-1kg,3.39
2025-11-08,12800060,ΣΤΕΡΓΙΟΥ-Σάντουιτς-Γαλοπούλα-και-Ένταμ-125gr,2.49
2025-11-08,89028368,ARLA-Protein-Ρόφημα-Γάλακτος-Βανίλια-με-50-Λιγότερη-Ζάχαρη-500gr,2.79
2025-11-08,89025333,ΜΑΝΔΡΕΚΑΣ-Γιαούρτι-Αγελάδας-Ελαφρύ-200-γρ-,0.39
2025-11-08,89023164,ΝΟΥΝΟΥ-Γιαούρτι-Στραγγιστό-1-5-3x200γρ,3.78
2025-11-08,89017574,LIFE-Καλημέρα-Χυμός-Πορτοκάλι-1lt,3.7
2025-11-08,89014468,LIFE-Χυμός-Κράνμπερι-Ράσμπερι-Μπλούμπερι-1lt,3.19
2025-11-08,89009218,LIFE-Χυμός-Σταφύλι-Πορτοκάλι-Ρόδι-1lt,3.49
2025-11-08,89009212,LIFE-Χυμός-Ψυγείου-Μήλο-Πορτοκάλι-Καρότο-1lt,3.18
2025-11-08,13207264,BECEL-Pro-Activ-Προϊόν-Επάλειψης-Light-250gr,3.87
2025-11-08,13207108,ΣΑΒΟΪ-Βούτυρο-τ-Κερκύρας-125gr,2.65
2025-11-08,12405020,ΒΕΜ-Ρώσικη-Σαλάτα-450gr,3.89
2025-11-08,12102883,ΣΤΑΜΟΥ-Γιαούρτι-Πρόβειο-2-Σε-Πηλινο-220gr,1.87
2025-11-08,12102428,ΦΑΓΕ-Τοτal-Στραγγιστό-Γιαούρτι-3x200gr,4.4
2025-11-08,12102094,ΦΑΓΕ-Αγελαδίτσα-Γιαούρτι-2-3x200γρ,2.78
2025-11-08,12102010,ΦΑΓΕ-Τοτal-Γιαούρτι-200gr,1.47
2025-11-08,12008129,ΜΕΒΓΑΛ-Αριάνι-Γάλα-Αγελάδος-Χωρίς-Γλουτένη-1-5-500ml,1.29
2025-11-08,12008067,ΟΛΥΜΠΟΣ-Γάλα-Κατσικίσιο-3-5-1L,2.99
2025-11-08,11803058,ΓΙΩΤΗΣ-Φρούι-Ζελέ-Κεράσι-και-Φρούτα-2X165γρ,1.94
2025-11-08,89036260,ΝΟΥΝΟΥ-Family-Γάλα-Χωρίς-Λακτόζη-1lt,2.6
2025-11-08,89036314,ΜΙΚΡΕΣ-ΦΑΡΜΕΣ-ΤΟΥ-ΒΟΥΝΟΥ-Φυτική-Κρέμα-Ζαχαροπλαστικής-500ml,1.99
2025-11-08,89034872,ECONOMY-Κρέμα-Γάλακτος-Light-23-200ml,1.39
2025-11-08,89034744,ECONOMY-Μαργαρίνη-Soft-Light-25-250gr,0.85
2025-11-08,89027080,ΜΙΚΡΕΣ-ΦΑΡΜΕΣ-ΤΟΥ-ΒΟΥΝΟΥ-Βούτυρο-Αγελάδος-Ανάλατο-82-250γρ,2.99
2025-11-08,89027484,ECONOMY-Σαλάτα-Κηπουρού-250gr,1.29
2025-11-08,89067443,ΡΟΔΟΠΗ-Ρυζόγαλο-160γρ-,1.1
2025-11-08,89067069,ΝΟΥΝΟΥ-Γιαούρτι-Στραγγιστό-1-5-Χωρίς-Λακτόζη-2x175gr,2.16
2025-11-08,89067015,ΔΕΛΤΑ-Του-Τόπου-Μας-Γάλα-Ελαφρύ-1-5-500ml,1.26
2025-11-08,89066917,ΔΕΛΤΑ-Complet-Επιδόρπιο-Γιαουρτιού-10-1kg,3.99
2025-11-08,89065376,ΜΙΚΡΕΣ-ΦΑΡΜΕΣ-ΤΟΥ-ΒΟΥΝΟΥ-Κρέμα-Νηστίσιμη-20-Φυτικά-Λιπαρά-500ml,2.49
2025-11-08,89054168,BECEL-Pro-Active-Μαργαρίνη-Κλασική-225gr,3.64
2025-11-08,89053483,NESQUIK-Snack-με-Γάλα-26gr,0.75
2025-11-08,89050025,ECONOMY-Σκεύασμα-Αυγών-Βακαλάου-35-170gr,1.89
2025-11-08,89049196,ΜΙΚΡΕΣ-ΦΑΡΜΕΣ-ΤΟΥ-ΒΟΥΝΟΥ-Ρόφημα-Αμυγδάλου-με-Ασβέστιο-και-Βιταμίνες-1lt,1.89
2025-11-08,89048494,ΜΙΚΡΕΣ-ΦΑΡΜΕΣ-ΤΟΥ-ΒΟΥΝΟΥ-Βούτυρο-Γάλακτος-Αιγοπρόβειο-320gr,6.49
2025-11-08,89047169,ΔΕΛΤΑ-του-Τόπου-μας-Γάλα-Ελαφρύ-1-5-1-5lt,2.85
2025-11-08,89047161,ΔΕΛΤΑ-του-Τόπου-Μας-Γάλα-Πλήρες-3-7-1lt,1.99
2025-11-08,89047157,ΔΕΛΤΑ-του-Τόπου-μας-Γάλα-Πλήρες-3-7-1-5lt,2.85
2025-11-08,89047156,ΔΕΛΤΑ-μμμMILK-Οικογενειακό-Γάλα-Υψηλής-Παστερίωσης-Πλήρες-3-5-1-5lt,2.95
2025-11-08,89096275,ΔΕΛΤΑ-Vitaline-Protein-Dessert-Επιδόρπιο-Lemon-Pie-240γρ,2.0
2025-11-08,89067594,ΚΡΙ-ΚΡΙ-Επιδόρπιο-Φράουλα-Μπανάνα-Δημητριακά-3Χ180γρ,3.16
2025-11-08,13207092,LURPAK-Βούτυρο-Μερίδες-Ανάλατο-10X10γρ,3.29
2025-11-08,89067586,ΚΡΙ-ΚΡΙ-Επιδόρπιο-Γιαουρτιού-1-7-Φράουλα-3x180γρ,3.16
2025-11-08,89069280,ΚΡΙ-ΚΡΙ-Επιδόρπιο-Γιαουρτιού-Ροδάκινο-3X180γρ,3.16
2025-11-08,89051188,ΚΡΙ-ΚΡΙ-KIDS-PJM-επιδόρπιο-φράουλα-σοκομπιλάκια-3Χ150ΓΡ,2.98
2025-11-08,89069321,ΚΡΙ-ΚΡΙ-Supper-Spoon-Επιδόρπιο-για-Συνοδευτικό-με-Δαμάσκηνο-_-Βρώμη-2X170γρ,1.74
2025-11-08,89096562,ΚΟΛΙΟΣ-Γιαούρτι-Στραγγιστό-Ελληνικό-0-850γρ,3.99
2025-11-08,89096186,ΚΡΙ-ΚΡΙ-Kids-Dc-Επιδόρπιο-Μπανάνα-Σοκολάτα-2Χ170γρ,2.46
2025-11-08,89096184,ΚΡΙ-ΚΡΙ-Super-Spoon-Pudding-Επιδόρπιο-Μπανάνα-_-Toffee-200γρ,1.99
2025-11-08,89096225,YO-FRESH-Επιδόρπιο-Γιαουρτιού-Φράουλα-150γρ,0.79
2025-11-08,89089215,ΜΕΒΓΑΛ-Γιαούρτι-Παραδοσιακό-Πρόβειο-240γρ,1.57
2025-11-08,89095548,ΦΑΓΕ-Total-Γιαούρτι-Στραγγιστό-0-1Kg,5.65
2025-11-08,89070310,ΜΕΒΓΑΛ-επιδόρπιο-το-δικό-μας-1Κ,3.46
2025-11-08,89089233,ΜΕΒΓΑΛ-Frutomania-Επιδόρπιο-Μπανάνα-Σοκολάτα-ΙΟΝ-3Χ140γρ,3.3
2025-11-08,89089239,ΜΕΒΓΑΛ-Harmony-Επιδόρπιο-1-Ροδάκινο-2Χ170γρ,1.99
2025-11-08,89089232,ΜΕΒΓΑΛ-Frutomania-Επιδόρπιο-Φράουλα-Σοκολάτα-3Χ140γρ,3.3
2025-11-08,89089304,GLYKAKI-Πάστα-Σεράνο-150γρ,2.65
2025-11-08,89054392,ΚΟΛΙΟΣ-Στραγγιστό-Γιαούρτι-2-3Χ170gr,3.25
2025-11-08,89054394,ΚΟΛΙΟΣ-Στραγγιστό-Γιαούρτι-5-3Χ170gr,3.25
2025-11-08,89052831,ΦΑΓΕ-Total-Γιαούρτι-2-Φράουλα-2x150gr,2.37
2025-11-08,89084855,SONATA-Gold-Επιδόρπιο-Κρέμα-140γρ,0.99
2025-11-08,89084600,ΜΙΚΡΕΣ-ΦΑΡΜΕΣ-ΤΟΥ-ΒΟΥΝΟΥ-Χούμους-Παραδοσιακή-250γρ,1.49
2025-11-08,89084253,ΡΟΔΟΠΗ-Αγελαδινό-Παραδοσιακό-Γιαούρτι-200γρ,0.98
2025-11-08,89084252,ΡΟΔΟΠΗ-Γιαούρτη-Βιολογικό-Κατσικίσιο-Παραδοσιακό-200γρ,1.75
2025-11-08,89079492,ΜΕΒΓΑΛ-High-Protein-Ρόφημα-Βανίλια-330ml,2.55
2025-11-08,89078453,ΜΙΚΡΕΣ-ΦΑΡΜΕΣ-ΤΟΥ-ΒΟΥΝΟΥ-Cheesecake-180γρ,2.49
2025-11-08,89078456,ΜΙΚΡΕΣ-ΦΑΡΜΕΣ-ΤΟΥ-ΒΟΥΝΟΥ-Εκμέκ-180γρ,2.49
2025-11-08,89078372,ECONOMY-Μαργαρίνη-Κλασική-Soft-500γρ,2.89
2025-11-08,89033192,ΚΡΙ-ΚΡΙ-Σπιτικό-Επιδόρπιο-Γιαουρτιού-5-1kg,3.39
2025-11-08,12107005,ΚΡΙ-ΚΡΙ-Γιαούρτι-Στραγγιστό-2-3x200gr,3.66
2025-11-08,12800032,ΣΤΕΡΓΙΟΥ-Κρουασάν-με-Γαλοπούλα-_-Τυρί-170γρ-,2.29
2025-11-08,89036500,YOUPHORIA-Επιδόρπιο-High-Protein-Ροδάκινο-250ml,2.29
2025-11-08,89034166,ARLA-Protein-Ρόφημα-Γάλακτος-Με-Βανίλια-Με-Χαμηλά-Λιπαρά-Και-50-Λιγότερη-Ζάχαρη-500-γρ-,2.79
2025-11-08,89028162,ΟΛΥΜΠΟΣ-Bio-Ρόφημα-Κατσικίσιου-Γάλακτος-Παιδικό-Βιολογικό-3-5-1lt,3.35
2025-11-08,89027537,ΔΕΛΤΑ-Smart-Φυσικός-Χυμός-Κεράσι-Φράουλα-200ml,1.12
2025-11-08,89018259,ΟΛΥΜΠΟΣ-Στραγγιστό-Γιαούρτι-2-Χωρίς-Λακτόζη-2x170gr,2.7
2025-11-08,89011831,ΔΕΛΤΑ-μμμMilk-Γάλα-Χωρίς-Λακτόζη-1-5-1lt,2.49
2025-11-08,89008884,ΟΛΥΜΠΟΣ-Freelact-Γάλα-Χωρίς-Λακτόζη-1-5-1lt,2.82
2025-11-08,13301359,FRULITE-Φρουτοποτό-Καρότο-Φρoύτα-1lt,2.08
2025-11-08,12102276,ΦΑΓΕ-Total-Στραγγιστό-Γιαούρτι-2-1kg,5.65
2025-11-08,12102272,ΦΑΓΕ-Total-Στραγγιστό-Γιαούρτι-5-1kg,5.65
2025-11-08,12102109,ΦΑΓΕ-Total-Γιαούρτι-2-200gr,1.47
2025-11-08,12102007,ΦΑΓΕ-Αγελαδίτσα-Γιαούρτι-4-200gr,0.93
2025-11-08,12008078,ΝΟΥΝΟΥ-Family-Γάλα-Ελαφρύ-1-5-1-5lt,2.86
2025-11-08,12008051,ΝΟΥΝΟΥ-Family-Γάλα-Πλήρες-3-6-1lt,2.06
2025-11-08,12008037,ΜΕΒΓΑΛ-Γάλα-Φρέσκο-Αγελάδος-3-5-1lt,1.49
2025-11-08,11803063,ΓΙΩΤΗΣ-Sweet-_-Balance-Φρουί-Ζελέ-Κεράσι-2x150gr,2.2
2025-11-08,11803062,ΓΙΩΤΗΣ-Sweet-_-Balance-Φρούι-Ζελέ-Φράουλα-Ψυγειου-2X150gr,2.2
2025-11-08,11801158,ΣΤΑΜΟΥ-Ρυζόγαλο-180gr,1.12
2025-11-08,10707268,KINDER-Γαλακτοφέτες-5x28gr,3.4
2025-11-08,89036313,ΜΙΚΡΕΣ-ΦΑΡΜΕΣ-ΤΟΥ-ΒΟΥΝΟΥ-Φυτική-Μαγειρικής-UHT-500ml,1.99
2025-11-08,89035061,ΜΙΚΡΕΣ-ΦΑΡΜΕΣ-ΤΟΥ-ΒΟΥΝΟΥ-Κρέμα-Κακάο-2x100gr,1.39
2025-11-08,89035060,ΜΙΚΡΕΣ-ΦΑΡΜΕΣ-ΤΟΥ-ΒΟΥΝΟΥ-Κρέμα-Βανίλια-2x100gr,1.39
2025-11-08,89028478,ECONOMY-Τυροσαλάτα-250gr,1.29
2025-11-08,89026816,ΜΙΚΡΕΣ-ΦΑΡΜΕΣ-ΤΟΥ-ΒΟΥΝΟΥ-Σαλάτα-Σικάγο-250gr,1.69
2025-11-08,89054388,BECEL-ProActiv-με-Ελαιόλαδο-225gr,3.84
2025-11-08,89069170,ΜΕΒΓΑΛ-Harmony-Επιδόρπιο-Γιαουρτιού-1-Φράουλα-170gr,1.0
2025-11-08,89068421,ΚΡΙΚΡΙ-Γιαούρτι-Στραγγιστό-6-1κιλό,4.75
2025-11-08,89067002,ΒΙΤΑΜ-Μαργαρίνη-Κλασική-70-200gr,1.5
2025-11-08,89066921,ΔΕΛΤΑ-Complet-Επιδόρπιο-Γιαουρτιού-10-3x190gr,3.58
2025-11-08,89066934,ΒΙΤΑΜ-Μαργαρίνη-Soft-200γρ,1.75
2025-11-08,89053799,ΔΩΔΩΝΗ-Plant-d-Επιδόρπιο-Φυτικό-Βρώμης-με-Μήλο-_-Κανέλα-150gr,1.16
2025-11-08,89053798,ΔΩΔΩΝΗ-Plant-d-Επιδόρπιο-Φυτικό-Βρώμης-με-Βανίλια-150gr,1.16
2025-11-08,89048298,ΜΙΚΡΕΣ-ΦΑΡΜΕΣ-ΤΟΥ-ΒΟΥΝΟΥ-100-Φυσικός-Χυμός-Ρόδι-250ml,1.89
2025-11-08,89047165,ΔΕΛΤΑ-μμμMILK-Οικογενειακό-Γάλα-Υψηλής-Παστερίωσης-Ελαφρύ-1-5-1-5lt,2.95
2025-11-08,89047092,VITALINE-Go-Protein-Επιδόρπιο-Γιαουρτιού-με-Βανίλια-_-Κομματάκια-Σοκολάτας-2x170gr,2.73
2025-11-08,89046198,ΟΛΥΜΠΟΣ-Στραγγιστό-Γιαούρτι-5-3x200gr,3.99
2025-11-08,89083052,ΜΕΒΓΑΛ-Bluey-Γιαούρτι-Παιδικό-Φράουλα-Μπανάνα-3X140γρ,2.59
2025-11-08,89078526,ΜΙΚΡΕΣ-ΦΑΡΜΕΣ-ΤΟΥ-ΒΟΥΝΟΥ-Σάντουιτς-με-Γαλοπούλα-Καπνιστή-170γρ,1.89
2025-11-08,89079490,ΜΕΒΓΑΛ-High-Protein-Επιδόρπιο-Μπανάνα-Φυστικοβούτυρο-170γρ,1.37
2025-11-08,89079481,ΔΕΛΤΑ-Advance-Φαρίν-Λακτέ-2Χ140γρ,2.05
2025-11-08,89070831,PRIMULA-Ανακατεργασμένο-Τυρί-Γαρίδα-140γρ,3.99
2025-11-08,89070590,VITALINE-Go-Protein-Pudding-Σοκολάτα-200γρ,1.98
2025-11-08,89070589,VITALINE-Go-Protein-Pudding-Βανίλια-200γρ,1.98
2025-11-08,89070450,ΜΙΚΡΕΣ-ΦΑΡΜΕΣ-ΤΟΥ-ΒΟΥΝΟΥ-στο-πιάτο-σπανακόρυζο-350γρ,2.99
2025-11-08,89070453,ΜΙΚΡΕΣ-ΦΑΡΜΕΣ-ΤΟΥ-ΒΟΥΝΟΥ-στο-πιάτο-λαχανοντολμάδες-400γρ,2.84
2025-11-08,89070099,ΜΙΚΡΕΣ-ΦΑΡΜΕΣ-ΤΟΥ-ΒΟΥΝΟΥ-Στακοβούτυρο-99-8-320gr,6.99
2025-11-08,89069985,ΜΙΚΡΕΣ-ΦΑΡΜΕΣ-ΤΟΥ-ΒΟΥΝΟΥ-Ρυζόγαλο-180gr,0.99
2025-11-08,89089094,ΔΕΛΤΑ-Vitaline-Επιδόρπιο-Γιαουρτιού-Κεράσι-με-Στέβια-3X180γρ-,3.48
2025-11-08,89088655,ΚΡΙ-ΚΡΙ-Superspoon-Επιδόρπιο-Γιαούρτι-Καραμέλα-Αχλάδι-200γρ,1.67
2025-11-08,89082837,ΦΑΓΕ-Fruyo-0-Ροδάκινο-2X150γρ,2.37
2025-11-08,89067592,ΚΡΙ-ΚΡΙ-Επιδόρπιο-Γιαουρτιού-1-7-Ανανάς-Ρόδι-3x180γρ,3.16
2025-11-08,89078488,YOUPHORIA-Κρέμα-Κακάο-High-Protein-180γρ,1.79
2025-11-08,89096480,MEREL-Έτοιμος-Καφές-Cappuccino-280ml,1.99
2025-11-08,89096469,ΔΕΛΤΑ-Smart-Επιδόρπιο-Γιαουρτιού-με-Μπισκότο-2Χ140γρ,1.8
2025-11-08,89096185,ΚΡΙ-ΚΡΙ-Kids-Dc-Επιδόρπιο-Φράουλα-Σοκολάτα-2Χ170γρ,2.46
2025-11-08,89096273,ΔΕΛΤΑ-Advance-Επιδόρπιο-Γιαουρτιού-Κολοκύθα-_-Παντζάρι-2Χ135γρ,1.76
2025-11-08,89096228,YO-FRESH-Επιδόρπιο-Γιαουρτιού-Μπισκότο-150γρ,0.79
2025-11-08,89096076,MINDO-Ice-Coffee-Espresso-235ml,1.89
2025-11-08,89070835,ΚΡΙ-ΚΡΙ-Kids-Scooby-Doo-Επιδόρπιο-Γιαουρτιού-Φράουλα-με-Σοκομπιλάκια-3x150g,3.22
2025-11-08,89052840,ΦΑΓΕ-Fruo-0-Φράουλα-2Χ150γρ,2.37
2025-11-08,89052837,ΦΑΓΕ-Fruyo-1-8-Στρατσιατέλα-2Χ150γρ,2.37
2025-11-08,89089237,ΜΕΒΓΑΛ-Maniac-Cake-Milk-Cake-με-Μέλι-4Χ28γρ,2.67
2025-11-08,89089231,ΜΕΒΓΑΛ-Only-Επιδόρπιο-Γιαουρτιού-Χωρίς-Λακτόζη-2-3Χ200γρ,2.32
2025-11-08,89088869,ΜΙΚΡΕΣ-ΦΑΡΜΕΣ-ΤΟΥ-ΒΟΥΝΟΥ-Σαντιγί-με-Φυτικά-Λιπαρά-250γρ,1.99
2025-11-08,89026560,ΦΑΓΕ-Κρέμα-Γάλακτος-Uht-330ml,4.86
2025-11-08,89036693,LIFE-Φυσικός-Χυμός-Πορτοκάλι-1-5lt,4.45
2025-11-08,89036653,LIFE-Φυσικός-Χυμός-9-Φρούτα-1lt,3.35
2025-11-08,89025932,ΔΩΔΩΝΗ-Γιαούρτι-Αγελάδος-3-90-3Χ200γρ,2.22
2025-11-08,89025331,ΜΑΝΔΡΕΚΑΣ-Αγελαδίτσα-Πλήρες-3-85-200-γρ-,0.39
2025-11-08,89024980,ΔΩΔΩΝΗ-Γιαούρτι-Στραγγιστό-2-λιπαρά-3x200-γρ-,3.6
2025-11-08,89022947,ΝΟΥΝΟΥ-Κρέμα-Γάλακτος-Light-200-ml,1.62
2025-11-08,89011637,LURPAK-Βούτυρο-Soft-Ανάλατο-με-Μειωμένα-Λιπαρά-225gr,2.99
2025-11-08,89002644,ΝΟΥΝΟΥ-Kid-Ρόφημα-Γάλακτος-Υψηλής-Παστερίωσης-Παιδικό-1-5lt,3.19
2025-11-08,13207209,LURPAK-Βούτυρο-Ανάλατο-250gr,4.99
2025-11-08,13004001,ΚΑΝΑΚΙ-Φύλλο-Κρούστας-Φρέσκο-450-g,3.94
2025-11-08,12102997,ΟΛΥΜΠΟΣ-Στραγγιστό-Γιαούρτι-2-3x200gr,3.99
2025-11-08,12008044,ΜΕΒΓΑΛ-Γάλα-Φρέσκο-Αγελάδος-1-5-1lt,1.49
2025-11-08,11801156,ΓΙΩΤΗΣ-Επιδόρπιο-Κρέμα-Καραμελέ-4x100γρ,2.98
2025-11-08,89031275,ΜΙΚΡΕΣ-ΦΑΡΜΕΣ-ΤΟΥ-ΒΟΥΝΟΥ-Σαλάτα-Ρώσικη-Νηστίσιμη-Χύμα,1.33
2025-11-08,89029048,ΜΙΚΡΕΣ-ΦΑΡΜΕΣ-ΤΟΥ-ΒΟΥΝΟΥ-Ταραμοσαλάτα-Χύμα,1.33
2025-11-08,89034161,ΜΙΚΡΕΣ-ΦΑΡΜΕΣ-ΤΟΥ-ΒΟΥΝΟΥ-Αγιορείτικη-Μελιτζανοσαλάτα-250gr,1.69
2025-11-08,89030769,ECONOMY-Μελιτζανοσαλάτα-250gr,1.49
2025-11-08,89028211,ECONOMY-Ρώσικη-Σαλάτα-250gr,1.19
2025-11-08,89027416,ECONOMY-Τζατζίκι-250gr,1.29
2025-11-08,89024580,ΜΙΚΡΕΣ-ΦΑΡΜΕΣ-ΤΟΥ-ΒΟΥΝΟΥ-Στραγγιστό-Γιαούρτι-10-900gr,2.99
2025-11-08,89016434,ECONOMY-Κρέμα-Φυτική-Ζαχαροπλαστικής-500ml,1.99
2025-11-08,89069172,ΜΕΒΓΑΛ-Harmony-Επιδόρπιο-Γιαουρτιού-Ροδάκινο-1-170gr,1.0
2025-11-08,89067319,ΚΟΛΙΟΣ-Στραγγιστό-Γιαούρτι-5-500gr,2.99
2025-11-08,89067337,SUPER-FRESCO-Μαργαρίνη-πλακάκι-200gr,0.89
2025-11-08,89067014,ΔΕΛΤΑ-Του-Τόπου-Μας-Γάλα-Πλήρες-500ml,1.26
2025-11-08,89066914,ΔΕΛΤΑ-Complet-Επιδόρπιο-Γιαουρτιού-2-1kg,3.99
2025-11-08,89054473,MILKO-Γάλα-με-Κακάο-450ml,1.75
2025-11-08,89053582,ΚΡΙ-ΚΡΙ-Babies-Επιδόρπιο-Γιαουρτιού-με-Δημητριακά-2x140gr,2.15
2025-11-08,89052366,ΣΤΑΜΟΥ-Η-κατσικούλα-μας-Γιαούρτι-Πρόβειο-220gr,1.81
2025-11-08,89052367,ΣΤΑΜΟΥ-Γιαούρτι-Πρόβειο-Πήλινο-220gr,1.87
2025-11-08,89049194,ΜΙΚΡΕΣ-ΦΑΡΜΕΣ-ΤΟΥ-ΒΟΥΝΟΥ-Ρόφημα-Σόγιας-1lt,1.59
2025-11-08,89049193,ΜΙΚΡΕΣ-ΦΑΡΜΕΣ-ΤΟΥ-ΒΟΥΝΟΥ-Ρόφημα-Σόγιας-με-Σοκολάτα-1lt,1.89
2025-11-08,12109023,ΜΕΒΓΑΛ-Γιαούρτι-Αιγοπρόβειο-Παραδοσιακό-Ελαφρύ-4-220gr,1.53
2025-11-08,89048299,ΜΙΚΡΕΣ-ΦΑΡΜΕΣ-ΤΟΥ-ΒΟΥΝΟΥ-100-Φυσικός-Χυμός-Ρόδι-Μανταρίνι-250ml,1.89
2025-11-08,89047676,ΜΙΚΡΕΣ-ΦΑΡΜΕΣ-ΤΟΥ-ΒΟΥΝΟΥ-Βούτυρο-Αγελάδος-Αλατισμένο-250γρ,3.49
2025-11-08,89002554,ΣΤΑΜΟΥ-Επιδόρπιο-Γάλακτος-Βανίλια-Κακάο-180γρ,1.24
2025-11-08,89047159,ΔΕΛΤΑ-μμμMILK-Οικογενειακό-Γάλα-Υψηλής-Παστερίωσης-Πλήρες-3-5-1lt,2.15
2025-11-08,89030373,DELI-FISH-Ρέγγα-Ολόκληρη-Καπνιστή-το-Κιλό,2.13
2025-11-08,89089092,ΔΕΛΤΑ-Vitaline-Επιδόρπιο-Γιαουρτιού-Φράουλα-με-Στέβια-3X180γρ-,3.48
2025-11-08,89088656,ΚΡΙ-ΚΡΙ-Superspoon-Επιδόρπιο-Γιαούρτι-21gr-Φράουλα-200γρ,1.67
2025-11-08,89096477,MEREL-Smoothie-με-Κόκκινα-Φρούτα-500ml,1.99
2025-11-08,89095714,ΚΟΛΙΟΣ-Στραγγιστό-Γιαούρτι-Χωρίς-Λακτόζη-2-2Χ170γρ,2.1
2025-11-08,89096276,ΔΕΛΤΑ-Vitaline-Protein-Dessert-Επιδόρπιο-Apple-Pie-240γρ,2.0
2025-11-08,89095487,ΦΑΓΕ-Total-Γιαούρτι-Στραγγιστό-0-3x200γρ,4.4
2025-11-08,89096074,MINDO-Ice-Coffee-Spanish-Latte-235ml,1.89
2025-11-08,89096091,ΜΕΒΓΑΛ-Γιαούρτι-Bio-Παραδοσιακό-Πρόβειο-200γρ,1.7
2025-11-08,89095721,ΜΕΒΓΑΛ-Harmony-Gourmet-Μέλι-Καρύδι-160γρ,1.68
2025-11-08,89095687,ΜΙΚΡΕΣ-ΦΑΡΜΕΣ-ΤΟΥ-ΒΟΥΝΟΥ-Sweet-Dubai-180γρ,2.49
2025-11-08,89089375,ΜΕΒΓΑΛ-High-Protein-Puding-Βανίλια-200γρ,1.95
2025-11-08,89089238,ΜΕΒΓΑΛ-Harmony-Επιδόρπιο-1-Φράουλα-2Χ170γρ,1.99
2025-11-08,89089236,ΜΕΒΓΑΛ-Maniacs-Milcy-Cake-με-Σοκολάτα-4Χ28γρ,2.88
2025-11-08,89030697,ΚΟΛΙΟΣ-Στραγγιστό-Γιαούρτι-2-850γρ,3.98
2025-11-08,89052829,ΦΑΓΕ-Total-Γιαούρτι-2-Μέλι-2x150gr,2.37
2025-11-08,89084854,SONATA-GOLD-Επιδόρπιο-Σοκολάτα-140γρ,0.99
2025-11-08,89083051,ΜΕΒΓΑΛ-Bluey-Γιαούρτι-Παιδικό-Μπανάνα-Αχλάδι-Μήλο-3Χ140γρ,2.59
2025-11-08,89082618,ΜΙΚΡΕΣ-ΦΑΡΜΕΣ-ΤΟΥ-ΒΟΥΝΟΥ-Smoothies-Μάνγκο-_-Ανανάς-250ml,1.69
2025-11-08,89079795,ΜΕΒΓΑΛ-Harmony-Gourmet-Choco-_-Brownies-160γρ,1.68
2025-11-08,89079803,ΡΟΔΟΠΗ-Επιδόρπιο-Κρέμα-Καραμέλα-160γρ,1.1
2025-11-08,89079491,ΜΕΒΓΑΛ-High-Protein-Ρόφημα-Φράουλα-330ml,2.55
2025-11-08,89078455,ΜΙΚΡΕΣ-ΦΑΡΜΕΣ-ΤΟΥ-ΒΟΥΝΟΥ-Σοκολατίνα-180γρ,2.49
2025-11-08,89078458,ΜΙΚΡΕΣ-ΦΑΡΜΕΣ-ΤΟΥ-ΒΟΥΝΟΥ-Μιλφέιγ-180γρ,2.49
2025-11-08,89079479,ΔΕΛΤΑ-Advance-με-5-Δημητριακά-2Χ140γρ,2.05
2025-11-08,89078621,ΚΡΙ-ΚΡΙ-Super-Spoon-Pudding-Σοκολάτα-200γρ,1.99
2025-11-08,89078574,NOYNOY-P-B-Μπισκότο-Ολικής-_-Chia-2-2x175γρ,2.49
2025-11-08,89070586,ΜΙΚΡΕΣ-ΦΑΡΜΕΣ-ΤΟΥ-ΒΟΥΝΟΥ-μαργαρίνη-Ω3-low-cholysterol-_-ελαιόλαδο-225γρ,2.99
2025-11-08,89070449,ΜΙΚΡΕΣ-ΦΑΡΜΕΣ-ΤΟΥ-ΒΟΥΝΟΥ-στο-πιάτο-γεμιστά-350γρ,2.99
2025-11-08,89070447,ΜΙΚΡΕΣ-ΦΑΡΜΕΣ-ΤΟΥ-ΒΟΥΝΟΥ-στο-πιάτο-παστίτσιο-350γρ,2.99
2025-11-08,89070100,ΜΙΚΡΕΣ-ΦΑΡΜΕΣ-ΤΟΥ-ΒΟΥΝΟΥ-Φρέσκο-Γίδινο-Βούτυρο-82-125gr,2.99
2025-11-08,89036490,ΣΤΕΡΓΙΟΥ-Αραβική-Πίτα-Κοτόπουλο-και-Cheddar-165gr,2.55
2025-11-08,12800030,ΣΤΕΡΓΙΟΥ-Στρογγυλό-Ψωμάκι-με-Μπιφτέκι-Ένταμ-_-Sauce-150γρ-,1.99
2025-11-08,89036648,LIFE-Χυμός-Μήλο-Καρότο-Πορτοκάλι-1-5lt,3.99
2025-11-08,89036503,YOUPHORIA-Επιδόρπιο-High-Protein-Κεράσι-250ml,2.29
2025-11-08,89036499,YOUPHORIA-Επιδόρπιο-High-Protein-Φράουλα-250ml,2.29
2025-11-08,89036042,ΚΡΙ-ΚΡΙ-Babies-Το-πρώτο-μου-Γιαούρτι-Λευκό-2Χ140γρ,2.04
2025-11-08,89033189,ΔΕΛΤΑ-Φυτικό-Ρόφημα-Αμύγδαλο-Χ-Ζάχαρη-1lt,2.99
2025-11-08,89028314,STARBUCKS-Ρόφημα-Καφέ-Cappuccino-220ml,2.39
2025-11-08,89021060,STARBUCKS-Ρόφημα-Καφέ-Caramel-Macchiato-220ml,2.39
2025-11-08,89009314,ΟΛΥΜΠΟΣ-Bio-Παιδικό-Βιολογικό-Ρόφημα-Γάλακτος-1lt,2.82
2025-11-08,89001608,ΔΕΛΤΑ-Advance-Ρόφημα-Γάλακτος-Υψηλής-Παστερίωσης-Παιδικό-Χωρίς-Λακτόζη-1lt,2.53
2025-11-08,89001186,FRULITE-On-The-Go-Φρουτοποτό-Πορτοκάλι-Μήλο-Βερίκοκο-500ml,1.82
2025-11-08,13301240,FRULITE-Φρουτοποτό-Μπανάνα-Βύσσινο-1lt,2.08
2025-11-08,13301102,FRULITE-Φρουτοποτό-Μανταρίνι-Σαγκουίνι-1lt,2.08
2025-11-08,12102879,ΣΤΑΜΟΥ-Γιαούρτι-Πρόβειο-240gr,1.71
2025-11-08,12008052,ΝΟΥΝΟΥ-Family-Γάλα-Ελαφρύ-1-5-1lt,2.06
2025-11-08,11801208,ΓΙΩΤΗΣ-Άνθος-Αραβοσίτου-Βανίλια-4x100gr,3.27
2025-11-08,89035059,ΜΙΚΡΕΣ-ΦΑΡΜΕΣ-ΤΟΥ-ΒΟΥΝΟΥ-Κρέμα-Καραμελέ-2x100gr,1.39
2025-11-08,89034743,ECONOMY-Μαργαρίνη-Soft-Κλασική-250gr,0.99
2025-11-08,89034690,ECONOMY-Μαργαρίνη-Πλακάκι-250γρ,0.99
2025-11-08,89027899,ECONOMY-Τυροκαυτερή-250gr,1.29
2025-11-08,89026818,ΜΙΚΡΕΣ-ΦΑΡΜΕΣ-ΤΟΥ-ΒΟΥΝΟΥ-Μυκονιάτικη-Τυροσαλάτα-250gr,1.69
2025-11-08,89026815,ΜΙΚΡΕΣ-ΦΑΡΜΕΣ-ΤΟΥ-ΒΟΥΝΟΥ-Σαλάτα-Τυροκαυτερή-250gr,1.69
2025-11-08,89025303,ΜΙΚΡΕΣ-ΦΑΡΜΕΣ-ΤΟΥ-ΒΟΥΝΟΥ-Γιαούρτι-Στραγγιστό-10-3Χ200-γρ-,2.55
2025-11-08,89023940,ΜΙΚΡΕΣ-ΦΑΡΜΕΣ-ΤΟΥ-ΒΟΥΝΟΥ-Γάλα-Υψηλής-Παστερίωσης-1-5-1lt,1.29
2025-11-08,89023939,ΜΙΚΡΕΣ-ΦΑΡΜΕΣ-ΤΟΥ-ΒΟΥΝΟΥ-Γάλα-Υψηλής-Παστερίωσης-3-5-1Lt,1.29
2025-11-08,89009836,ECONOMY-Στραγγιστό-Έδεσμα-10-900gr,2.69
2025-11-08,89068251,ΚΡΙΚΡΙ-Στραγγιστό-_-αγαπημένο-6-3Χ200g,3.66
2025-11-08,89067336,ΒΙΤΑΜ-Μαργαρίνη-Soft-800γρ-,5.79
2025-11-08,89067001,ΒΙΤΑΜ-Μαργαρίνη-Soft-400γρ,2.99
2025-11-08,89066881,ΜΙΚΡΕΣ-ΦΑΡΜΕΣ-ΤΟΥ-ΒΟΥΝΟΥ-Βούτυρο-Ανάλατο-82-125γρ-,2.49
2025-11-08,89066882,ΜΙΚΡΕΣ-ΦΑΡΜΕΣ-ΤΟΥ-ΒΟΥΝΟΥ-Βούτυρο-Αλατισμένο-82-125γρ-,2.49
2025-11-08,89053313,ΚΡΙ-ΚΡΙ-Super-Spoon-Active-Plus-2x200gr,2.49
2025-11-08,13207060,PRESIDENT-Βούτυρο-82-200gr,4.29
2025-11-08,89052781,ECONOMY-Στραγγιστό-Γιαούρτι-2-850gr,2.99
2025-11-08,89052782,ECONOMY-Στραγγιστό-Γιαούρτι-5-850gr,2.99
2025-11-08,89050293,ΜΕΒΓΑΛ-Love-Milk-Γάλα-Ελαφρύ-1-5-1lt,1.64
2025-11-08,89084601,ΜΙΚΡΕΣ-ΦΑΡΜΕΣ-ΤΟΥ-ΒΟΥΝΟΥ-Χτυπητή-Παραδοσιακή-250γρ,1.99
2025-11-08,89079488,ΜΕΒΓΑΛ-High-Protein-Επιδόρπιο-Φράουλα-170γρ,1.37
2025-11-08,89079707,ΜΙΚΡΕΣ-ΦΑΡΜΕΣ-ΤΟΥ-ΒΟΥΝΟΥ-Μακαρόνια-με-Κιμά-400γρ,2.99
2025-11-08,89078452,ΜΙΚΡΕΣ-ΦΑΡΜΕΣ-ΤΟΥ-ΒΟΥΝΟΥ-Προφιτερόλ-180γρ,2.49
2025-11-08,89079480,ΔΕΛΤΑ-Advance-Μήλο-Μπανάνα-2χ140γρ,2.09
2025-11-08,89078577,NOYNOY-P-B-Μπανάνα-_-Βρώμη-2-2Χ175γρ,2.49
2025-11-08,89078620,ΚΡΙ-ΚΡΙ-Super-Spoon-Pudding-Βανίλια-200γρ,1.99
2025-11-08,89078276,ΜΙΚΡΕΣ-ΦΑΡΜΕΣ-ΤΟΥ-ΒΟΥΝΟΥ-Μαργαρίνη-Κλασική-72-Πλακάκι-250γρ,0.85
2025-11-08,89071307,VITALINE-Go-Protein-Putting-Καραμέλα-200γρ,1.98
2025-11-08,89070870,ΑΡΓΟΚΤΗΜΑΤΑ-ΚΙΘΑΙΡΩΝΑ-μουσταλευριά-180γρ,0.99
2025-11-08,89070813,ΦΑΓΕ-αγελαδίτσα-2-χωρίς-λακτόζη-3χ200γρ,2.78
2025-11-08,89070451,ΜΙΚΡΕΣ-ΦΑΡΜΕΣ-ΤΟΥ-ΒΟΥΝΟΥ-στο-πιάτο-σουτζουκάκια-350γρ,2.99
2025-11-08,89070448,ΜΙΚΡΕΣ-ΦΑΡΜΕΣ-ΤΟΥ-ΒΟΥΝΟΥ-στο-πιάτο-μπριάμ-350γρ,2.99
2025-11-08,89053935,ΣΤΑΜΟΥ-Γιαούρτι-Πρόβειο-2-240gr,1.71
2025-11-08,89072145,ARLA-Protein-Puding-Φουντούκι-200γρ,1.99
2025-11-08,89072146,ARLA-Protein-Puding-Σοκολάτα-200γρ,1.99
2025-11-08,89048668,ΚΡΙ-ΚΡΙ-Kids-PJ-Masks-Επιδόρπιο-Γιαουρτιού-με-Μπανάνα-_-Σοκομπιλάκια-3x150γρ,2.98
2025-11-08,89096478,MEREL-Smoothie-με-Μωβ-Φρούτα-500ml,1.99
2025-11-08,89096481,MEREL-Έτοιμος-Καφές-Caramel-280ml,1.99
2025-11-08,89096476,MEREL-Smoothie-με-Κίτρινα-Φρούτα-500ml,1.99
2025-11-08,89095715,ΚΟΛΙΟΣ-High-Protein-Στραγγιστό-Γιαούρτι-0-2Χ170γρ,2.32
2025-11-08,89096468,ΔΕΛΤΑ-Smart-Επιδόρπιο-Γιαουρτιού-Φράουλα-2Χ140γρ,1.8
2025-11-08,89095540,ΜΙΚΡΕΣ-ΦΑΡΜΕΣ-ΤΟΥ-ΒΟΥΝΟΥ-Γάλα-με-Κακάο-200ml,0.75
2025-11-08,89096227,YO-FRESH-Επιδόρπιο-Γιαούρτι-Ροδάκινο-150γρ,0.79
2025-11-08,89096226,YO-FRESH-Επιδόρπιο-Γιαουρτιού-Μαύρο-Μπισκότο-150γρ,0.79
2025-11-08,89095486,ΦΑΓΕ-Total-Γιαούρτι-Στραγγιστό-0-200γρ,1.47
2025-11-08,89096075,MINDO-Ice-Coffee-Cappuccino-235ml,1.89
2025-11-08,89089064,D-AMICO-Αντζούγιες-80γρ,2.29
2025-11-08,89089113,ΚΡΙ-ΚΡΙ-Kids-Scooby-Doo-Επιδόρπιο-Γιαουρτιού-Μπανάνα-με-Σοκομπιλάκια-3x150g,3.22
2025-11-08,89089213,MILKO-Γάλα-Σοκολατούχο-Χάρτινο-500ml,1.33
2025-11-08,89095546,ΦΑΓΕ-Fruyo-0-Φρούτα-του-Δάσους-2Χ150γρ,2.37
2025-11-08,89089229,ΜΕΒΓΑΛ-Το-Δικό-μας-Οικογενειακό-Επιδόρπιο-Γιαουρτιού-3Χ200γρ,2.6
2025-11-08,89089305,GLYKAKI-Γλυκό-Κορμός-190γρ,2.65
2025-11-08,89083039,ΡΟΔΟΠΗ-Γιαούρτι-Πρόβειο-Παραδοσιακό-200γρ,1.48
2025-11-08,89026547,ΦΑΓΕ-Κρέμα-Γάλακτος-Light-330ml,2.6
2025-11-08,89025353,ΚΡΙ-ΚΡΙ-Kids-Παιδικό-Επιδόρπιο-Γιαουρτιού-Μπανάνα-_-Honey-Rings-3X140-γρ-,2.54
2025-11-08,89016153,ΚΑΡΑΓΚΟΥΝΗ-Ρέγγα-Καπνιστή,3.15
2025-11-08,12010007,BECEL-Pro-Activ-Ρόφημα-Γάλα-1lt,2.89
2025-11-08,89035660,ΚΟΛΙΟΣ-Authentic-Greek-Yoghurt-Στραγγιστό-Γιαούρτι-2-150gr,1.46
2025-11-08,89035659,ΚΟΛΙΟΣ-Authentic-Greek-Yoghurt-Στραγγιστό-Γιαούρτι-10-150gr,1.46
2025-11-08,89033138,ΔΕΛΤΑ-Ρόφημα-Καρύδας-1lt,3.22
2025-11-08,89033136,ΔΕΛΤΑ-Ρόφημα-Αμυγδάλου-1lt,2.99
2025-11-08,89029224,ΚΑΡΠΟΣ-Ρόφημα-Αμυγδάλου-Χωρίς-Ζάχαρη-1lt,2.99
2025-11-08,89023162,ΝΟΥΝΟΥ-Γιαούρτι-Στραγγιστό-6-3x200γρ-,3.78
2025-11-08,89022330,ΚΡΙ-ΚΡΙ-Στραγγιστό-Γιαούρτι-2-1kg,4.75
2025-11-08,89019812,TORRE-Vegetalcrem-Φυτική-Κρέμα-Μαγειρικής-με-Ελαιόλαδο-200ml,1.39
2025-11-08,89017624,LURPAK-Βούτυρο-Soft-Ανάλατο-225gr,3.99
2025-11-08,89017623,LURPAK-Βούτυρο-Soft-Αλατισμένο-225gr,3.99
2025-11-08,89017303,ΚΟΛΙΟΣ-Στραγγιστό-Γιαούρτι-2-500gr,2.99
2025-11-08,89015102,BAUER-FRU-FRU-Επιδόρπιο-Γιαουρτιού-με-Φρούτα-0-1-Λιπαρά-150gr,0.79
2025-11-08,89009210,LIFE-Χυμός-Ψυγείου-Πορτοκάλι-1lt,3.35
2025-11-08,12102900,ΦΑΓΕ-Total-Στραγγιστό-Γιαούρτι-2-3x200gr,4.4
2025-11-08,12102668,ΟΛΥΜΠΟΣ-Στραγγιστό-Γιαούρτι-2-1kg,4.99
2025-11-08,12102385,ΦΑΓΕ-Αγελαδίτσα-Γιαούρτι-4-3x200gr,2.78
2025-11-08,12102097,ΦΑΓΕ-Αγελαδίτσα-Γιαούρτι-2-200gr,0.93
2025-11-08,12010063,ΔΕΛΤΑ-ADVANCE-Ρόφημα-Γάλακτος-Υψηλής-Παστερίωσης-1lt,2.34
2025-11-08,12008077,ΝΟΥΝΟΥ-Family-Γάλα-Πλήρες-3-5-1-5lt,2.86
2025-11-08,12008005,ΝΟΥΝΟΥ-Kid-Ρόφημα-Γάλακτος-Υψηλής-Παστερίωσης-Παιδικό-1lt,2.19
2025-11-08,11801190,ΓΙΩΤΗΣ-Άνθος-Αραβοσίτου-Κρέμα-Σοκολάτα-4X100γρ,3.27
2025-11-08,11801159,ΣΤΑΜΟΥ-Κρέμα-Χωρίς-Γλουτένη-180gr,1.16
2025-11-08,89035489,ΜΙΚΡΕΣ-ΦΑΡΜΕΣ-ΤΟΥ-ΒΟΥΝΟΥ-Φύλλο-Κρούστας-Φρέσκο-450gr,1.99
2025-11-08,89035488,ΜΙΚΡΕΣ-ΦΑΡΜΕΣ-ΤΟΥ-ΒΟΥΝΟΥ-Φύλλο-Χωριάτικο-Φρέσκο-450gr,1.99
2025-11-08,89034873,ECONOMY-Κρέμα-Γάλακτος-38-200ml,1.79
2025-11-08,89027691,ECONOMY-Ταραμοσαλάτα-250gr,1.49
2025-11-08,89025304,ΜΙΚΡΕΣ-ΦΑΡΜΕΣ-ΤΟΥ-ΒΟΥΝΟΥ-Γιαούρτι-Στραγγιστό-2-200-γρ-,0.85
2025-11-08,89031322,ΧΑΒΕΛΑΣ-Κοτόπιτα-Ζαγορίσια-Παραδοσιακή-ΚΤΨ-650gr,3.99
2025-11-08,89031320,ΧΑΒΕΛΑΣ-Τυρόπιτα-Ζαγορίσια-Παραδοσιακή-650gr,3.89
2025-11-08,89031319,ΧΑΒΕΛΑΣ-Σπανακόπιτα-Ζαγορίσια-Παραδοσιακή-ΚΤΨ-650gr,3.89
2025-11-08,89031321,ΧΑΒΕΛΑΣ-Χορτόπιτα-Ζαγορίσια-Παραδοσιακή-Νηστίσιμη-ΚΤΨ-650gr,3.49
2025-11-08,89027559,ATLANTIKOS-Ψαροκροκέτες-10τεμ-ΚΤΨ-250γρ,2.19
2025-11-08,89022986,ATLANTIKOS-Κοκκινόψαρο-Χωρίς-Κεφάλι-FAO27-ΚΤΨ-το-Κιλό,2.92
2025-11-08,89082910,ΜΙΚΡΕΣ-ΦΑΡΜΕΣ-ΤΟΥ-ΒΟΥΝΟΥ-Σουσαμίνια-με-κατσικίσιο-τυρί-ΚΤΨ-500gr,2.49
2025-11-08,89082909,ΜΙΚΡΕΣ-ΦΑΡΜΕΣ-ΤΟΥ-ΒΟΥΝΟΥ-Σουσαμίνια-με-κοτόπουλο-_-τυρί-ΚΤΨ-500gr,2.49
2025-11-08,89022977,ATLANTIKOS-Γαρίδες-Ινδοειρηνικού-Αποφλοιωμένες-Προβρασμένες-FAO51-ΚΤΨ-500gr,5.79
2025-11-08,89088738,BART-S-Tradition-Πατάτες-ΚΤΨ-1κιλό,2.19
2025-11-08,89048997,ECONOMY-Νοστιμιές-Μπουκιές-Κοτόπουλου-Πανέ-ΚΤΨ-450gr,2.89
2025-11-08,89033104,ECONOMY-Νοστιμιές-Κεφτέδες-ΚΤΨ-450gr,2.89
2025-11-08,89033117,ECONOMY-Νοστιμιές-Σουτζουκάκια-ΚΤΨ-450gr,2.89
2025-11-08,89071190,ALFA-Mini-Rollitos-Τσένταρ-_-Μπέϊκον-ΚΤΨ-750γρ,3.59
2025-11-08,89027062,ALFA-Κασσιάτα-Ζαγορίου-με-Τυρί-Σπανάκι-Πράσο-_-Σέσκουλο-ΚΤΨ-650gr,3.59
2025-11-08,89067822,ALFA-Mini-Rollitos-Pizza-ΚΤΨ-750gr,3.77
2025-11-08,89010509,ALFA-ΚΙΧΙ-Στριφτή-Παραδοσιακή-Πίτα-με-Τυρί-ΚΤΨ-800gr,4.49
2025-11-08,89033103,ECONOMY-Νοστιμιές-Burger-Κοτόπουλο-Πανέ-ΚΤΨ-450gr,2.99
2025-11-08,89072133,ΜΠΑΡΜΠΑ-ΣΤΑΘΗΣ-Φυτικά-Κεφτεδάκια-Με-Πατάτες-Νάξου-—-420γρ,5.6
2025-11-08,89096156,ΜΙΚΡΕΣ-ΦΑΡΜΕΣ-ΤΟΥ-ΒΟΥΝΟΥ-Παγωτό-2lt-1000γρ,3.99
2025-11-08,89095497,ΜΙΚΡΕΣ-ΦΑΡΜΕΣ-ΤΟΥ-ΒΟΥΝΟΥ-Πιροσκί-της-Γιαγιάς-με-Λουκάνικο-ΚΤΨ-500γρ,3.79
2025-11-08,89095056,ΜΙΚΡΕΣ-ΦΑΡΜΕΣ-ΤΟΥ-ΒΟΥΝΟΥ-Mochi-Σοκολάτα-6Χ35γρ-210γρ,4.99
2025-11-08,89088791,ΜΙΚΡΕΣ-ΦΑΡΜΕΣ-ΤΟΥ-ΒΟΥΝΟΥ-Κέικ-Λαδιού-Ανάμεικτο-ΚΤΨ-500γρ,3.99
2025-11-08,89022995,ATLANTIKOS-Χταπόδι-Μέτριο-Ινδοειρηνικού-FAO71-ΚΤΨ-το-Κιλό,16.92
2025-11-08,89026865,ΜΠΑΡΜΠΑ-ΣΤΑΘΗΣ-Ρεβύθια-ΚΤΨ-600gr,2.99
2025-11-08,89036254,ΣΟΔΕΙΑ-Mix-Φρούτων-ΚΤΨ-500gr,4.99
2025-11-08,89026598,ATLANTIKOS-Μπακαλιάρος-Φιλέτο-Pollock-ΚΤΨ-FAO61-700gr,6.59
2025-11-08,89022988,ATLANTIKOS-Μύδια-Χιλής-Ψίχα-FAO87-ΚΤΨ-500gr,3.99
2025-11-08,89022975,ATLANTIKOS-Γλαύκος-Φέτα-FAO34-ΚΤΨ-700gr,5.39
2025-11-08,89005914,ALFA-Παραδοσιακή-Πίτα-Μετσόβου-με-Σπανάκι-_-Φέτα-ΚΤΨ-850gr,4.79
2025-11-08,89069005,TORRE-Hopla-Παγωτό-Κακάο-_-Κομμάτια-Σοκολάτας-1lt-500gr,3.89
2025-11-08,89069015,TORRE-Hopla-Παγωτό-Βανίλια-Κακάο-Μπανάνα-Φιστίκι-2lt,4.99
2025-11-08,89069029,TORRE-Hopla-Multi-Mini-Ξυλάκι-Πύραυλος-Βανίλια-και-επικάλυψη-Αμύγδαλο-8τμχ-400gr,6.99
2025-11-08,89067989,ΧΡΥΣΗ-ΖΥΜΗ-Τυροπιτάκια-Κουρού-ΚΤΨ-800gr,4.99
2025-11-08,89067807,ΜΠΑΡΜΠΑ-ΣΤΑΘΗΣ-Φασολάκια-Στρογγυλά-420gr,1.99
2025-11-08,89067766,ΜΙΚΡΕΣ-ΦΑΡΜΕΣ-ΤΟΥ-ΒΟΥΝΟΥ-Γύρος-Χοιρινός-ΚΤΨ-Προψημένος-330γρ-,3.99
2025-11-08,89067767,ΜΙΚΡΕΣ-ΦΑΡΜΕΣ-ΤΟΥ-ΒΟΥΝΟΥ-Γύρος-Κοτόπουλο-ΚΤΨ-Προψημένος-330γρ-,3.99
2025-11-08,89062880,ΣΟΔΕΙΑ-Αρακάς-ΚΤΨ-1κιλό,2.99
2025-11-08,89052979,ΠΥΡΟΦΑΝΙ-Paella-με-Θαλασσινά-ΚΤΨ-500gr,3.99
2025-11-08,89051177,ΜΙΚΡΕΣ-ΦΑΡΜΕΣ-ΤΟΥ-ΒΟΥΝΟΥ-Μπαγκέτα-Βιεννέζικη-Brioche-Ψημένη-ΚΤΨ-2x120gr,1.99
2025-11-08,89051176,ΜΙΚΡΕΣ-ΦΑΡΜΕΣ-ΤΟΥ-ΒΟΥΝΟΥ-Μπαγκέτα-Γαλλική-Ολικής-Ψημένη-ΚΤΨ-2x130gr,0.99
2025-11-08,89051174,ΜΙΚΡΕΣ-ΦΑΡΜΕΣ-ΤΟΥ-ΒΟΥΝΟΥ-Αρτοπαρασκεύασμα-Χωριάτικο-Ψημένο-ΚΤΨ-350gr,0.79
2025-11-08,10401047,ΜΠΑΡΜΠΑ-ΣΤΑΘΗΣ-Φασολάκια-Στρογγυλά-ΚΤΨ-1kg,3.99
2025-11-08,89049806,MEGA-MEATLESS-Burger-Φυτικό-ΚΤΨ-520gr,7.45
2025-11-08,89047474,ECONOMY-Σπανάκι-Φύλλα-ΚΤΨ-750gr,2.49
2025-11-08,89047147,ΜΙΚΡΕΣ-ΦΑΡΜΕΣ-ΤΟΥ-ΒΟΥΝΟΥ-Φλογέρα-Πατάτας-Vegan-ΚΤΨ-100gr,2.99
2025-11-08,89046564,ΜΙΚΡΕΣ-ΦΑΡΜΕΣ-ΤΟΥ-ΒΟΥΝΟΥ-Παστουρμαδόπιτα-Αυθεντική-ΚΤΨ-550gr,4.99
2025-11-08,89079737,ΜΙΚΡΕΣ-ΦΑΡΜΕΣ-ΤΟΥ-ΒΟΥΝΟΥ-Παγωτό-με-Πρόβειο-Γάλα-Φράουλα-105γρ,1.29
2025-11-08,89022988,ATLANTIKOS-Μύδια-Χιλής-Ψίχα-FAO87-ΚΤΨ-500gr,3.99
2025-11-08,89022975,ATLANTIKOS-Γλαύκος-Φέτα-FAO34-ΚΤΨ-700gr,5.39
2025-11-08,89005914,ALFA-Παραδοσιακή-Πίτα-Μετσόβου-με-Σπανάκι-_-Φέτα-ΚΤΨ-850gr,4.79
2025-11-08,89042923,ΜΙΚΡΕΣ-ΦΑΡΜΕΣ-ΤΟΥ-ΒΟΥΝΟΥ-Στριφτή-Πίτα-με-Φέτα-ΚΤΨ-800gr,3.99
2025-11-08,89030056,ΜΙΚΡΕΣ-ΦΑΡΜΕΣ-ΤΟΥ-ΒΟΥΝΟΥ-Αρακάς-ΚΤΨ-450gr,1.59
2025-11-08,89027388,ECONOMY-Κρέπες-Πανέ-Ζαμπόν-_-Τυρί-ΚΤΨ-200gr-0-99€,0.99
2025-11-08,89021128,ECONOMY-Σφολιάτα-ΚΤΨ-650gr,2.69
2025-11-08,89034785,ΜΙΚΡΕΣ-ΦΑΡΜΕΣ-ΤΟΥ-ΒΟΥΝΟΥ-Τριγωνάρια-με-Φέτα-Καλαβρύτων-ΚΤΨ-500gr,3.99
2025-11-08,89034784,ΜΙΚΡΕΣ-ΦΑΡΜΕΣ-ΤΟΥ-ΒΟΥΝΟΥ-Κρουασάν-Λουκάνικο-_-Τυρί-_-Επικάλυψη-Σουσάμι-ΚΤΨ-500gr,3.99
2025-11-08,89026636,ΜΙΚΡΕΣ-ΦΑΡΜΕΣ-ΤΟΥ-ΒΟΥΝΟΥ-Φύλλο-Χωριάτικο-από-τα-Γιάννενα-ΚΤΨ-500gr,2.49
2025-11-08,89069030,TORRE-Hopla-Multi-Μπανάνα-Κακάο-5τμχ-250gr,2.99
2025-11-08,89068347,ΜΠΑΡΜΠΑ-ΣΤΑΘΗΣ-Κινόα-με-λαχανικά-Vegan-400gr,2.84
2025-11-08,89068068,ΜΙΚΡΕΣ-ΦΑΡΜΕΣ-ΤΟΥ-ΒΟΥΝΟΥ-Σφακιανή-Πίτα-με-Τυρί-ΚΤΨ-580γρ,5.99
2025-11-08,89068065,ΜΙΚΡΕΣ-ΦΑΡΜΕΣ-ΤΟΥ-ΒΟΥΝΟΥ-Πίτσα-Μαργαρίτα-2Χ300gr-ΚΤΨ,4.99
2025-11-08,89068061,ΜΙΚΡΕΣ-ΦΑΡΜΕΣ-ΤΟΥ-ΒΟΥΝΟΥ-Γύρος-Κοτόπουλο-Προψημένος-400gr-ΚΤΨ,4.99
2025-11-08,89067802,ΜΠΑΡΜΠΑ-ΣΤΑΘΗΣ-Αρακάς-KTΨ-420gr,1.89
2025-11-08,89067613,MANTINGA-Μπαγκέτα-Σκορδόψωμο-ΚΤΨ-175γρ,1.5
2025-11-08,89053762,ΜΙΚΡΕΣ-ΦΑΡΜΕΣ-ΤΟΥ-ΒΟΥΝΟΥ-Παγωτό-Φρούτα-του-Δάσους-2lt-1000gr,4.49
2025-11-08,89052638,ΜΙΚΡΕΣ-ΦΑΡΜΕΣ-ΤΟΥ-ΒΟΥΝΟΥ-Φύλλο-Χωριάτικο-με-Ελαιόλαδο-ΚΤΨ-750gr,2.79
2025-11-08,89052591,ΜΙΚΡΕΣ-ΦΑΡΜΕΣ-ΤΟΥ-ΒΟΥΝΟΥ-Μπάμιες-Λαδερές-ΚΤΨ-1kg,4.99
2025-11-08,89022823,ΧΡΥΣΗ-ΖΥΜΗ-Κρουασάν-Βουτύρου-ΚΤΨ-300gr,1.99
2025-11-08,89047327,ΜΙΚΡΕΣ-ΦΑΡΜΕΣ-ΤΟΥ-ΒΟΥΝΟΥ-Τοματοκεφτέδες-Νηστίσιμοι-ΚΤΨ-420γρ,3.99
2025-11-08,89047325,ΜΙΚΡΕΣ-ΦΑΡΜΕΣ-ΤΟΥ-ΒΟΥΝΟΥ-Ρεβυθοκεφτέδες-Νηστίσιμοι-ΚΤΨ-420gr,3.99
2025-11-08,89047324,ΜΙΚΡΕΣ-ΦΑΡΜΕΣ-ΤΟΥ-ΒΟΥΝΟΥ-Κολοκυθοκεφτέδες-Νηστίσιμοι-ΚΤΨ-420γρ,3.99
2025-11-08,89097086,ΦΛΩΡΙΔΗΣ-Ρολό-Κοτόπουλο-Γεμιστό-ΚΤΨ-το-Κιλό,7.99
2025-11-08,89034005,ATLANTIKOS-Σολομός-Ροζ-Φιλέτο-ΚΤΨ-700γρ,9.89
2025-11-08,10403016,ΜΠΑΡΜΠΑ-ΣΤΑΘΗΣ-Σπανάκι-Ψιλοκομμένο-1000γρ-,2.99
2025-11-08,89096321,ΜΙΚΡΕΣ-ΦΑΡΜΕΣ-ΤΟΥ-ΒΟΥΝΟΥ-Παγωτό-με-Πρόβειο-Γάλα-Κρέμα-1lt,4.99
2025-11-08,89096137,ΜΙΚΡΕΣ-ΦΑΡΜΕΣ-ΤΟΥ-ΒΟΥΝΟΥ-DUBAI-Παγωτό-Ξυλάκι-με-Γεύση-Pistachio-_-Καραμέλα-4Χ100ml,5.99
2025-11-08,89095778,ΜΙΚΡΕΣ-ΦΑΡΜΕΣ-ΤΟΥ-ΒΟΥΝΟΥ-Παγωτό-Καραμέλα-Φυστίκι-Μπανάνα-2lt-1000gr,3.99
2025-11-08,89068272,ΧΡΥΣΗ-ΖΥΜΗ-Τυροπιτάκια-Σφολιάτας-800γρ,2.84
2025-11-08,89079735,ΜΙΚΡΕΣ-ΦΑΡΜΕΣ-ΤΟΥ-ΒΟΥΝΟΥ-Παγωτό-με-Πρόβειο-Γάλα-Μπισκότο-105γρ,1.29
2025-11-08,89079733,ΜΙΚΡΕΣ-ΦΑΡΜΕΣ-ΤΟΥ-ΒΟΥΝΟΥ-Παγωτό-με-Πρόβειο-Γάλα-Καϊμάκι-105γρ,1.29
2025-11-08,89079734,ΜΙΚΡΕΣ-ΦΑΡΜΕΣ-ΤΟΥ-ΒΟΥΝΟΥ-Παγωτό-με-Πρόβειο-Γάλα-Banoffee-105γρ,1.29
2025-11-08,89077552,ΜΙΚΡΕΣ-ΦΑΡΜΕΣ-ΤΟΥ-ΒΟΥΝΟΥ-Κυματιστή-Πίτα-με-Τυριά-850γρ,4.99
2025-11-08,89077693,IGLO-Ψαροκροκέτες-10τεμ-κτψ-280γρ,4.74
2025-11-08,89070865,ECONOMY-Κοκκινόψαρο-Α-Κ-ΚΤΨ-FAO27-Το-Κιλό,1.69
2025-11-08,89022994,ATLANTIKOS-Φαγκρί-Μ-Κ-FAO34-ΚΤΨ-το-Κιλό,4.35
2025-11-08,89039708,ΓΙΑΝΝΙΩΤΗ-Πίτσα-Σκεπαστή-ΚΤΨ-850gr,6.2
2025-11-08,89034947,ΓΙΑΝΝΙΩΤΗ-Τυρόπιτα-Χωριάτικη-4-Τυριά-ΚΤΨ-850gr,6.5
2025-11-08,89024028,ATLANTIKOS-Γλώσσα-Φιλέτο-Λιμαντά-FAO67-ΚΤΨ-700gr,5.99
2025-11-08,89011391,CRETA-FARMS-Εν-Ελλάδι-Νοστιμιές-Μπιφτέκια-ΚΤΨ-420gr,4.79
2025-11-08,10406039,ΜΠΑΡΜΠΑ-ΣΤΑΘΗΣ-Μπριάμ-ΚΤΨ-1kg,7.55
2025-11-08,10404031,ΜΠΑΡΜΠΑ-ΣΤΑΘΗΣ-Σαλάτα-Καλαμποκιού-ΚΤΨ-450gr,3.6
2025-11-08,10401288,ΜΠΑΡΜΠΑ-ΣΤΑΘΗΣ-Φασολάκια-Στρογγυλά-Λαδερά-ΚΤΨ-1kg,5.65
2025-11-08,10401287,ΜΠΑΡΜΠΑ-ΣΤΑΘΗΣ-Αρακάς-Λαδερός-ΚΤΨ-1kg,3.79
2025-11-08,89043435,ΜΙΚΡΕΣ-ΦΑΡΜΕΣ-ΤΟΥ-ΒΟΥΝΟΥ-Παγωτό-Χωρίς-Λακτόζη-Στρατσιατέλα-1lt-500gr,3.99
2025-11-08,89042925,ΜΙΚΡΕΣ-ΦΑΡΜΕΣ-ΤΟΥ-ΒΟΥΝΟΥ-Μπουγάτσα-με-Κρέμα-ΚΤΨ-550gr,2.99
2025-11-08,89035677,ECONOMY-Σπανακόπιτα-Στριφτή-Νηστίσιμη-ΚΤΨ-800gr,3.99
2025-11-08,89032672,ECONOMY-Πατάτες-Προτηγανισμένες-ΚΤΨ-750gr,2.49
2025-11-08,89032670,ECONOMY-Λαχανικά-Ανάμικτα-ΚΤΨ-750gr,1.99
2025-11-08,89032556,ΜΙΚΡΕΣ-ΦΑΡΜΕΣ-ΤΟΥ-ΒΟΥΝΟΥ-Παγωτό-Ξυλάκι-Cookies-4Χ108ml,4.99
2025-11-08,89030065,ΜΙΚΡΕΣ-ΦΑΡΜΕΣ-ΤΟΥ-ΒΟΥΝΟΥ-Σπανάκι-ΚΤΨ-1kg,2.89
2025-11-08,89030060,ΜΙΚΡΕΣ-ΦΑΡΜΕΣ-ΤΟΥ-ΒΟΥΝΟΥ-Αγκινάρες-Πάτοι-ΚΤΨ-600gr,3.99
2025-11-08,89030058,ΜΙΚΡΕΣ-ΦΑΡΜΕΣ-ΤΟΥ-ΒΟΥΝΟΥ-Φασολάκια-Στρογγυλά-ΚΤΨ-450gr,1.59
2025-11-08,89027387,ECONOMY-Κρέπες-Πανέ-Τυρί-ΚΤΨ-200gr-0-99€,0.99
2025-11-08,89020738,ECONOMY-Φύλλο-Χωριάτικο-Χονδρό-ΚΤΨ-450gr,1.79
2025-11-08,89033108,ECONOMY-Νοστιμιές-Τυροκροκέτες-Πανέ-ΚΤΨ-450gr,3.89
2025-11-08,89028240,ΜΙΚΡΕΣ-ΦΑΡΜΕΣ-ΤΟΥ-ΒΟΥΝΟΥ-Κεφτεδάκια-Σπιτικά-ΚΤΨ-500gr,2.99
2025-11-08,89069027,TORRE-Hopla-Multi-Mini-Ξυλάκι-Βανίλια-και-επικάλυψη-Αμύγδαλο-12τμχ-400gr,5.99
2025-11-08,89069009,TORRE-Hopla-Παγωτό-Καϊμάκι-_-Σιρόπι-Βύσσινο-1lt,4.49
2025-11-08,89069014,TORRE-Hopla-Παγωτό-Βανίλια-Κακάο-Φράουλα-2lt,4.99
2025-11-08,89069063,ATLANTIKOS-Γαρίδες-Αργεντινής-Ν1-FAO041-400gr-,8.89
2025-11-08,10406061,ΜΠΑΡΜΠΑ-ΣΤΑΘΗΣ-Σπανακόρυζο-1000γρ-,4.74
2025-11-08,89022824,ΧΡΥΣΗ-ΖΥΜΗ-Κρουασάν-Βουτύρου-με-Πραλίνα-ΚΤΨ-480gr,2.99
2025-11-08,89050122,ΜΙΚΡΕΣ-ΦΑΡΜΕΣ-ΤΟΥ-ΒΟΥΝΟΥ-Τυροπιτάκια-Vegan-500gr,2.99
2025-11-08,89049805,MEGA-MEATLESS-Κεφτεδάκια-Φυτικά-ΚΤΨ-360gr,5.35
2025-11-08,89046758,ΜΙΚΡΕΣ-ΦΑΡΜΕΣ-ΤΟΥ-ΒΟΥΝΟΥ-Παγωτό-με-Τριπλή-Σοκολάτα-900ml-480γρ,3.99
2025-11-08,89082502,ΜΙΚΡΕΣ-ΦΑΡΜΕΣ-ΤΟΥ-ΒΟΥΝΟΥ-Βάση-για-Σπιτική-Πίτσα-2Χ180γρ,1.79
2025-11-08,89079731,ΜΙΚΡΕΣ-ΦΑΡΜΕΣ-ΤΟΥ-ΒΟΥΝΟΥ-Παγωτό-με-Πρόβειο-Γάλα-Πραλίνα-1lt,4.99
2025-11-08,89078588,ΜΙΚΡΕΣ-ΦΑΡΜΕΣ-ΤΟΥ-ΒΟΥΝΟΥ-Παγωτό-Σάντουιτς-Μπισκότο-4Χ45γρ,2.79
2025-11-08,89069714,ΜΙΚΡΕΣ-ΦΑΡΜΕΣ-ΤΟΥ-ΒΟΥΝΟΥ-Παγωτό-Σάντουιτς-Στρατσιατέλα-3Χ70γρ,2.79
2025-11-08,89069736,ΜΙΚΡΕΣ-ΦΑΡΜΕΣ-ΤΟΥ-ΒΟΥΝΟΥ-Χωριάτικη-Τυρόπιτα-ΚΤΨ-550gr,3.79
2025-11-08,89069717,ΜΙΚΡΕΣ-ΦΑΡΜΕΣ-ΤΟΥ-ΒΟΥΝΟΥ-Παγωτό-Χωνάκι-Βανίλια-6Χ69γρ,3.89
2025-11-08,89069715,ΜΙΚΡΕΣ-ΦΑΡΜΕΣ-ΤΟΥ-ΒΟΥΝΟΥ-Παγωτό-Γρανίτα-Καρπούζι-6Χ67γρ,2.79
2025-11-08,89069986,ΜΙΚΡΕΣ-ΦΑΡΜΕΣ-ΤΟΥ-ΒΟΥΝΟΥ-Παγωτό-Χωνάκι-Βανίλια-Κακάο-6Χ74γρ-720ml,3.99
2025-11-08,89069532,ΜΙΚΡΕΣ-ΦΑΡΜΕΣ-ΤΟΥ-ΒΟΥΝΟΥ-Chicken-Nuggets-Provola-_-Speck-400gr,3.99
2025-11-08,89069533,ΜΙΚΡΕΣ-ΦΑΡΜΕΣ-ΤΟΥ-ΒΟΥΝΟΥ-Chicken-Wings-BBQ-ΚΤΨ-400gr,4.99
2025-11-08,89011236,HOPLA-Παγωτό-Multi-Ξυλάκι-Βύσσινο-και-επικάλυψη-Σοκολάτας-8τμχ-520gr,5.99
2025-11-08,89097080,ΦΛΩΡΙΔΗΣ-Κότσι-Χοιρινό-Μπούτι-ΚΤΨ-το-Κιλό,4.99
2025-11-08,89097081,ΦΛΩΡΙΔΗΣ-Ρολό-Χοιρινό-Γεμιστό-ΚΤΨ-το-Κιλό,7.99
2025-11-08,89096843,ΜΙΚΡΕΣ-ΦΑΡΜΕΣ-ΤΟΥ-ΒΟΥΝΟΥ-Ραβιόλες-Κύπρου-Με-Χαλούμι-ΚΤΨ-350γρ,3.99
2025-11-08,89088973,ΧΡΥΣΗ-ΖΥΜΗ-Mini-Strudel-Κρέμα-Φράουλα-500γρ,3.16
2025-11-08,89088975,ΧΡΥΣΗ-ΖΥΜΗ-Mini-Strudel-Μήλο-Κανέλα-500γρ,3.96
2025-11-08,10405067,ΜΠΑΡΜΠΑ-ΣΤΑΘΗΣ-Πατάτες-Χωριάτικες-Νάξου-ΚΤΨ-1kg,4.98
2025-11-08,89092218,ΧΡΥΣΗ-ΖΥΜΗ-Σουσαμίνια-με-Λουκάνικο-Κέτσαπ-_-Μουστάρδα-700γρ,3.99
2025-11-08,89084627,KOLYMBI-Γαρίδα-Αποφλοιωμένη-40-60-Ινδίας-ΚΤΨ-425γρ,5.69
2025-11-08,89096158,ΜΙΚΡΕΣ-ΦΑΡΜΕΣ-ΤΟΥ-ΒΟΥΝΟΥ-Παγωτό-Πύραυλος-Βανίλια-140γρ,1.89
2025-11-08,89095509,ΑΛΙΜΠΙΝΙΣΗΣ-Donuts-Σοκολάτα-ΚΤΨ-2Χ75γρ-150γρ,2.25
2025-11-08,89095807,ΜΙΚΡΕΣ-ΦΑΡΝΕΣ-ΤΟΥ-ΒΟΥΝΟΥ-Παγωτό-Σάντουιτς-Βανίλια-Σοκολάτα-Φράουλα-6Χ70γρ,3.99
2025-11-08,89095776,ΜΙΚΡΕΣ-ΦΑΡΜΕΣ-ΤΟΥ-ΒΟΥΝΟΥ-Παγωτό-Καϊμάκι-Κύπελλο-0-2L-90γρ,1.39
2025-11-08,89095780,ΜΙΚΡΕΣ-ΦΑΡΜΕΣ-ΤΟΥ-ΒΟΥΝΟΥ-Βανίλια-Κακάο-Φράουλα-3lt-1400γρ,4.99
2025-11-08,89095057,ΜΙΚΡΕΣ-ΦΑΡΜΕΣ-ΤΟΥ-ΒΟΥΝΟΥ-Παγωτό-Mochi-Μάνγκο-6Χ35γρ-210γρ,4.99
2025-11-08,89095462,ΜΙΚΡΕΣ-ΦΑΡΜΕΣ-ΤΟΥ-ΒΟΥΝΟΥ-Βάση-Πίτσας-Χωριάτικη-2Χ300γρ,3.99
2025-11-08,89088983,ΜΙΚΡΕΣ-ΦΑΡΜΕΣ-ΤΟΥ-ΒΟΥΝΟΥ-Pizza-Πεπερόνι-_-Γεμιστή-Ζύμη-491γρ,3.99
2025-11-08,89082908,ΜΙΚΡΕΣ-ΦΑΡΜΕΣ-ΤΟΥ-ΒΟΥΝΟΥ-Ρολίνια-Μήλο-_-Κανέλα-ΚΤΨ-500γρ,2.84
2025-11-08,89089040,ECONOMY-Χταπόδι-Ινδικού-FAO51-ΚΤΨ-850γρ,8.49
2025-11-08,89032446,TORRE-Παγωτό-Βανίλια-Κακάο-Με-Stevia-1000ml,7.99
2025-11-08,89024038,ATLANTIKOS-Μπακαλιάρος-Pollock-Ελαφρώς-Αλατισμένος-σε-Μερίδες-FAO61-ΚΤΨ-700gr,7.39
2025-11-08,89022990,ATLANTIKOS-Πέρκα-Φιλέτο-Νείλου-ΚΤΨ-FAO01-700-γρ-,9.5
2025-11-08,89022989,ATLANTIKOS-Παγκάσιος-Φιλέτο-ΚΤΨ-800gr,5.82
2025-11-08,89022972,ATLANTIKOS-Μπακαλιάρος-Αργεντινής-Φιλέτο-Ρολό-ΚΤΨ-FAO41-595gr,6.39
2025-11-08,89017625,ALFA-Κλασικά-Τυροπιτάκια-Κουρού-ΚΤΨ-800gr,3.99
2025-11-08,89010605,ALFA-Μπουγάτσα-Θεσσαλονίκης-Κρέμα-με-άρωμα-Βανίλιας-Νηστίσιμη-ΚΤΨ-800gr,3.65
2025-11-08,10102001,PESCADANA-Σολομός-Noρβηγίας-Καπνιστός-σε-Φέτες-150gr,8.55
2025-11-08,89046332,ECONOMY-Σαρδέλα-Αιγαίου-ΚΤΨ-810gr,4.99
2025-11-08,89034031,ECONOMY-Καλαμπόκι-ΚΤΨ-750gr,1.99
2025-11-08,89030063,ΜΙΚΡΕΣ-ΦΑΡΜΕΣ-ΤΟΥ-ΒΟΥΝΟΥ-Φασολάκια-Πλατιά-ΚΤΨ-1kg,2.69
2025-11-08,89027389,ECONOMY-Κρέπες-Πανέ-Τομάτα-_-Μοτσαρέλα-ΚΤΨ-200gr-0-99€,0.99
2025-11-08,89069016,TORRE-Hopla-Παγωτό-Βανίλια-Κακάο-0-2lt,5.99
2025-11-08,89068069,ΜΙΚΡΕΣ-ΦΑΡΜΕΣ-ΤΟΥ-ΒΟΥΝΟΥ-Σφακιανή-Πίτα-με-Χόρτα-ΚΤΨ-580γρ,5.99
2025-11-08,89054444,ΜΙΚΡΕΣ-ΦΑΡΜΕΣ-ΤΟΥ-ΒΟΥΝΟΥ-Παγωτό-Σάντουιτς-Βανίλια-Κακάο-4τμχ-320γρ-,3.99
2025-11-08,89054407,KOLYMBI-Παγκάσιους-Φιλέτο-Κτψ-Εισαγωγής-800γρ,3.99
2025-11-08,89053760,ΜΙΚΡΕΣ-ΦΑΡΜΕΣ-ΤΟΥ-ΒΟΥΝΟΥ-Παγωτό-Λεμόνι-Πορτοκάλι-_-Μανταρίνι-2lt,4.49
2025-11-08,89053763,ΜΙΚΡΕΣ-ΦΑΡΜΕΣ-ΤΟΥ-ΒΟΥΝΟΥ-Παγωτό-Βανίλια-Bourbon-2lt-1000gr,4.49
2025-11-08,89052602,MEGA-MEATLESS-Φαλάφελ-ΚΤΨ-300gr,2.65
2025-11-08,89051175,ΜΙΚΡΕΣ-ΦΑΡΜΕΣ-ΤΟΥ-ΒΟΥΝΟΥ-Μπαγκέτα-Γαλλική-Λευκή-Ψημένη-ΚΤΨ-2x135gr,0.99
2025-11-08,10401261,ΜΠΑΡΜΠΑ-ΣΤΑΘΗΣ-Φασολάκια-Πλατιά-ΚΤΨ-1kg,4.29
2025-11-08,89048996,ECONOMY-Νοστιμιές-Burger-Σχάρας-ΚΤΨ-450gr,3.29
2025-11-08,89046759,ΜΙΚΡΕΣ-ΦΑΡΜΕΣ-ΤΟΥ-ΒΟΥΝΟΥ-Παγωτό-Βανίλια-_-Καραμέλα-ΚΤΨ-900ml-490gr,3.99
2025-11-08,89045628,ΜΙΚΡΕΣ-ΦΑΡΜΕΣ-ΤΟΥ-ΒΟΥΝΟΥ-Παγωτό-Βανίλια-Κακάο-με-Stevia-1lt,4.99
2025-11-08,89096873,KOLYMBI-Ανάμεικτα-Θαλασσινά-ΚΤΨ-425γρ,3.49
2025-11-08,89018600,ALFA-Κεφάτα-Λουκανοπιτάκια-Κουρού-800γρ,4.99
2025-11-08,89095485,ΜΠΑΡΜΠΑ-ΣΤΑΘΗΣ-Κρεμμύδι-Ψιλοκομμένο-300γρ,2.25
2025-11-08,89095508,ΑΛΙΜΠΙΝΙΣΗΣ-Donuts-Κανέλας-ΚΤΨ-2Χ50γρ-100γρ,1.99
2025-11-08,89095804,ΜΙΚΡΕΣ-ΦΑΡΜΕΣ-ΤΟΥ-ΒΟΥΝΟΥ-Παγωτό-Ξυλάκι-Βανίλια-Σοκολάτα-3τμχ-360ml,1.99
2025-11-08,89095803,ΜΙΚΡΕΣ-ΦΑΡΜΕΣ-ΤΟΥ-ΒΟΥΝΟΥ-Παγωτό-Ξυλάκι-Βανίλια-Σοκολάτα-Αμύγδαλο-3τμχ-360ml,1.99
2025-11-08,89095777,ΜΙΚΡΕΣ-ΦΑΡΜΕΣ-ΤΟΥ-ΒΟΥΝΟΥ-Παγωτό-Κακάο-Κύπελλο-0-2L-90γρ,1.39
2025-11-08,89095779,ΜΙΚΡΕΣ-ΦΑΡΜΕΣ-ΤΟΥ-ΒΟΥΝΟΥ-Παγωτό-Βανίλια-Κακάο-2L-1000γρ,3.99
2025-11-08,89089041,ECONOMY-Γαρίδα-Ατλαντικού-FAO34-ΚΤΨ-340γρ,6.89
2025-11-08,89088984,ECONOMY-Pizza-Ζαμπόν-Τυρί-Μανιτάρι-1Kg-3-99€,3.99
2025-11-08,89088790,ΜΙΚΡΕΣ-ΦΑΡΜΕΣ-ΤΟΥ-ΒΟΥΝΟΥ-Κέικ-Λαδιού-Λευκό-ΚΤΨ-500γρ,3.99
2025-11-08,89082565,ΜΙΚΡΕΣ-ΦΑΡΜΕΣ-ΤΟΥ-ΒΟΥΝΟΥ-Παγωτό-με-Γεύση-Καραμέλα-_-Σοκολάτα-Γάλακτος-279γρ-460ml,2.99
2025-11-08,89079732,ΜΙΚΡΕΣ-ΦΑΡΜΕΣ-ΤΟΥ-ΒΟΥΝΟΥ-Παγωτό-με-Πρόβειο-Γάλα-Φράουλα-1lt,4.99
2025-11-08,89068426,ΜΠΑΡΜΠΑ-ΣΤΑΘΗΣ-Μπάμιες-Ποικιλία-Αλεξανδρινή-ΚΤΨ-750γρ,6.69
2025-11-08,89078503,ΜΙΚΡΕΣ-ΦΑΡΜΕΣ-ΤΟΥ-ΒΟΥΝΟΥ-Φλογέρα-με-Αλλαντικά-_-Κασέρι-ΚΤΨ-4Χ100γρ,3.99
2025-11-08,89078501,ΜΙΚΡΕΣ-ΦΑΡΜΕΣ-ΤΟΥ-ΒΟΥΝΟΥ-Φέτα-Μέλι-_-Σουσάμι-4Χ100γρ,2.99
2025-11-08,89078502,ΜΙΚΡΕΣ-ΦΑΡΜΕΣ-ΤΟΥ-ΒΟΥΝΟΥ-Φλογέρα-με-Πραλίνα-ΚΤΨ-4Χ100γρ,3.99
2025-11-08,89062879,ΣΟΔΕΙΑ-ΦΑΣΟΛΑΚΙ-ΠΛΑΤΥ-ΚΤΨ-1Κ,2.99
2025-11-08,89069522,ECONOMY-Μπιφτέκι-Σουβλακόπιτας-ΚΤΨ-450gr,3.29
2025-11-08,89034249,CRETA-FARMS-Εν-Ελλάδι-Γύρος-Χοιρινός-Προψημένος-ΚΤΨ-330gr,7.39
2025-11-08,89036258,ΣΟΔΕΙΑ-Φράουλα-ΚΤΨ-500gr,2.59
2025-11-08,89027098,ATLANTIKOS-Τσιπούρα-Καθαρισμένη-Ελληνική-300-40-ΚΤΨ-630gr,10.4
2025-11-08,89022984,ATLANTIKOS-Καλαμάρι-Ινδίας-Ακαθάριστο-ΚΤΨ-FAO51-1000-γρ-,7.32
2025-11-08,89022970,ATLANTIKOS-Μπακαλιάρος-Χωρίς-Κεφάλι-FAO41-ΚΤΨ-665gr,4.49
2025-11-08,89012312,CRETA-FARMS-Εν-Ελλάδι-Νοστιμιές-Κοτομπουκιές-ΚΤΨ-400γρ,6.45
2025-11-08,10404049,ΜΠΑΡΜΠΑ-ΣΤΑΘΗΣ-Ρύζι-με-Καλαμπόκι-_-Αρακά-_-Καρότο-ΚΤΨ-600gr,3.89
2025-11-08,89042924,ΜΙΚΡΕΣ-ΦΑΡΜΕΣ-ΤΟΥ-ΒΟΥΝΟΥ-Στριφτή-Πίτα-με-Σπανάκι-_-Φέτα-ΚΤΨ-800gr,3.99
2025-11-08,89035675,ΜΙΚΡΕΣ-ΦΑΡΜΕΣ-ΤΟΥ-ΒΟΥΝΟΥ-Ζύμη-για-Πίτσα-ΚΤΨ-400gr,0.99
2025-11-08,89030403,ΜΙΚΡΕΣ-ΦΑΡΜΕΣ-ΤΟΥ-ΒΟΥΝΟΥ-Ανάμεικτα-Λαχανικά-ΚΤΨ-450gr,1.69
2025-11-08,89030067,ΜΙΚΡΕΣ-ΦΑΡΜΕΣ-ΤΟΥ-ΒΟΥΝΟΥ-Καλαμπόκι-ΚΤΨ-450gr,1.89
2025-11-08,89030066,ΜΙΚΡΕΣ-ΦΑΡΜΕΣ-ΤΟΥ-ΒΟΥΝΟΥ-Φασολάκι-Χάνδρα-ΚΤΨ-450-γρ-,2.49
2025-11-08,89030062,ΜΙΚΡΕΣ-ΦΑΡΜΕΣ-ΤΟΥ-ΒΟΥΝΟΥ-Μπάμιες-ΚΤΨ-Ν-1-750-γρ-,3.49
2025-11-08,89028365,ECONOMY-Παγωτό-Σάντουιτς-4Τ-Τιραμισού-4Χ80-γρ-,3.99
2025-11-08,89028303,ECONOMY-Φύλλο-Κρούστας-ΚΤΨ-450gr,1.79
2025-11-08,89023007,ECONOMY-Αρακάς-με-Αγκινάρες-ΚΤΨ-1kg,3.99
2025-11-08,89034786,ΜΙΚΡΕΣ-ΦΑΡΜΕΣ-ΤΟΥ-ΒΟΥΝΟΥ-Φλογέρα-Ζαμπόν-_-Τυρί-σε-Χωριάτικο-Φύλλο-ΚΤΨ-500gr,2.99
2025-11-08,89028499,ΜΙΚΡΕΣ-ΦΑΡΜΕΣ-ΤΟΥ-ΒΟΥΝΟΥ-Παγωτό-Πύραυλοι-Creme-Brule-4Χ140ml,2.99
2025-11-08,89028498,ΜΙΚΡΕΣ-ΦΑΡΜΕΣ-ΤΟΥ-ΒΟΥΝΟΥ-Παγωτό-Πύραυλος-Cookie-Crum-4T-560ml,2.99
2025-11-08,89028242,ΜΙΚΡΕΣ-ΦΑΡΜΕΣ-ΤΟΥ-ΒΟΥΝΟΥ-Μπιφτέκια-Παραδοσιακά-Σπιτικά-ΚΤΨ-500gr,2.99
2025-11-08,89025268,ECONOMY-Παγωτό-Ξυλάκι-Κρέμα-Σοκολάτα-85-γρ-,1.59
2025-11-08,89033078,ECONOMY-Ψαροκροκέτες-15τεμ-ΚΤΨ-450gr,2.99
2025-11-08,89069010,TORRE-Hopla-Παγωτό-Παρφέ-Βανίλια-Κακάο-1lt-500gr,4.49
2025-11-08,89069008,TORRE-Hopla-Παγωτό-Στρατσιατέλα-1lt,4.49
2025-11-08,89068540,ATLANTIKOS-Χταπόδι-Πλοκάμι-FAO-51-71-ΚΤΨ-450gr,10.49
2025-11-08,10401103,ΜΠΑΡΜΠΑ-ΣΤΑΘΗΣ-Αρακάς-με-Αγγινάρες-1000gr,4.74
2025-11-08,89068440,ECONOMY-Λουκανικοπιτάκια-ΚΤΨ-450gr,1.99
2025-11-08,89062878,ΣΟΔΕΙΑ-Φασολάκι-Στρογγυλό-ΚΤΨ-1κιλό,2.99
2025-11-08,89067067,ΜΙΚΡΕΣ-ΦΑΡΜΕΣ-ΤΟΥ-ΒΟΥΝΟΥ-Κουλούρι-Θεσσαλονίκης-κτψ-2Χ100γρ,0.99
2025-11-08,89053583,ΜΙΚΡΕΣ-ΦΑΡΜΕΣ-ΤΟΥ-ΒΟΥΝΟΥ-Κιμάς-Ανάμικτος-ΚΤΨ-500gr,3.99
2025-11-08,89052091,ΜΠΑΡΜΠΑ-ΣΤΑΘΗΣ-Φασόλια-Χάντρες-ΚΤΨ-600gr,4.79
2025-11-08,89024030,ATLANTIKOS-Θράψαλο-Ειρηνικού-Καθαρισμένο-Χ-Κ-FAO87-ΚΤΨ-700gr,6.49
2025-11-08,89047326,ΜΙΚΡΕΣ-ΦΑΡΜΕΣ-ΤΟΥ-ΒΟΥΝΟΥ-Μπιφτέκι-Λαχανικών-Νηστίσιμο-4τεμ-ΚΤΨ-400γρ,3.79
2025-11-08,89079736,ΜΙΚΡΕΣ-ΦΑΡΜΕΣ-ΤΟΥ-ΒΟΥΝΟΥ-Παγωτό-με-Πρόβειο-Γάλα-Σοκολάτα-105γρ,1.29
2025-11-08,89079728,ΜΙΚΡΕΣ-ΦΑΡΜΕΣ-ΤΟΥ-ΒΟΥΝΟΥ-Παγωτό-με-Πρόβειο-Γάλα-Καϊμάκι-1lt,4.99
2025-11-08,89069712,ECONOMY-Παγωτό-Βανίλια-Κακάο-Φράουλα-900γρ-2lt-2-99€,2.99
2025-11-08,89096320,ΜΙΚΡΕΣ-ΦΑΡΜΕΣ-ΤΟΥ-ΒΟΥΝΟΥ-Παγωτό-με-Πρόβειο-Γάλα-105γρ,1.29
2025-11-08,89088854,BARTS-Gourmet-Onion-Rings-ΚΤΨ-1Kg,4.99
2025-11-08,89079477,ΧΡΥΣΗ-ΖΥΜΗ-Pizza-Margherita-2X385γρ,5.99
2025-11-08,89088853,BART-S-Gourmet-Γλυκοπατάτες-ΚΤΨ-1Kg,4.99
2025-11-08,89095461,ΜΙΚΡΕΣ-ΦΑΡΜΕΣ-ΤΟΥ-ΒΟΥΝΟΥ-Πίτσα-Μαργαρίτα-ΚΤΨ-360γρ,3.99
2025-11-08,89019775,ΧΡΥΣΗ-ΖΥΜΗ-Μπουγάτσα-Θεσσαλονίκης-με-Τυρί-450g,1.99
2025-11-08,10401048,ΜΠΑΡΜΠΑ-ΣΤΑΘΗΣ-Αρακάς-ΚΤΨ-1kg,3.99
2025-11-08,89034247,CRETA-FARMS-Εν-Ελλάδι-Γύρος-Κοτόπουλο-Προψημένος-ΚΤΨ-330gr,7.39
2025-11-08,89031182,ΑΡΤΟΣ-_-ΖΥΜΗ-Τηγανόψωμο-Εύβοιας-2Χ225γρ,3.89
2025-11-08,89026601,ATLANTIKOS-Θράψαλο-Ροδέλα-FAO01-ΚΤΨ-500gr,5.99
2025-11-08,89024035,ATLANTIKOS-Καλαμάρι-Καθαρισμένο-Κομμένο-10-20-FAO51-ΚΤΨ-425gr,4.99
2025-11-08,89024031,ATLANTIKOS-Σουπιά-Φιλέτο-Ινδικού-FAO51-ΚΤΨ-700gr,8.99
2025-11-08,89023000,ATLANTIKOS-Σουρίμι-Καβουρόψιχα-Απομίμηση-FAO61-ΚΤΨ-250gr,1.4
2025-11-08,89012198,CRETA-FARMS-Εν-Ελλάδι-Νοστιμιές-Κεφτεδάκια-ΚΤΨ-420gr,4.88
2025-11-08,89003344,ALFA-Παραδοσιακή-Πίτα-Μετσόβου-με-Φέτα-_-Μυζήθρα-ΚΤΨ-850gr,5.19
2025-11-08,13001001,ΚΑΝΑΚΙ-Φύλλο-Κρούστας-ΚΤΨ-450ΓΡ,5.18
2025-11-08,10404029,ΜΠΑΡΜΠΑ-ΣΤΑΘΗΣ-Μανιτάρια-Φέτες-ΚΤΨ-450gr,2.99
2025-11-08,89046333,ECONOMY-Γαύρος-Αιγαίου-ΚΤΨ-810gr,4.49
2025-11-08,89042922,ΜΙΚΡΕΣ-ΦΑΡΜΕΣ-ΤΟΥ-ΒΟΥΝΟΥ-Λουκανικοπιτάκια-Σφολιάτας-ΚΤΨ-700gr,3.99
2025-11-08,89042921,ΜΙΚΡΕΣ-ΦΑΡΜΕΣ-ΤΟΥ-ΒΟΥΝΟΥ-Τυροπιτάκια-Σφολιάτας-ΚΤΨ-700gr,2.99
2025-11-08,89032669,ECONOMY-Αρακάς-ΚΤΨ-750gr,1.79
2025-11-08,89030064,ΜΙΚΡΕΣ-ΦΑΡΜΕΣ-ΤΟΥ-ΒΟΥΝΟΥ-Φασολάκια-Πλατιά-ΚΤΨ-450gr,1.59
2025-11-08,89030061,ΜΙΚΡΕΣ-ΦΑΡΜΕΣ-ΤΟΥ-ΒΟΥΝΟΥ-Μανιτάρια-Φέτες-ΚΤΨ-450gr,1.99
2025-11-08,89030059,ΜΙΚΡΕΣ-ΦΑΡΜΕΣ-ΤΟΥ-ΒΟΥΝΟΥ-Φασολάκι-Στρογγυλό-ΚΤΨ-1kg,2.69
2025-11-08,89030057,ΜΙΚΡΕΣ-ΦΑΡΜΕΣ-ΤΟΥ-ΒΟΥΝΟΥ-Αρακάς-ΚΤΨ-1kg,2.69
2025-11-08,89023006,ECONOMY-Σπανακόρυζο-ΚΤΨ-1kg,3.99
2025-11-08,89022618,ECONOMY-Φύλλο-Καταΐφι-ΚΤΨ-450gr,2.69
2025-11-08,89007955,ECONOMY-Πίτες-Νο2-Μεσαίες-10τεμ-ΚΤΨ-700gr,1.89
2025-11-08,89033118,ECONOMY-Νοστιμιές-Μπιφτέκι-Σχάρας-ΚΤΨ-450gr,3.29
2025-11-08,89025270,ECONOMY-Παγωτό-Σάντουιτς-Βανίλια-Κακάο-80-γρ-,1.39
2025-11-08,89024955,ECONOMY-Τυροπιτάκια-500gr,1.79
2025-11-08,40702179,DOVE-Αποσμητικό-Roll-On-Original-48h-50ml,2.6
2025-11-08,89088897,AIM-Οδοντόκρεμα-Παιδική-0-6-ετών,2.08
2025-11-08,89024104,AIM-Oδοντόβουρτσα-Αnti-Plaque-Μέτρια 2τεμ-,1.2
2025-11-08,40503266,ΑΙΜ-Οδοντόβουρτσα-White-System-Mέτρια-με-Προστατευτικό-Καπάκι,2.34
2025-11-08,89023185,AIM-Οδοντόβουρτσα-Classic-Fresh-Μέτρια-με-Προστατευτικό-Καπάκι,1.97
2025-11-08,89094546,DOVE-Αφρόλουτρο-Hydrate-720ml,2.21
2025-11-08,89096206,DOVE-Men-Αφρόλουτρο-Sandalwood-_-Vanilla-400ml,1.55
2025-11-08,89047730,ULTREX-Σαμπουάν-Αντιπιτυριδικό-2in1-360ml,3.75
2025-11-08,89031006,ULTREX-Σαμπουάν-Deep-Clean-Action-Κανονικά-360ml,3.75
2025-11-08,89031008,ULTREX-Σαμπουάν-Deep-Clean-Action-Λιπαρά-360ml,3.75
2025-11-08,89049221,ULTREX-Σαμπουάν-Legend-by-Cristiano-Ronaldo-360ml,3.75
2025-11-08,89089153,SEPTONA-Μαντηλάκια-Ντεμακιγιάζ-με-Υαλουρονικό-Οξύ-2Χ20τεμ,2.15
2025-11-08,89089122,SEPTONA-Υγρά-Μαντηλάκια-Green-Apple-4X15τεμ,1.29
2025-11-08,89088601,AIM-Οδοντόκρεμα-Παιδική-0-6-ετών-75ml,2.2
2025-11-08,40502517,AIM-Οδοντόκρεμα-Family-Protection-Herbal-75ml,1.42
2025-11-08,89089121,SEPTONA-Υγρά-Μαντηλάκια-Refresh-4X15τεμ,1.62
2025-11-08,40502341,AIM-Οδοντόκρεμα-Crystal-Gel-75ml,1.81
2025-11-08,40502119,AIM-Οδοντόκρεμα-White-System-2x75ml,2.66
2025-11-08,40502401,AIM-Οδοντόκρεμα-White-System-75ml,2.01
2025-11-08,40502075,AIM-Οδοντόκρεμα-White-Now-75ml,2.33
2025-11-08,89082947,ECONOMY-Σαμπουάν-για-Κανονικά-Μαλλιά-1lt,0.99
2025-11-08,89082941,ECONOMY-Αφρόλουτρο-Αγνή-Απαλότητα-1lt,0.99
2025-11-08,89082943,ECONOMY-Αφρόλουτρο-Άρωμα-Ζωής-1lt,0.99
2025-11-08,89082942,ECONOMY-Αφρόλουτρο-για-Aισθησιασμό-_-Eυφορία-1lt,0.99
2025-11-08,89067340,KARAVAKI-Αφρόλουτρο-Γλυκό-Μανταρίνι-_-Καλεντούλα-750ml,3.05
2025-11-08,89067208,LUX-Αφρόλουτρο-Magical-Orchid-600ml,2.99
2025-11-08,89067341,KARAVAKI-Αφρόλουτρο-Δροσιά-Αιγαίου-750ml,3.05
2025-11-08,40603491,NATURA-Παπουτσάνης-Κρεμοσάπουνο-Almond-Ανταλλακτικό-750ml,1.85
2025-11-08,40603494,NATURA-Παπουτσάνης-Κρεμοσάπουνο-Υγιεινή-Προστασία-Ανταλλακτικό-750ml,1.85
2025-11-08,89052337,SEPTONA-Δίσκοι-Ντεμακιγιάζ-Διπλής-Όψης-100τεμ-,1.23
2025-11-08,40401005,NIVEA-Men-Protect-_-Care-Αφρός-Ξυρίσματος-με-Aloe-Vera-200ml,2.49
2025-11-08,89082936,AROMATICS-Σαπούνι-Musk-Family-Pack-4X100γρ,2.58
2025-11-08,89084496,AROMATICS-Σαπούνι-Magnolia-4X100γρ,2.58
2025-11-08,89083036,GLOW-_-BEAUTY-Σαμπουάν-Αντιπιτυριδικό-Λιπαρά-400ml,1.99
2025-11-08,89069640,GLOW-_-BEAUTY-Ξυραφάκι-Ανδρικό-2λεπίδων-Μίας-Χρήσης-5τμχ,0.99
2025-11-08,89078562,TAFT-Αφρός-Μαλλιών-Μπούκλες-Hold-3-200ml,3.49
2025-11-08,89078560,TAFT-Hair-Spray-Power-Holds-72h-250ml,3.49
2025-11-08,89096407,GLOW-_-BEAUTY-Conditioner-για-Όλους-τους-Τύπους-200ml,1.69
2025-11-08,89096406,GLOW-_-BEAUTY-Conditioner-Ξηρά-Ταλαιπωρημένα-200ml,1.69
2025-11-08,89068586,GLOW-_-BEAUTY-Βαφή-Κρέμα-Νο1-1-Μαύρο-Μπλέ-60ml,1.75
2025-11-08,89068546,GLOW-_-BEAUTY-Κρέμα-Βαφή-Ν10-1-Κατάξανθό-60ml,1.75
2025-11-08,89068588,GLOW-AND-BEAUTY-Βαφή-Κρέμα-Νο3-Σκούρο-Καστανό-60ml,1.75
2025-11-08,89068591,GLOW-_-BEAUTY-Βαφή-Κρέμα-Νο5-Ανοιχτό-Καστανό-60ml,1.75
2025-11-08,89068592,GLOW-_-BEAUTY-Βαφή-Κρέμα-Νο6-Σκούρο-Ξανθό-60ml,1.75
2025-11-08,89068593,GLOW-_-BEAUTY-Βαφή-Κρέμα-Νο7-Ξανθό-60ml,1.75
2025-11-08,89068545,GLOW-_-BEAUTY-Κρέμα-Βαφή-Ν9-πολύ-Ανοιχτό-Ξανθό-60ml,1.75
2025-11-08,89068578,GLOW-_-BEAUTY-Βαφή-Κρέμα-Νο1-Μαύρο-60ml,1.75
2025-11-08,89068590,GLOW-AND-BEAUTY-Βαφή-Κρέμα-Νο4-Καστανό-60ml,1.75
2025-11-08,89068590,GLOW-AND-BEAUTY-Βαφή-Κρέμα-Νο4-Καστανό-60ml,1.75
2025-11-08,89068596,GLOW-AND-BEAUTY-Βαφή-Κρέμα-Νο8-1-Σαντρέ-Ανοιχτό-Ξανθό-60ml,1.75
2025-11-08,89069588,SENIOVITA-Multivitamins-Minerals-20τμχ,2.69
2025-11-08,89077569,GLOW-_-BEAUTY-MEN-Αφρόλουτρο-Energising-Effect-1lt,1.79
2025-11-08,89069587,SENIOVITA-Vitamin-C-1000mg-Zinc-20τμχ,2.25
2025-11-08,89069589,SENIOVITA-Magnesium-200mg-20τμχ,2.69
2025-11-08,89068567,GLOW-AND-BEAUTY-Σαμπουάν-με-Κερατίνη-για-κανονικά-μαλλιά-400ml,1.79
2025-11-08,89077570,GLOW-_-BEAUTY-Women-Αφρόλουτρο-Secret-Touch-1lt,1.79
2025-11-08,89022304,NIVEA-Κρέμα-Ημέρας-Ενυδατική-SPF15-50ml,5.1
2025-11-08,40303014,NIVEA-After-Shave-Balsam-Protect-100ml,5.99
2025-11-08,89068569,GLOW-AND-BEAUTY-Conditioner-με-Κερατίνη-για-κανονικά-μαλλιά-400ml,1.89
2025-11-08,89068566,GLOW-AND-BEAUTY-Κρεμοσάπουνο-Ωκεανός-με-αντλία-500ml,1.8
2025-11-08,89068529,GLOW-AND-BEAUTY-Πηλός-για-διαμόρφωση-μαλλιών-120ml,2.99
2025-11-08,89068525,GLOW-AND-BEAUTY-Μαλακτική-Professional-Όλοι-οι-τύποι-μαλλιών-750ml,2.37
2025-11-08,89068678,GLOW-AND-BEAUTY-Σαπούνι-Χαμομήλι-90gr,0.49
2025-11-08,89067296,GLOW-_-BEAUTY-Βαφή-Μαλλιών-Νο1-1-Μαύρο-Μπλέ-50ml,2.79
2025-11-08,89067300,GLOW-_-BEAUTY-Βαφή-Μαλλιών-Νο10-10-Κατάξανθο-50ml,2.79
2025-11-08,89045578,NIVEA-Aloe-Hydration-Lotion-250-ml,4.99
2025-11-08,89054428,ECONOMY-Μπατονέτες-Χάρτινες-200τμχ,1.23
2025-11-08,89054349,NIVEA-Λοσιόν-Ντεμακιγιάζ-Ματιών-Double-Effect-125ml,3.75
2025-11-08,89054342,NIVEA-Αποσμητικό-Deo-Roll-On-Talc-Sensation-50ml,2.79
2025-11-08,89043598,ALWAYS-Σερβιέτες-Ultra-Platinum-Normal-16τεμ-,2.49
2025-11-08,89051563,ECONOMY-Κρύο-Κερί-σε-Ταινίες-για-Ευαίσθητο-Δέρμα-Πρόσωπο-20τεμ-,2.37
2025-11-08,89051475,ECONOMY-Παιδικές-Μπατονέτες-Ασφαλείας-50τεμ-,1.19
2025-11-08,89049926,PARADONT-Οδοντικό-Νήμα-Αντιβακτηριδιακό-με-Μέντα-50m,1.89
2025-11-08,89049743,GLISS-Conditioner-Split-Hair-200ml,2.39
2025-11-08,89014606,FA-Men-Αποσμητικό-Deo-Spray-Energy-Boost-150ml,2.39
2025-11-08,89047532,SYOSS-Κρέμα-Μαλλιών-Intense-Repair-440ml,3.39
2025-11-08,89046668,SYOSS-OLEO-Βαφή-Μαλλιών-1-10-Μαύρο-Έντονο,5.49
2025-11-08,89046659,PALETTE-Βαφή-Μαλλιών-7-87-Εντονο-Κόκκινο-Χάλκινο,3.39
2025-11-08,89046647,SYOSS-OLEO-Βαφή-Μαλλιών-4-60-Καστανό-Χρυσό,5.49
2025-11-08,89097030,LUXURY-BATHING-Κρέμα-Χεριών-_-Κρέμα-Κρέμα-Νυχιών-με-Άρωμα-Πραλίνας-και-Βανίλιας-50ml-,5.99
2025-11-08,89088723,MOND-Μάσκα-Προσώπου-Υφασμάτινη-Hydrogel-28γρ,1.49
2025-11-08,89088557,ELVIVE-Glycolic-Gloss-Κρέμα-Conditioner-για-Θαμπά-_-Πορώδη-Μαλλιά-150ml,6.79
2025-11-08,89096201,GLOW-_-BEAUTY-Σαπούνι-Με-Γάλα-Γαϊδούρας-_-Λεβάντας-100γρ,1.42
2025-11-08,89088717,MOND-Μάσκα-Ματιών-Με-Υαλουρονικό-Οξύ-12τμχ,2.99
2025-11-08,89096563,GLOW-_-BEAUTY-Κρέμα-Προσώπου-Ημέρας-με-Υαλουρονικό-Οξύ-50ml,4.99
2025-11-08,89081844,DOVE-Σαπούνι-Beauty-Cream-Bar-90γρ,0.99
2025-11-08,89049420,AXE-Deo-Αποσμητικό-Spray-Excite-150ml,2.99
2025-11-08,89084649,LADY-BELLA-Retro-Ξηρό-Σαμπουάν-200ml,2.84
2025-11-08,89088716,GLOW-_-BEAUTY-Σφουγγάρι-Καθαρισμού-Προσώπου-Μαλακό,2.84
2025-11-08,89088684,GLOW-_-BEAUTY-Conditioner-100ml,1.29
2025-11-08,89096246,GLOW-_-BEAUTY-Body-Lotion-Jasmine-250ml,2.79
2025-11-08,89096340,GLOW-_-BEAUTY-Κρέμα-Ποδιών-Μέντα-100ml,2.49
2025-11-08,89095788,GLOW-_-BEAUTY-Body-Mist-Glitter-Vanilla-200ml,3.49
2025-11-08,89095790,GLOW-_-BEAUTY-Κρέμα-Σώματος-με-άρωμα-Σοκολάτα-200ml,2.99
2025-11-08,89095787,GLOW-_-BEAUTY-Body-Mist-Iris-Kiss-200ml,3.49
2025-11-08,89095434,GLOW-_-BEAUTY-Lotion-Pumpkin-Spice-250ml,3.99
2025-11-08,89089128,EVERYDAY-Σερβιετάκι-All-Cotton-Large-50τεμ,4.59
2025-11-08,89060805,COREGA-Super-Στερεωτικό-για-Τεχνητή-Οδοντοστοιχία-70γρ,6.99
2025-11-08,89088573,GLOW-_-BEAUTY-Πάνες-Εσώρουχο-Ενηλίκων-Μέγεθος-M-10τεμ,5.99
2025-11-08,89088571,G_B-Πάνες-Εσώρουχο-Ενηλίκων-Μέγεθος-XL-10τεμ,5.99
2025-11-08,89084655,GLOW-_-BEAUTY-Κάλυψη-Ρίζας-Σπρέι-Σκούρο-Καστανό-100ml,4.74
2025-11-08,89088472,PANTENE-Σαμπουάν-Απαλά-_-Μεταξένια-400ml,3.45
2025-11-08,89079703,GLOW-_-BEAUTY-After-Shave-Balsam-250ml,3.99
2025-11-08,89079701,GLOW-_-BEAUTY-Λακ-Μαλλιών-Strong-200ml,2.99
2025-11-08,89079592,GLOW-_-BEAUTY-Οδοντικό-νήμα,1.8
2025-11-08,89079431,SYOSS-Σαμπουάν-Keratin-440ml,2.85
2025-11-08,89079470,GLOW-_-BEAUTY-Κρεμοσάπουνο-Μοσχολέμονο-Ανταλλακτικό-1lt,1.19
2025-11-08,89078200,GLOW-_-BEAUTY-Κρεμοσάπουνο-Summer-Breeze-ECO-2lt,2.84
2025-11-08,89077969,GLOW-_-BEAUTY-Ψαλιδάκι-Νυχιών-Ματ-Inox,3.79
2025-11-08,89077985,GLOW-_-BEAUTY-Nail-Art-Μόδας,2.84
2025-11-08,89077992,GLOW-_-BEAUTY-Κλάμερ-Μικρά,2.37
2025-11-08,89077968,GLOW-_-BEAUTY-Λίμα-Μεταλλική,1.89
2025-11-08,89078003,GLOW-_-BEAUTY-Βούρτσα-Λεπτή-Κλασική,3.79
2025-11-08,40502468,COLGATE-Οδοντόκρεμα-Herbal-White-75ml,1.49
2025-11-08,89070983,GLOW-_-BEAUTY-Βούρτσα-Ξεμπερδέματος-Τσάντας-Οβάλ,2.84
2025-11-08,89070812,GLOW-_-BEAUTY-οδοντικό-νήμα-με-λαβή-30τεμ,0.94
2025-11-08,89070357,GLOW-_-BEAUTY-αντισηπτικό-gel-μέντα-110ml,0.99
2025-11-08,89068568,GLOW-_-BEAUTY-κρεμοσάπουνο-μέλι-_-γάλα-αντ-κό-750ml,1.8
2025-11-08,89068571,GLOW-_-BEAUTY-κρεμοσάπουνο-ωκεανός-ανταλ-κό-750ml,1.8
2025-11-08,89068575,GLOW-_-BEAUTY-oxycream-20o-60ml,0.6
2025-11-08,89069414,GLOW-_-BEAUTY-βαζελίνη-χαμομήλι-καρύδα-140ml,1.99
2025-11-08,89066207,ELVIVE-Σαμπουάν-Hyaluronic-400ml,4.69
2025-11-08,89070354,GLOW-_-BEAUTY-αφρόλουτρο-passion-fruits-750ml,1.99
2025-11-08,89070235,GLOW-_-BEAUTY-προφυλακτικά-κανονικά-6τεμ,3.79
2025-11-08,89070237,GLOW-_-BEAUTY-προφυλακτικά-ραβδώσεις-_-κουκίδες-6τεμ,3.79
2025-11-08,89070187,GLOW-_-BEAUTY-κρεμοσάπουνο-aloe-vera-500ml,1.23
2025-11-08,89069641,GLOW-_-BEAUTY-Ξυραφάκι-Γυναικείο-2λεπίδων-Μίας-Χρήσης-5τμχ,1.19
2025-11-08,89069643,GLOW-_-BEAUTY-Ξυραφάκι-Γυναικείο-3λεπίδων-Μίας-Χρήσης-3τμχ,1.99
2025-11-08,89069902,LISTERINE-στοματικό-διάλυμα-teeth-_-gum-500ml,3.99
2025-11-08,89069895,LE-PETIT-MARSEILLAIS-αφρόλουτρο-vanilla-400ml,1.99
2025-11-08,89069897,LE-PETIT-MARSEILLAIS-αφρόλουτρο-άνθη-πορτοκαλιάς-400ml,1.99
2025-11-08,89069364,GLOW-_-BEAUTY-Κρέμα-Χεριών-για-κανονικές-επιδερμίδες-75ml,1.99
2025-11-08,89069365,GLOW-_-BEAUTY-Κρέμα-Χεριών-για-ξηρές-επιδερμίδες-75ml,1.99
2025-11-08,89069569,GLOW-_-BEAUTY-Βαμβάκι-100gr,0.94
2025-11-08,89069361,GLOW-_-BEAUTY-Μαλακτική-Κρέμα-για-κανονικά-Μαλλιά-500ml,2.29
2025-11-08,89023176,SYOSS-Gel-Μαλλιών-Power-Hold-250ml,4.49
2025-11-08,89012477,FA-Αφρόλουτρο-Luxurious-Voila-750ml,2.89
2025-11-08,89000386,Oral-B-Οδοντόβουρτσα-1·2·3-Indicator-Μέτρια,1.49
2025-11-08,89025050,PALETTE-Βαφή-Μαλλιών-N6-60-Ξανθό-Σκούρο-Χρυσαφί-Σοκολάτα,3.39
2025-11-08,40105014,VEET-Αποτριχωτική-Κρέμα-για-Κανονικό-Δέρμα-100ml,4.99
2025-11-08,89036551,ORAL-B-Κηρωμένο-Οδοντικό-Νήμα-με-Γεύση-Μέντας-50m,1.99
2025-11-08,89036125,LISTERINE-Στοματικό-Διάλυμα-Cool-Mint-250ml,2.59
2025-11-08,89032918,ELVIVE-Σαμπουάν-Επανασύστασης-400ml,4.69
2025-11-08,89029819,VEET-Κρύο-Κερί-σε-Ταινίες-για-Ευαίσθητο-Δέρμα-Σώμα-_-Πόδια-20τεμ-,7.49
2025-11-08,89021390,AXE-Black-Spray-Αποσμητικό-150ml,2.99
2025-11-08,89021132,EVERYDAY-Σερβιέτες-Hyperdry-NORMAL-Ultra-Plus-Value-Pack-18-τεμ-,2.49
2025-11-08,89020315,ΣEVERYDAY-Σερβιέτες-Fresh-MAXI-NIGHT-Ultra-Plus-Value-Pack-18-τεμ-,2.89
2025-11-08,89019968,EVERYDAY-Σερβιέτες-Sensitive-with-cotton-NORMAL-Ultra-Plus-Value-Pack-18-τεμ-,2.89
2025-11-08,89012925,BIC-Miss-Soleil-Ξυραφάκια-μιας-Χρήσης-4τεμ-,3.99
2025-11-08,40701151,ΝΟΧΖΕΜΑ-Αποσμητικό-Deo-Spray-Memories-24h-150ml,3.49
2025-11-08,40701150,NOXZEMA-Αποσμητικό-Deo-Spray-Pilot-48h-150ml,3.49
2025-11-08,40610072,FA-Αφρόλουτρο-Cacao-Butter-750ml,2.89
2025-11-08,40105042,VEET-Κρύο-Κερί-σε-Tαινίες-για-Κανονικό-Δέρμα-Πρόσωπο-20τεμ-,5.89
2025-11-08,40008003,ELVIVE-Color-Vive-Σαμπουάν-400ml,4.69
2025-11-08,40006223,PALETTE-Βαφή-Μαλλιών-Semi-Set-N7-1-Ξανθό-Σαντρε,3.39
2025-11-08,40006213,PALETTE-Βαφή-Μαλλιών-Semi-Set-N7-Ξανθό,3.39
2025-11-08,30302003,EVERYDAY-Σερβιετάκια-Extra-Dry-NORMAL-20-τεμ-,1.59
2025-11-08,30301219,EVERYDAY-Sensitive-Σερβιέτες-Super-10τεμ-,1.99
2025-11-08,30301171,EVERYDAY-Hyperdry-Σερβιέτες-Super-10τεμ-,1.89
2025-11-08,30202214,SANI-Sensitive-Lady-Σερβιέτες-Ειδικών-Χρήσεων-Super-Extra-Thin-No5-10τεμ-,3.29
2025-11-08,89033546,ECONOMY-Πάνες-Ακράτειας-Large-No3-12τεμ-,5.99
2025-11-08,89015536,ECONOMY-Σερβιέτες-Ultra-Night-με-Φτερά-10τεμ-,0.99
2025-11-08,89011708,ECONOMY-Χαρτοβάμβακας-50-Φύλλα-40x60-410γρ,1.89
2025-11-08,89069154,GLOW-AND-BEAUTY-Σαμπουάν-Provitamin-Colored-360ml,2.29
2025-11-08,89069080,GLOW-AND-BEAUTY-Γυναικείο-Άρωμα-Berry-Boost-100ml,2.37
2025-11-08,89069161,GLOW-AND-BEAUTY-Κρέμα-Χεριών-Βανίλια-Αγριολούλουδο-200ml,2.37
2025-11-08,89053170,NEUTRO-ROBERTS-Αφρόλουτρο-Χαλαρωτικό-600ml,2.99
2025-11-08,89068581,GLOW-AND-BEAUTY-Αποσμητικό-Roll-on-women-50ml,1.69
2025-11-08,89068570,GLOW-AND-BEAUTY-Μάσκα-Μαλλιών-με-κερατίνη-για-κάθε-τύπο-250ml,2.37
2025-11-08,89068555,GLOW-AND-BEAUTY-αφρόλουτρο-Noir-Energizing-1000ml,2.49
2025-11-08,89068557,GLOW-AND-BEAUTY-Αφρόλουτρο-Vanilla-_-Argan-Oil-1000ml,2.49
2025-11-08,89068589,FA-Men-Deo-Spray-Invisible-Power-150ml,2.39
2025-11-08,89068587,FA-Men-Deo-Roll-on-Invisible-Power-150ml,2.19
2025-11-08,89068335,GLOW-AND-BEAUTY-Κρεμοσάπουνο-Oriental-Moments-400ml,1.29
2025-11-08,89068522,GLOW-AND-BEAUTY-Σαμπουάν-Professinal-Aναδόμηση-_-Θρέψη-750ml,2.37
2025-11-08,89068531,GLOW-AND-BEAUTY-Κρέμα-Χεριών-Μέλι-_-Γάλα-200ml,2.37
2025-11-08,89068526,GLOW-AND-BEAUTY-Μάσκα-Professinal-Μπανάνα-_-Μάνγκο-900ml,3.99
2025-11-08,89068682,GLOW-AND-BEAUTY-Αποτριχωτικές-Ταινίες-Σώματος-20τμχ,3.79
2025-11-08,89068722,GLOW-AND-BEAUTY-Κρεμοσάπουνο-Κεράσι-_-Βανίλια-1lt,2.37
2025-11-08,89068171,FA-Αφρόλουτρο-Men-Energy-Boost-750ml,2.89
2025-11-08,89018274,SYOSS-Oleo-Intense-Βαφή-Μαλλιών-Νο4-18-Καστανό-Μαρόν,5.49
2025-11-08,89067684,GLOW-_-BEAUTY-Σαμπουάν-Για-Κανονικά-Μαλλιά-500ml,1.45
2025-11-08,89067682,GLOW-_-BEAUTY-Σαμπουάν-Για-Βαμμένα-Μαλλιά-500ml,1.45
2025-11-08,89067650,SYOSS-Oleo-Βαφή-8-05-Ξανθό-Ανοιχτό-Μπέζ,5.49
2025-11-08,89067298,GLOW-_-BEAUTY-Βαφή-Μαλλιών-Νο5-Καστανό-Ανοιχτό-50ml,2.79
2025-11-08,89067301,GLOW-_-BEAUTY-Βαφή-Μαλλιών-Νο7-44-Έντονο-Χάλκινο-Κόκκινο-50ml,2.79
2025-11-08,89067305,GLOW-_-BEAUTY-Βαφή-Μαλλιών-Νο1-Μαύρο-50ml,2.79
2025-11-08,89067297,GLOW-_-BEAUTY-Βαφή-Μαλλιών-Νο7-Ξανθό-50ml,2.79
2025-11-08,89067195,GLOW-AND-BEAUTY-Νερό-Ντεμακιγιάζ-Micellare-2-Φάσεων-400ml,3.99
2025-11-08,89054352,HANSAPLAST-επιθέματα-Universal-20τεμ-,3.19
2025-11-08,89054351,NIVEA-Κρέμα-Χεριών-75ml,2.99
2025-11-08,89044892,ALWAYS-Dailies-Extra-Protect-Σερβιετάκια-Large-26τεμ-,2.39
2025-11-08,89040040,SANI-Υποσέντονα-Χωρίς-Άρωμα-Maxi-Plus-90x60-15τεμ-,5.59
2025-11-08,89050625,EVERYDAY-Σερβιέτες-Ultra-Plus-Double-Dry-Extra-Long-Economy-Pack-16-τεμ-,3.79
2025-11-08,40502420,COLGATE-Οδοντόκρεμα-Dental-Herbal-75ml,1.49
2025-11-08,89049930,AROMA-Labora-Caviar-Skin-Therapy-Κρέμα-Ημέρας-Spf30-50ml,4.74
2025-11-08,89089084,EVERYDAY-Σερβιέτες-Sensitive-extra-long-18τμχ,3.59
2025-11-08,89096564,GLOW-_-BEAUTY-Κρέμα-Νυχτός-Προσώπου-με-Ιβίσκο-_-Βούτυρο-Καριτέ-50ml,4.99
2025-11-08,89096243,GLOW-_-BEAUTY-Αφρόλουτρο-Jasmine-250ml,1.79
2025-11-08,89088715,GLOW-_-BEAUTY-Σφουγγάρι-Καθαρισμού-Προσώπου-Σταγόνα,2.84
2025-11-08,89096293,ALWAYS-Σερβιέτες-Ultra-Normal-Plus-20τεμ,2.42
2025-11-08,89096339,GLOW-_-BEAUTY-Γαλάκτωμα-Σώματος-Ρόδι-200ml,2.99
2025-11-08,89095829,GLOW-_-BEAUTY-Οδοντόβουρτσα-Μαλακή-Παιδική-με-Θήκη,0.94
2025-11-08,89095786,GLOW-_-BEAUTY-Body-Mist-Violet-Nights-200ml,3.49
2025-11-08,89095760,AROMA-Bio-Κρέμα-Πανθενόλης-5-75ml,2.79
2025-11-08,89095791,GLOW-_-BEAUTY-Body-Butter-με-άρωμα-Macadamia-200ml,2.99
2025-11-08,89095789,GLOW-_-BEAUTY-Body-Mist-Glitter-Peonies-200ml,3.49
2025-11-08,89095718,GLOW-_-BEAUTY-Αφρόλουτρο-Argan-Oil-1000ml,1.89
2025-11-08,89095719,GLOW-_-BEAUTY-Αφρόλουτρο-Mango-1000ml,1.89
2025-11-08,89095437,GLOW-_-BEAUTY-Προσώπου-Pumpkin-Spice-50ml,3.99
2025-11-08,89089146,BIC-Lady-Ξυραφάκι-3-Λεπίδων-Pure-Aloe-6τεμ,3.59
2025-11-08,89089147,BIC-Men-Ξυραφάκι-3-Λεπίδων-Sensitive-Aloe-6τεμ,3.59
2025-11-08,89089127,WET-HANKIES-Μαντηλάκια-Αντιβακτηριδιακά-Lemon-4X15τεμ,1.29
2025-11-08,89084652,GLOW-_-BEAUTY-Κάλυψης-Ρίζας-Σπρέι-Καστανό-100ml,4.74
2025-11-08,89084416,ORAL-B-Ανταλλακτικά-Cross-Action-2τεμ,10.99
2025-11-08,89084667,GLOW-_-BEAUTY-Αφρόλουτρο-Oriental-Spa-500ml,1.8
2025-11-08,89084867,GLOW-_-BEAUTY-Υποσέντονο-90Χ180-Μεγάλο-10τεμ,4.99
2025-11-08,89084311,ΤΑΙ-Ασετόν-με-Λάδι-με-Αντλία-Pump-200ml,2.56
2025-11-08,89079569,SENSODYNE-Οδοντόκρεμα-Repair-_-Protect-75ml,3.99
2025-11-08,89079468,GLOW-_-BEAUTY-Κρεμοσάπουνο-Μοσχολέμονο-Αντλία-500ml,1.19
2025-11-08,89079469,GLOW-_-BEAUTY-Κρεμοσάπουνο-Άγρια-Λουλούδια-Ανταλλακτικό-1lt,1.19
2025-11-08,89078533,OLD-SPICE-Αφρόλουτρο-Nightpanther-400ml,2.79
2025-11-08,89077977,GLOW-_-BEAUTY-Τριχολαβίδα-Εοαγγελματική,3.79
2025-11-08,89078199,GLOW-_-BEAUTY-Oriental-Nights-ECO-2lt,2.84
2025-11-08,89077999,GLOW-_-BEAUTY-Μπαρέττα,2.84
2025-11-08,89078007,GLOW-_-BEAUTY-Παιδική-Σούρα,1.89
2025-11-08,89077991,GLOW-_-BEAUTY-Κλάμερ-Μεσαίο,2.37
2025-11-08,89077970,GLOW-_-BEAUTY-Νυχοκόπτης-Μεγάλος-Ματ-Inox,3.79
2025-11-08,89077996,GLOW-_-BEAUTY-Σούρα,2.37
2025-11-08,89077972,GLOW-_-BEAUTY-Ξύστρα-Φτερνών-Μεταλλική,2.84
2025-11-08,89077995,GLOW-_-BEAUTY-Λαστιχάκια-Σετ,1.89
2025-11-08,89077971,GLOW-_-BEAUTY-Νυχοκόπτης-Μικρός-Ματ-Inox,2.84
2025-11-08,89078008,GLOW-_-BEAUTY-Παιδικά-Κλαμεράκια,1.89
2025-11-08,89078000,GLOW-_-BEAUTY-Βούρτσα-Κυλινδρική-Κλασική,3.79
2025-11-08,89078001,GLOW-_-BEAUTY-Βούρτσα-Κυλινδρική-Αέρος,3.79
2025-11-08,89078013,GLOW-_-BEAUTY-Παιδικό-Χτενάκι,1.89
2025-11-08,89078014,GLOW-_-BEAUTY-Κορδέλα-μαλλιών,1.89
2025-11-08,89078005,GLOW-_-BEAUTY-Παιδικό-Σετ-Βραχιόλι,1.89
2025-11-08,89071014,GLOW-_-BEAUTY-Οδοντόβουρτσα-Soft,0.66
2025-11-08,89070984,GLOW-_-BEAUTY-Βούρτσα-Ξεμπερδέματος-Ελαστική-Μικρή-Ζικ-Ζακ,2.84
2025-11-08,89070838,GLOW-_-BEAUTY-οδοντόβουρτσα-ηλεκτρική-με-2-ανταλλακτικά,5.69
2025-11-08,89070649,GLOW-_-BEAUTY-N10-2-ξανθό-ανοιxτό-σαντρέ-50ml,2.79
2025-11-08,89070527,GLOW-_-BEAUTY-αφρόλουτρο-tropical-senses-750ml,1.99
2025-11-08,89058953,ELVIVE-conditioner-dream-long-300ml,4.69
2025-11-08,89066208,ELVIVE-conditioner-hyaluronic-300ml,4.69
2025-11-08,89070355,GLOW-_-BEAUTY-αφρόλουτρο-βανίλια-750ml,1.99
2025-11-08,89069964,ECONOMY-σερβιέτα-ακράτειας-maxi-plus-10τεμ,3.99
2025-11-08,89070340,FA-deo-spray-invisible-sensitive-150ml,2.39
2025-11-08,89070234,GLOW-_-BEAUTY-lip-balm-for-men-3-8γρ,2.49
2025-11-08,89069967,ECONOMY-σερβιέτα-ακράτειας-extra-plus-12τεμ,2.99
2025-11-08,89069360,GLOW-_-BEAUTY-Αφρόλουτρο-Ορχιδέα-με-αντλία-1lt,2.37
2025-11-08,89069570,GLOW-_-BEAUTY-Βαμβάκι-κομμένο-100gr,0.94
2025-11-08,89069593,PANTENE-Spray-Μαλλιών-για-Πλούσιο-Όγκο-250ml,3.99
2025-11-08,89069246,GLOW-_-BEAUTY-Σαπούνι-Ελαιόλαδο-και-Αλόη-100gr,0.66
2025-11-08,89069243,GLOW-_-BEAUTY-Σαπούνι-Ελαιόλαδο-και-Χαμομήλι-100gr,0.66
2025-11-08,89069415,GLOW-_-BEAUTY-Κολώνια-Modern-Woman-N1-100ml,2.65
2025-11-08,89039018,SYOSS-Root-Retouch-Μαύρο-120ml,5.99
2025-11-08,89019301,PALETTE-Βαφή-Μαλλιών-Semi-Set-N2-Μαύρο,3.39
2025-11-08,89036592,FA-Αποσμητικό-Deo-Spray-Pink-Passion-48h-150ml,2.39
2025-11-08,89036554,Oral-B-Οδοντόβουρτσα-1·2·3-Classic-Care-Μέτρια-2τεμ-,1.99
2025-11-08,89036246,SYOSS-Mousse-Curls-250ml,4.49
2025-11-08,89035959,COLGATE-Οδοντόκρεμα-Family-Action-100ml,1.89
2025-11-08,89033820,PANTENE-Απαλά-_-Μεταξένια-Μάσκα-Για-Άτονα-Φριζαρισμένα-Μαλλιά-300ml,5.99
2025-11-08,89030971,NIVEA-Gel-Καθαρισμού-Προσώπου-Αναζωογονητικό-Κ-Μ-150ml,3.99
2025-11-08,89028142,OLD-SPICE-Whitewater-Αποσμητικό-Σπρέι-Σώματος-Για-Άνδρες-150ml,2.99
2025-11-08,89025049,PALETTE-Βαφή-Μαλλιών-Semi-Set-8-1-Ξανθό-Ανοιχτό-Σαντρε,3.39
2025-11-08,89022302,DUO-Extra-Thin-Extra-Lubricated-Προφυλακτικό-12τμχ-πολύ-λεπτό,8.99
2025-11-08,89022300,DUO-Νatural-Προφυλακτικό-12τμχ-κανονικό,7.36
2025-11-08,89018637,AROMA-Body-Milk-Βio-με-Μέλι-_-Γιαούρτι-300ml,2.99
2025-11-08,89018634,AROMA-Body-Butter-Bio-με-Μέλι-_-Γιαούρτι-200ml,2.99
2025-11-08,89012473,SYOSS-Hairspray-Volume-Lift-400ml,4.89
2025-11-08,89000510,BIC-Metal-Ανδρικά-ξυραφάκια-10-τεμ,4.49
2025-11-08,40901003,ΦΙΛΝΤΙΣΗΣ-Οινόπνευμα-Φωτιστικό-93°-430ml,1.29
2025-11-08,40702080,NOXZEMA-Αποσμητικό-Roll-On-Pilot-50ml,2.99
2025-11-08,40702078,ΝΟΧΖΕΜΑ-Αποσμητικό-Roll-On-Classic-50ml,2.99
2025-11-08,40603405,DETTOL-Κρεμοσάπουνο-Sensitive-Αντιβακτηριδιακό-250ml,2.19
2025-11-08,40602937,FA-Men-Αφρόλουτρο-Energizing-Sport-750ml,2.89
2025-11-08,40403177,BIC-2-Twin-Lady-Ξυραφάκια-5τεμ-,2.59
2025-11-08,40403064,GILLETTE-Blue-II-Plus-Slalom-Ξυραφάκια-μιας-Χρήσης-5τεμ-,4.74
2025-11-08,40403022,BIC-Twin-Easy-Precision-Ξυραφάκια-μιας-Χρήσης-5τεμ-,2.39
2025-11-08,40006237,PALETTE-Βαφή-Μαλλιών-Semi-Set-N5-76-Καστανό-Ανοιχτό-Σοκολατί,3.39
2025-11-08,40006220,PALETTE-Βαφή-Μαλλιών-Semi-Set-N6-65-Ξανθό-Σκούρο-Έντονο-Κόκκινο,3.39
2025-11-08,40006215,PALETTE-Βαφή-Μαλλιών-Semi-Set-N9-Ξανθό-Πολυ-Ανοιχτό,3.39
2025-11-08,40006211,PALETTE-Βαφή-Μαλλιών-Semi-Set-N5-Καστανό-Ανοιχτό,3.39
2025-11-08,89045654,ECONOMY-Χειρουργικές-Μάσκες-μιας-χρήσης-10τεμ-,0.89
2025-11-08,89069153,GLOW-AND-BEAUTY-Σαμπουάν-Provitamin-Classic-360ml,2.29
2025-11-08,89068572,GLOW-AND-BEAUTY-Λάδι-Μαλλιών-με-κερατίνη-100ml,3.79
2025-11-08,89068579,GLOW-AND-BEAUTY-Αποσμητικό-Roll-on-men-50ml,1.69
2025-11-08,89068585,GLOW-AND-BEAUTY-Body-Lotion-Vanilla-Love-250ml,2.99
2025-11-08,89068561,GLOW-AND-BEAUTY-Κρεμοσάπουνο-Μέλι-_-Γάλα-με-αντλία-500ml,1.8
2025-11-08,89068334,GLOW-AND-BEAUTY-Κρεμοσάπουνο-Golden-Touch-400ml,1.42
2025-11-08,89068518,GLOW-_-BEAUTY-Αφρόλουτρο-Choco-Caramel-1lt,2.49
2025-11-08,89068723,GLOW-AND-BEAUTY-Κρεμοσάπουνο-Μέλι-_-Γάλα-1lt,2.37
2025-11-08,89068683,GLOW-AND-BEAUTY-Αποτριχωτικές-Ταινίες-Προσώπου-20τμχ,2.84
2025-11-08,89068097,GILLETTE-Gel-Ξυρίσματος-Regular-200ml,2.79
2025-11-08,89067683,GLOW-_-BEAUTY-Σαμπουάν-Για-Ταλαιπωρημένα-Μαλλιά-500ml,1.45
2025-11-08,89067302,GLOW-_-BEAUTY-Βαφή-Μαλλιών-Νο4-85-Καστανό-Σκούρο-Σοκολάτα-50ml,2.79
2025-11-08,89066980,BIC-Ανταλλακτικά-Hubrid-Flex5-4τμχ,9.98
2025-11-08,89053840,G_B-Σαμπουάν-για-Ευαίσθητα-Μαλλιά-500ml,1.45
2025-11-08,89053830,ELVIVE-Conditioner-Αναδόμησης-Total-Repair-300ml,4.69
2025-11-08,89053526,SANI-Sensitive-Pants-Απορροφητικό-Εσώρουχο-μιας-Χρήσης-Extra-Large-No4-14τεμ-,11.99
2025-11-08,89053390,PARADONT-Οδοντόκρεμα-Active-Fresh-75ml,2.84
2025-11-08,89052553,AROMA-Anti-Spot-Therapy-Bio-για-Κηλίδες-_-Στίγματα-75ml,1.99
2025-11-08,89052554,AROMA-Hand-_-Foot-Therapy-Bio-Κρέμα-για-Αγκώνες-_-Φτέρνες-75ml,1.99
2025-11-08,89051926,AROMA-Hand-_-Nail-Therapy-Bio-Κρέμα-για-Χέρια-_-Νύχια-75ml,1.99
2025-11-08,89051561,ECONOMY-Ταχυεπίδεσμοι-4-Μεγέθοι-20τεμ-,0.99
2025-11-08,89051497,JOHNSON-S-Baby-Μπατονέτες-Βαμβακιού-100τμχ,0.99
2025-11-08,89051476,ECONOMY-Μπατονέτες-Ανταλλακτικό-100τεμ-,0.85
2025-11-08,89049158,ECONOMY-Σερβιετάκια-Ultra-Long-Sensitive-20τεμ-,0.99
2025-11-08,89044960,BIC-Miss-Soleil-Sensitive-Γυναικεία-ξυραφάκια-διαφορα-χρώματα-3-τεμ,3.79
2025-11-08,89047530,SYOSS-Σαμπουάν-Men-Intense-Power-440ml,2.85
2025-11-08,89047491,LE-PETIT-MARSEILLAIS-Nutrition-Karite-και-Μέλι-300ml,2.39
2025-11-08,40901001,VICTOR-Οινόπνευμα-καθαρό-95°-200ml,8.99
2025-11-08,89028284,ECONOMY-Αλκοολούχος-Lotion-70°-425ml,1.99
2025-11-08,89084653,GLOW-_-BEAUTY-Κάλυψης-Ρίζας-Σπρέι-Μαύρο-100ml,4.74
2025-11-08,89084641,GLOW-_-BEAUTY-Κρεμοσάπουνο-Πράσινο-Μήλο-Αντλία-500ml,1.19
2025-11-08,89088477,PANTENE-Κρέμα-Απαλά-_-Μεταξένια-230ml,3.59
2025-11-08,89088474,PANTENE-Σαμπουάν-Classic-Care-400ml,3.45
2025-11-08,89083037,GLOW-_-BEAUTY-Σαμπουάν-Αντιπιτυριδικό-Ξηρά-400ml,2.49
2025-11-08,89084486,AROMATICS-Αφρόλουτρο-Musk-Family-2X650ml,5.89
2025-11-08,89084310,ΤΑΙ-Ασετόν-με-Αντλία-Pump-200ml,2.56
2025-11-08,40502369,AQUAFRESH-Οδοντόκρεμα-3in1-Herbal-75ml,1.59
2025-11-08,89079699,GLOW-_-BEAUTY-Αποσμητικό-Spray-Women-150ml,1.99
2025-11-08,89079700,GLOW-_-BEAUTY-Αποσμητικό-Spray-Men-150ml,1.99
2025-11-08,89078543,ALWAYS-Σερβιέτες-Ultra-Secure-Night-24τεμ,3.99
2025-11-08,89078530,HEAD-_-SHOULDERS-Σαμπουάν-για-Τριχόπτωση-330ml,3.45
2025-11-08,89078198,GLOW-_-BEAUTY-Αφρόλουτρο-White-Flowers-ECO-2lt,2.84
2025-11-08,89077994,GLOW-_-BEAUTY-Στέκα-Μικρή,1.89
2025-11-08,89077987,GLOW-_-BEAUTY-Πινέλο-Ξυρίσματος,2.65
2025-11-08,89078009,GLOW-_-BEAUTY-Παιδικά-Κλικ-Κλακ,1.89
2025-11-08,89078010,GLOW-_-BEAUTY-Παιδική-Κορδέλα,1.89
2025-11-08,89078011,GLOW-_-BEAUTY-Παιδική-Στέκα,1.89
2025-11-08,89077813,GLOW-_-BEAUTY-Οδοντόβουρτσα-Παιδική,0.94
2025-11-08,89070982,GLOW-_-BEAUTY-Βούρτσα-Αστέρι,3.79
2025-11-08,89070985,GLOW-_-BEAUTY-Βούρτσα-Ξεμπερδέματος-Ελαστική-Μικρή-Τετράγωνη,2.84
2025-11-08,89070888,GLOW-_-BEAUTY-ασετόν-με-λάδι-140ml,1.39
2025-11-08,89070644,GLOW-_-BEAUTY-αφρός-ξυρίσματος-men-regular-200ml,1.69
2025-11-08,89070488,GLOW-_-BEAUTY-σερβιετάκια-ultra-long-20τεμ,1.13
2025-11-08,89069413,GLOW-_-BEAUTY-βαζελίνη-φρούτα-του-δάσους-140ml,2.49
2025-11-08,89070459,AROMA-body-butter-avocado-coco-jojo-200ml,2.99
2025-11-08,89069420,GLOW-_-BEAUTY-κολώνια-men-s-style-100ml,2.65
2025-11-08,89070461,AROMA-body-milk-avocado-coco-jojo-300ml,2.99
2025-11-08,89069642,GLOW-_-BEAUTY-Ξυραφάκι-Ανδρικό-3λεπίδων-Μίας-Χρήσης-3τμχ,1.99
2025-11-08,89069899,JOHNSON-μαντηλάκια-make-up-normal,2.25
2025-11-08,89069572,GLOW-_-BEAUTY-Δίσκοι-Ντεμακιγιάζ-Τετράγωνοι-50τμχ,1.42
2025-11-08,89069363,GLOW-_-BEAUTY-Μαλακτική-Κρέμα-για-Βαμμένα-Μαλλιά-500ml,2.29
2025-11-08,89069595,PANTENE-Αφρός-Μαλλιών-Πλούσιος-όγκος-200ml,3.99
2025-11-08,89069355,GLOW-_-BEAUTY-Οδοντόβουρτσα-με-Προστατευτικό-Καπάκι,0.66
2025-11-08,89069412,GLOW-_-BEAUTY-After-shave-lotion-fresh-Water-200ml,2.65
2025-11-08,89069419,GLOW-_-BEAUTY-Κολώνια-Λεμονανθός-200ml,2.65
2025-11-08,89069223,GLOW-_-BEAUTY-Κρεμοσάπουνο-Blue-Sea-300ml,1.13
2025-11-08,89069244,GLOW-_-BEAUTY-Σαπούνι-Ελαιόλαδο-και-Τριαντάφυλλο-100gr,0.66
2025-11-08,89069225,GLOW-_-BEAUTY-Κρεμοσάπουνο-Αντλία-Milk-_-Honey-300ml,1.13
2025-11-08,89069177,PALETTE-Βαφή-Μαλλιών-10-2-Υπέρξανθο-Φυμέ,3.39
2025-11-08,89031033,EVERYDAY-All-Cotton-Σερβιετάκια-Extra-Long-44τμχ,4.99
2025-11-08,89088725,MOND-Μάσκα-Προσώπου-Ενυδατική-με-Άρωμα-Καρπουζιού-23ml,1.49
2025-11-08,89088724,MOND-Μάσκα-Προσώπου-Hydrogel-με-Βιταμίνη-C,1.49
2025-11-08,89088718,MOND-Μάσκα-Προσώπου-Θρέψης-Υφασμάτινη-25ml,1.49
2025-11-08,89089088,SANI-LADY-επιθέματα-ακράτειας-Fresh-20τμχ,5.81
2025-11-08,89089180,ALWAYS-Σερβιετάκια-Protect-Long-52τεμ,3.99
2025-11-08,89075233,PΑRODONTAX-Oδοντόκρεμα-Complete-Protein-White-75ml,3.99
2025-11-08,89084651,LADY-BELLA-Love-Ξηρό-Σαμπουάν-200ml,2.84
2025-11-08,89096244,GLOW-_-BEAUTY-Αφρόλουτρο-Peony-250ml,1.79
2025-11-08,89096245,GLOW-_-BEAUTY-Body-Lotion-Hibiscus-250ml,2.79
2025-11-08,89084668,GLOW-_-BEAUTY-Αφρόλουτρο-Whlite-Musk-500ml,1.8
2025-11-08,89079687,GLOW-_-BEAUTY-Stick-Αμμωνίας-After-Bite-14ml,0.94
2025-11-08,89096247,GLOW-_-BEAUTY-Body-Lotion-Peony-250ml,2.79
2025-11-08,89096208,GLOW-_-BEAUTY-Ανταλλακτικά-Ηλεκτρικής-Οδοντόβουρτσας-4τεμ,4.74
2025-11-08,89096202,GLOW-_-BEAUTY-Σαπούνι-Ελαιόλαδου-100γρ,0.66
2025-11-08,89096343,GLOW-_-BEAUTY-Body-Scrub-Βατόμουρο-200ml,2.99
2025-11-08,89096341,GLOW-_-BEAUTY-Ποδιών-Μπανάνα-100ml,2.49
2025-11-08,89095792,GLOW-_-BEAUTY-Body-Butter-με-άρωμα-White-Musk-200ml,2.99
2025-11-08,89095436,GLOW-_-BEAUTY-Αφρόλουτρο-Pumpkin-Spice-500ml,3.99
2025-11-08,89095591,GLOW-_-BEAUTY-Οδοντόβουρτσα-Diamond-Μέτρια,1.32
2025-11-08,89084604,GLOW-_-BEAUTY-Οδοντόκρεμα-Sensitive-75ml,0.99
2025-11-08,89089120,SEPTONA-Δίσκοι-Ντεμακιγιάζ-Οβάλ-65τεμ,1.87
2025-11-08,89089129,EVERYDAY-Σερβιετάκι-Extra-Dry-Large-50τεμ,4.19
2025-11-08,89084642,GLOW-_-BEAUTY-Κρεμοσάπουνο-Πράσινο-Μήλο-Αντλία-1000ml,1.19
2025-11-08,89036121,OLD-SPICE-Shower-_-Shampoo-Captain-400ml,2.79
2025-11-08,89037444,CAREFREE-Σερβιετάκια-Aloe-Vera-30τεμ,2.59
2025-11-08,89036590,PALETTE-Βαφή-Μαλλιών-Lightening-Browns-N7-65-Λαμπερή-Μόκα,3.39
2025-11-08,89034137,OLD-SPICE-Αφρόλουτρο-Whitewater-400ml,2.79
2025-11-08,89032804,AXE-Αποσμητικό-Spray-Gold-48h-150ml,2.99
2025-11-08,89031553,OB-Ταμπόν-Pro-Comfort-Super-16τεμ-,3.79
2025-11-08,89023174,SYOSS-Hairspray-Keratin-400ml,4.89
2025-11-08,89023043,GLISS-Conditioner-Ultimate-Repair-200ml,2.39
2025-11-08,89019084,AROMA-Cream-shower-Bio-με-Μέλι-_-Γιαούρτι-750ml,2.69
2025-11-08,89013314,SANI-Sensitive-Pants-Απορροφητικό-Εσώρουχο-μιας-Χρήσης-Extra-Medium-No2-14τεμ-,8.99
2025-11-08,89013017,NIVEA-MEN-Deo-BLACK-_-WHITE-Power-Invisible-Roll-on-Αντρικό-50ml,2.79
2025-11-08,89007371,EVERYDAY-Hyperdry-Σερβιέτες-Super-Value-Pack-18τεμ-,2.49
2025-11-08,89006753,NIVEA-Deo-BLACK-_-WHITE-Invisible-Original-Spray-Γυναικείο-150ml,2.99
2025-11-08,89006152,GLISS-Conditioner-Color-Protect-_-Shine-200ml,2.39
2025-11-08,89002251,SYOSS-Hairspray-Max-400ml,4.89
2025-11-08,89000509,BIC-1-Ξυραφάκια-μιας-Χρήσης-10τεμ-,2.89
2025-11-08,89000057,SYOSS-Σαμπουάν-Intense-Volume-750ml,3.99
2025-11-08,89000056,SYOSS-Σαμπουάν-Intense-Color-750ml,3.99
2025-11-08,40701152,ΝΟΧΖΕΜΑ-Αποσμητικό-Deo-Spray-Classic-24h-150ml,3.49
2025-11-08,40602289,FA-Αφρόλουτρο-Vanilla-Yoghurt-750ml,2.89
2025-11-08,40403010,GILLETTE-Blue-II-Ξυραφάκια-μιας-Χρήσης-5τεμ-,2.99
2025-11-08,40401070,NIVEA-Men-Αφρός-Ξυρίσματος-Sensitive-0-Αλκοόλ-200ml,2.85
2025-11-08,40303069,NIVEA-MEN-After-Shave-Sensitive-Balm-100ml,6.05
2025-11-08,40111001,NIVEA-Eνυδατικό-Γαλάκτωμα-Καθαρισμού-Κ-Μ-200ml,3.99
2025-11-08,40103037,LIPOSAN-Balm-Χειλιών-Original-Care-4-8gr,2.89
2025-11-08,40006219,PALETTE-Βαφή-Μαλλιών-Semi-Set-N10-1-Κατάξανθο-Σαντρέ,3.39
2025-11-08,30302201,EVERYDAY-All-Cotton-Σερβιετάκια-Normal-20τεμ-,1.59
2025-11-08,30301301,EVERYDAY-Sensitive-Σερβιέτες-Maxi-Night-10τεμ-,1.99
2025-11-08,89037897,NIVEA-Deo-Roll-On-Men-Dry-Impact-50ml,2.79
2025-11-08,89037556,GILLETTE-Mach-3-Μηχανή-2Τ-Ανταλλακτικά,8.99
2025-11-08,89015565,ECONOMY-Κρεμοσάπουνο-Ocean-1lt-,1.7
2025-11-08,89030987,ECONOMY-Πάνες-Ακράτειας-Medium-No2-15τεμ-,4.99
2025-11-08,89015537,ECONOMY-Σερβιέτες-Ultra-Regular-με-Φτερά-10τεμ-,0.99
2025-11-08,89069099,GLOW-AND-BEAUTY-Μαλακτική-Κρέμα-για-Βαμμένα-Μαλλιά-750ml,2.37
2025-11-08,89068553,GLOW-_-BEAUTY-Αφρόλουτρο-Musk-1000ml,2.49
2025-11-08,89068333,GLOW-AND-BEAUTY-Κρεμοσάπουνο-Exotic-Senses-400ml,1.29
2025-11-08,89068528,GLOW-AND-BEAUTY-Μάσκα-Κόκκοι-Αναδόμησης-500ml,3.99
2025-11-08,89068679,GLOW-AND-BEAUTY-Σαπούνι-Aloe-Vera-90gr,0.49
2025-11-08,89067303,GLOW-_-BEAUTY-Βαφή-Μαλλιών-Νο9-Ξανθό-Πολύ-Ανοιχτό-50ml,2.79
2025-11-08,89053839,G_B-Αφρόλουτρο-Κόκκινα-Μούρα-750ml,1.99
2025-11-08,89053829,ELVIVE-Conditioner-Color-Vive-300ml,4.69
2025-11-08,89051045,BIC-Click-3-Soleil-Sensitive-γυναικείο-σετ-ξυρίσματος-με-1-λαβή-από-30-ανακυκλωμένο-πλαστικό-και-2-ανταλλακτικά-τριών-λεπίδων-1-2-τεμ,3.89
2025-11-08,89050626,EVERYDAY-Σερβιέτες-Ultra-Plus-Hyperdry-Maxi-NIght-Economy-Pack-16τεμ-,3.19
2025-11-08,89049928,PARADONT-Active-Οδοντόκρεμα-με-Ενεργό-Άνθρακα-75ml,2.84
2025-11-08,89049742,GLISS-Σαμπουάν-Split-Hair-400ml,2.89
2025-11-08,89049157,ECONOMY-Σερβιέτες-Ultra-Night-Sensitive-10τεμ-,1.39
2025-11-08,89049156,ECONOMY-Σερβιέτες-Ultra-Regular-Sensitive-10τεμ-,1.39
2025-11-08,89049155,ECONOMY-Σερβιετάκια-Ultra-Long-20τεμ-,0.99
2025-11-08,89047534,SYOSS-Κρέμα-Μαλλίων-Intense-Keratin-440ml,3.39
2025-11-08,89047477,BOROTALCO-Αποσμητικό-Spray-Original-48h-150ml,2.99
2025-11-08,89096577,PALMOLIVE-Σαπούνι-Milk-_-Honey-4Χ90γρ,2.4
2025-11-08,89082807,GLOW-_-BEAUTY-Κορδόνι-Γυαλιών-Διάφορα-Χρώματα,0.99
2025-11-08,89084650,LADY-BELLA-Summer-Ξηρό-Σαμπουάν-200ml,2.84
2025-11-08,89084467,GLOW-_-BEAUTY-Υποσέντονο-60Χ90-15τμχ,4.49
2025-11-08,89096484,GLOW-_-BEAUTY-Κρέμα-Χεριών-και-Σώματος-Peony-80ml,1.59
2025-11-08,89096338,GLOW-_-BEAUTY-Γαλάκτωμα-Σώματος-Κανέλα-200ml,2.99
2025-11-08,89096405,GLOW-_-BEAUTY-Σαμπουάν-για-Όλους-τους-Τύπους-Μαλλιών-250ml,1.99
2025-11-08,89096404,GLOW-_-BEAUTY-Σαμπουάν-Ξηρά-Ταλαιπωρημένα-250ml,1.99
2025-11-08,89095951,GLOW-_-BEAUTY-Οδοντόβουρτσα-Travel-Αναδιπλούμενη,0.94
2025-11-08,89096064,GLOW-_-BEAUTY-Μεσοδόντια-Βουρτσάκια-Καθαρισμού-5τεμ,1.89
2025-11-08,89095785,GLOW-_-BEAUTY-Body-Mist-Exotic-Touch-200ml,3.49
2025-11-08,89095930,POM-PON-Μαντηλάκια-Ντεμακιγιάζ-Gold-2X20τεμ,3.69
2025-11-08,89088894,GLOW-_-BEAUTY-Σαπούνι-Ελαιόλαδου-με-Άρωμα-Μαστίχα-100γρ,0.85
2025-11-08,89088892,GLOW-_-BEAUTY-Σαπούνι-Ελαιόλαδου-με-Άρωμα-Σύκο-100γρ,0.85
2025-11-08,89095673,DETTOL-Σαπούνι-Sensitive-4X100gr,2.89
2025-11-08,89089090,GLISS-Σαμπουάν-Silk-για-Θαμπά-Μαλλιά-400ml,2.89
2025-11-08,89080917,SENSODYNE-Οδοντόκρεμα-Repair-_-Proteck-75ml,3.99
2025-11-08,89084415,ORAL-B-Οδοντόκρεμα-3DW-Artic-Fresh-75ml,1.99
2025-11-08,89088479,PANTENE-Κρέμα-Classic-Care-230ml,3.59
2025-11-08,89088478,PANTENE-Κρέμα-Αναδόμησης-230ml,3.59
2025-11-08,89084484,ΑΡΚΑΔΙ-Σαπούνι-Λευκό-Family-Pack-4X150γρ,2.99
2025-11-08,89082576,GLOW-_-BEAUTY-Οδοντικό-Νήμα-με-Λαβή-50τεμ,1.8
2025-11-08,89079568,SENSODYNE-Οδοντόκρεμα-Extra-Fresh-75ml,3.49
2025-11-08,89043664,PARADONTAX-Οδοντόκρεμα-Complet-Xtra-Fresh-75ml,3.99
2025-11-08,89044896,AQUAFRESH-Οδοντόκρεμα-Fresh-_-Minty-2X75ml,1.89
2025-11-08,89079527,GLOW-_-BEAUTY-Οδοντόβουρτσα-Medium-Family-Pack-4τεμ,1.51
2025-11-08,89079467,GLOW-_-BEAUTY-Κρεμοσάπουνο-Άγρια-Λουλούδια-Αντλία-500ml,1.19
2025-11-08,89078541,ALWAYS-Σερβιέτες-Ultra-Long-Plus-36τεμ,3.99
2025-11-08,89077983,GLOW-_-BEAUTY-Καθρεφτάκι-Τσάντας,3.79
2025-11-08,89077967,GLOW-_-BEAUTY-Τριχολαβίδα-Κανονική,1.89
2025-11-08,89077988,GLOW-_-BEAUTY-Τεχνητά-Νύχια-Γαλλικό,2.84
2025-11-08,89077989,GLOW-_-BEAUTY-Σφουγγαράκια-Μακιγιάζ,2.84
2025-11-08,89077986,GLOW-_-BEAUTY-Μπωλ-_-Πινέλο-Βαφής-Μαλλιών-Σετ,2.84
2025-11-08,89077997,GLOW-_-BEAUTY-Τσιμπιδάκι-_-Κλικ-Κλακ,1.89
2025-11-08,89078002,GLOW-_-BEAUTY-Βούρτσα-Λεπτή-Αέρος,3.79
2025-11-08,89077981,GLOW-_-BEAUTY-Λίμα-Χάρτινη,1.89
2025-11-08,89078017,GLOW-_-BEAUTY-Χτενάκι-2τεμ,2.84
2025-11-08,89077976,GLOW-_-BEAUTY-Τριχολαβίδα-Λοξή-Μύτη,1.89
2025-11-08,89077982,GLOW-_-BEAUTY-Εργαλείο-Βλεφαρίδων,3.79
2025-11-08,89078104,GLOW-_-BEAUTY-Παιδική-Ηλεκτρική-Οδοντόβουρτσα,3.79
2025-11-08,89077979,GLOW-_-BEAUTY-Λίμες-Χάρτινες-Σετ-10τεμ,2.84
2025-11-08,89078015,GLOW-_-BEAUTY-Λαστιχάκια-Ψείρες,1.89
2025-11-08,89070854,GLOW-_-BEAUTY-κρεμοσάπουνο-ανταλλακτικό-oriental-400ml,0.99
2025-11-08,89070980,GLOW-_-BEAUTY-Βούρτσα-Ξεμπερδέματος-Αέρος,3.79
2025-11-08,89070986,GLOW-_-BEAUTY-Παιδική-Βούρτσα-Μικρή,3.79
2025-11-08,89070689,ALWAYS-σερβιέτες-ultra-long-plus-18τεμ,2.42
2025-11-08,89070691,ALWAYS-σερβιέτες-ultra-secure-night-12τεμ,2.49
2025-11-08,89070646,GLOW-_-BEAUTY-βαφή-N3-σκούρο-καστανό-50ml,2.79
2025-11-08,89070648,GLOW-_-BEAUTY-N7-35-καστανό-μπρονζέ-50ml,2.79
2025-11-08,40501010,LISTERINE-στοματικό-διάλυμα-total-care-500ml,4.08
2025-11-08,89070455,AROMA-αφρόλουτρο-avocado-coconut-750ml,2.69
2025-11-08,89070425,TAFT-styling-gel-power-holds-150ml,2.99
2025-11-08,89070358,GLOW-_-BEAUTY-κρεμοσάπουνο-milk-_-honey-500ml,1.23
2025-11-08,89070336,GLOW-_-BEAUTY-ταμπόν-super-0-χλώριο-12τεμ,2.84
2025-11-08,89070280,ECONOMY-Υγρομάντηλα-Ενηλίκων-56τεμ,1.8
2025-11-08,89070236,GLOW-_-BEAUTY-προφυλακτικά-λεπτά-6τεμ,3.79
2025-11-08,89070231,GLOW-_-BEAUTY-lip-balm-argan-oil-3-8γρ,2.49
2025-11-08,89070233,GLOW-_-BEAUTY-lip-_-balm-φρούτα-3-8γρ,2.49
2025-11-08,89070232,GLOW-_-BEAUTY-lip-balm-classic-3-8γρ,2.49
2025-11-08,89069968,ECONOMY-σερβιέτα-ακράτειας-extra-12τεμ,2.99
2025-11-08,89069819,SYOSS-πηλός-μαλλιών-clay-matt-100ml,4.49
2025-11-08,89069357,GLOW-_-BEAUTY-Αφρόλουτρο-Πούδρα-με-αντλία-1lt,2.37
2025-11-08,89069594,PANTENE-Spray-Μαλλιών-Δυνατό-Κράτημα-250ml,3.99
2025-11-08,89069094,GLOW-_-BEAUTY-Μαλακτικό-Λάδι-για-μούσι-50ml,2.99
2025-11-08,89069162,GLOW-_-BEAUTY-Κρέμα-Χεριών-με-Αλόη-200ml,2.37
2025-11-08,89069163,GLOW-_-BEAUTY-Γυναικείο-Άρωμα-Caramel-Twist-100ml,2.37
2025-11-08,89069418,GLOW-_-BEAUTY-Κολώνια-Λεβάντα-200ml,2.65
2025-11-08,89039017,SYOSS-Root-Retouch-Καστανό-Σκούρο-120ml,5.99
2025-11-08,89023171,SYOSS-OLEO-Βαφή-Μαλλιών-5-86-Μόκα,5.49
2025-11-08,89033564,NIVEA-MEN-Deo-Deep-Roll-on-Ανδρικό-50ml,2.79
2025-11-08,89032541,AROMA-Body-Milk-Βio-με-Αλόη-_-Ρόδι-300ml,2.99
2025-11-08,89024110,FA-Αποσμητικό-Roll-On-Invisible-Power-48h-50ml,2.19
2025-11-08,89023166,PALETTE-Βαφή-Μαλλιών-Lightening-Browns-N6-68-Εντυπωσιακό-Σοκολατί,3.39
2025-11-08,89022297,HANSAPLAST-Universal-Ταχυεπίδεσμοι-Αδιάβροχοι-10τεμ-,1.99
2025-11-08,89021887,PANTENE-Αναδόμηση-_-Προστασία-Μάσκα-Για-Αδύναμα-Και-Ταλαιπωρημένα-Μαλλιά-300ml,5.99
2025-11-08,89019302,PALETTE-Βαφή-Μαλλιών-Semi-Set-Ν4-26-Δαμασκηνί,3.39
2025-11-08,89018633,AROMA-Body-Butter-Bio-με-Ελαιόλαδο-_-Βάλσαμο-200ml,2.99
2025-11-08,89013315,SANI-Sensitive-Pants-Απορροφητικό-Εσώρουχο-μιας-Χρήσης-Large-No3-14τεμ-,9.99
2025-11-08,89006306,PALETTE-Βαφή-Μαλλιών-Semi-Set-N3-Καστανό-Σκούρο,3.39
2025-11-08,40904013,DUREX-Προφυλακτικά-Sensitive-12τεμ-,10.49
2025-11-08,40902067,HANSAPLAST-Universal-Ταχυεπίδεσμοι-Αδιάβροχοι-4-Μεγέθη-20τεμ-,2.99
2025-11-08,40006214,PALETTE-Βαφή-Μαλλιών-Semi-Set-N8-Ξανθό-Ανοιχτό,3.39
2025-11-08,40001643,JOHNSON-S-Baby-Σαμπουάν-300ml,1.89
2025-11-08,30304023,OB-Ταμπόν-Pro-Comfort-Normal-16τεμ,3.79
2025-11-08,89022280,LACTACYD-Sensitive-Lotion-Καθαρισμού-Ευαίσθητης-Περιοχής-200ml,3.65
2025-11-08,89027792,ECONOMY-Υποσέντονα-60x90cm-15τεμ-,3.67
2025-11-08,89023755,ECONOMY-Αλκοολούχος-Lotion-70°-245ml,1.42
2025-11-08,89069093,GLOW-AND-BEAUTY-Ασετόν-με-Λάδι-250ml,1.8
2025-11-08,89069155,GLOW-AND-BEAUTY-Σαμπουάν-Provitamin-Repair-360ml,2.29
2025-11-08,89069088,ECONOMY-Εσώρουχο-Ακράτειας-Ν2-Medium-14τμχ,5.99
2025-11-08,89069081,GLOW-AND-BEAUTY-Ανδρικό-Άρωμα-Feaver-100ml,2.37
2025-11-08,89068576,GLOW-AND-BEAUTY-Λοσιόν-Καθαρισμού-Προσώπου-250ml,2.37
2025-11-08,89053168,NEUTRO-ROBERTS-Αφρόλουτρο-Ενυδατικό-600ml,2.99
2025-11-08,89068573,GLOW-AND-BEAUTY-Gel-Μαλλιών-Extra-Strong-250ml,1.99
2025-11-08,89068584,GLOW-AND-BEAUTY-Body-Lotion-Magnolia-250ml,2.99
2025-11-08,89068497,GLOW-AND-BEAUTY-Σερβιέτα-Ελαφράς-Ακράτειας-Super-10τμχ,3.32
2025-11-08,89068524,GLOW-AND-BEAUTY-Σαμπουάν-Professional-Για-Βαμμένα-750ml,2.37
2025-11-08,89068496,GLOW-AND-BEAUTY-Σερβιέτα-Ελαφράς-Ακράτειας-Extra-10τμχ,3.32
2025-11-08,89068517,GLOW-AND-BEAUTY-Αφρόλουτρο-Relax-Moments-1lt,2.49
2025-11-08,89067306,GLOW-_-BEAUTY-Βαφή-Μαλλιών-Νο8-Ξανθό-Ανοιχτό-50ml,2.79
2025-11-08,89067307,GLOW-_-BEAUTY-Βαφή-Μαλλιών-Νο6-Ξανθό-Σκούρο-50ml,2.79
2025-11-08,89067304,GLOW-_-BEAUTY-Βαφή-Μαλλιών-Νο7-1-Ξανθό-Σαντρέ-50ml,2.79
2025-11-08,89066979,BIC-Σετ-Ξυρίσματος-Hybrid-5-Flex-Λαβή-2-Ανταλλακτικά-1τμχ,6.79
2025-11-08,89054344,NIVEA-Αποσμητικό-Spray-Talc-Sensation-150ml,2.99
2025-11-08,89053391,PARADONT-Οδοντόκρεμα-Active-White-75ml,2.84
2025-11-08,89053214,DERMOMED-Αφρόλουτρο-Αμύγδαλο-Gel-1lt,2.99
2025-11-08,89053213,DERMOMED-Αφρόλουτρο-Talc-Gel-1lt,2.99
2025-11-08,89051813,ECONOMY-Μάσκα-Προστασίας-Μαύρη-10τεμ-,0.89
2025-11-08,89051560,ECONOMY-Ταχυεπίδεσμοι-Παιδικοί-15τεμ-,1.23
2025-11-08,89051559,ECONOMY-Ταχυεπίδεσμοι-Αδιάβροχοι-15τεμ-,0.99
2025-11-08,89051046,BIC-Click-Soleil-3-Sensitive-Ανταλλακτικές-Κεφαλές-Ξυρίσματος-4τεμ-,5.45
2025-11-08,89050621,WET-HANKIES-Αντιβακτηριδιακά-Μαντηλάκια-Extra-Safe-κατά-του-Covid-19-63τεμ-,2.39
2025-11-08,89050427,COVER-Μάσκα-Προστασίας-FFP2-Μαύρη,0.49
2025-11-08,89049932,AROMA-Caviar-Κρέμα-Νυχτός-50ml,4.74
2025-11-08,89045913,BIC-5-Flex-Ξυραφάκια-μιας-Χρήσης-3τεμ-,7.55
2025-11-08,89047490,LE-PETIT-MARSEILLAIS-Conditioner-Σαμπουάν-Κρεμώδες-με-Βιολογικό-Μέλι-Προβηγκίας-_-Καριτέ-για-Ξηρά-Ταλαιπωρημένα-Μαλλιά-300ml,2.19
2025-11-08,89047416,ECONOMY-Μαντηλάκια-Ήπια-Αντισηπτικά-30τεμ-,0.99
2025-11-08,89046651,SYOSS-OLEO-Βαφή-Μαλλιών-8-60-Ξανθό-Ανοιχτό-Χρυσό,5.49
2025-11-08,89046649,SYOSS-OLEO-Βαφή-Μαλλιών-6-80-Ξανθό-Σοκολατί,5.49
2025-11-08,89084654,GLOW-_-BEAUTY-Κάλυψης-Ρίζας-Σπρέι-Ξανθό-100ml,4.74
2025-11-08,89088471,PANTENE-Σαμπουάν-Πλούσιος-Όγκος-400ml,3.45
2025-11-08,89088475,PANTENE-Conditioner-3min-αναδόμηση-220ml,5.49
2025-11-08,89088476,PANTENE-Κρέμα-Χρώμα-_-Προστασία-230ml,3.59
2025-11-08,89079566,AQUAFRESH-Οδοντόβουρτσα-Interdental-Med,1.49
2025-11-08,89078594,BIC-Soleil-Γυναικείο-Ξυραφάκι-Lavender-3-λεπίδες-3τεμ,4.59
2025-11-08,89077998,GLOW-_-BEAUTY-Τσιμπίδα-Μεγάλη,1.89
2025-11-08,89077990,GLOW-_-BEAUTY-Κλάμερ-Κομμωτηρίου,2.84
2025-11-08,89077993,GLOW-_-BEAUTY-Στέκα-Διάφορα-Σχέδια,2.84
2025-11-08,89078016,GLOW-_-BEAUTY-Βραχιόλι-Μόδας,1.89
2025-11-08,89078004,GLOW-_-BEAUTY-Βούρτσα-Κλασική,3.79
2025-11-08,89077975,GLOW-_-BEAUTY-Ελαφρόπετρα,1.8
2025-11-08,89077974,GLOW-_-BEAUTY-Πενσοκόφτης,8.54
2025-11-08,89078012,GLOW-_-BEAUTY-Παιδικά-Τσιμπιδάκια,1.89
2025-11-08,89078006,GLOW-_-BEAUTY-Παιδικά-Λαστιχάκια,1.89
2025-11-08,89077984,GLOW-_-BEAUTY-Βλεφαρίδες-Ψεύτικες,1.89
2025-11-08,89077980,GLOW-_-BEAUTY-Λίμα-Τετράγωνη,2.84
2025-11-08,89077978,GLOW-_-BEAUTY-Λίμα-Γυάλινη,2.84
2025-11-08,89077973,GLOW-_-BEAUTY-Τρίφτης-Φτερνών,3.79
2025-11-08,89077812,GLOW-_-BEAUTY-Οδοντόβουρτσα-Ξύλινη-Οικολογική,1.8
2025-11-08,89070853,GLOW-_-BEAUTY-κρεμοσάπουνο-ανταλλακτικό-exotic-sense-400ml,0.99
2025-11-08,89070852,GLOW-_-BEAUTY-κρεμοσάπουνο-ανταλλακτικό-gold-touch-400ml,0.99
2025-11-08,89069656,OLD-SPICE-Deo-Stick-Whitewater-50ml,2.99
2025-11-08,89071141,EVERYDAY-Υγρό-Ευαίσθητης-Περιοχής-Freshcare-250ml,3.29
2025-11-08,89070981,GLOW-_-BEAUTY-Παιδική-Βούρτσα-Οβάλ-Σχέδια,3.79
2025-11-08,89070887,GLOW-_-BEAUTY-85-για-ημιμόνιμο-140ml,1.39
2025-11-08,89070686,GLOW-_-BEAUTY-οδοντόβουρτσα-μέτρια,0.66
2025-11-08,89060185,DETTOL-κρεμοσάπουνο-λεβάντα-refill-500ml,2.49
2025-11-08,89070647,GLOW-_-BEAUTY-βαφή-Ν4-καστανό-50ml,2.79
2025-11-08,89070356,GLOW-_-BEAUTY-ήπιο-αντισηπτικό-gel-λεμόνι-110ml,0.99
2025-11-08,89070632,GLOW-_-BEAUTY-κρεμοσάπουνο-almond-_-vanilla-500ml,1.23
2025-11-08,89018207,EVERYDAY-σερβιέτες-maxi-night-ultra-18τεμ,2.49
2025-11-08,89069091,GLOW-_-BEAUTY-ευαίσθητης-περιοχής-χαμομήλι-200ml,1.99
2025-11-08,89070489,GLOW-AND-BEAUTY-ultra-super-night-10τεμ,1.32
2025-11-08,89070490,GLOW-_-BEAUTY-σερβιέτες-ultra-regular-10τεμ,1.32
2025-11-08,89070335,GLOW-_-BEAUTY-ταμπόν-normal-0-χλώριο-12τεμ,2.84
2025-11-08,89070190,GLOW-_-BEAUTY-οδοντόβουρτσα-σκληρή-hard,0.66
2025-11-08,89069900,JOHNSON-αφρόλουτρο-honey-_-yogurt-750ml,2.69
2025-11-08,89069901,JOHNSON-αφρόλουτρο-peach-_-yogurt-750ml,2.69
2025-11-08,89069898,LE-PETIT-MARSEILLAIS-αφρόλουτρο-almond-650ML,2.69
2025-11-08,89069571,GLOW-_-BEAUTY-Στρογγυλοί-Δίσκοι-Ντεμακιγιάζ-80τμχ,0.99
2025-11-08,89069591,GILLETTE-Mach-3-Ανταλλακτικά-5τμχ,15.49
2025-11-08,89069356,GLOW-_-BEAUTY-Παιδικό-Σαμπουάν-με-Χαμομήλι-750ml,1.89
2025-11-08,89069416,GLOW-_-BEAUTY-Κολώνια-Modern-Woman-N2-100ml,2.65
2025-11-08,89088726,MOND-Μάσκα-Προσώπου-Υφασμάτινη-με-Βιταμίνες-Ε-25ml,1.49
2025-11-08,89088556,ELIVE-Σαμπουάν-για-Θαμπά-και-Πορώδη-Μαλλιά-200ml,6.79
2025-11-08,89039971,COLGATE-Οδοντόκρεμα-Triple-Action-100ml,1.89
2025-11-08,89096566,GLOW-_-BEAUTY-Γαλάκτωμα-Καθαρισμού-Προσώπου-200ml,4.74
2025-11-08,89096576,PALMOLIVE-Σαπούνι-Αμύγδαλο-4Χ90γρ,2.4
2025-11-08,89096565,GLOW-_-BEAUTY-Αντιρυτιδική-Κρέμα-Προσώπου-με-Εκχύλισμα-Φυκιών-_-Βούτυρο-Καριτέ-50ml,4.99
2025-11-08,89082802,GLOW-_-BEAUTY-Γυαλιά-Πρεσβυωπίας-1,4.99
2025-11-08,89096485,GLOW-_-BEAUTY-Κρέμα-Χεριών-και-Σώματος-Hibiscus-80ml,1.59
2025-11-08,89096242,GLOW-_-BEAUTY-Αφρόλουτρο-Hibiscus-250ml,1.79
2025-11-08,89096342,GLOW-_-BEAUTY-Body-Scrub-Καρύδα-200ml,2.99
2025-11-08,89095928,LE-PETIT-MARSEILLAIS-Μάσκα-Μαλλιών-Nutrition-Karite-370ml,4.99
2025-11-08,89089085,EVERYDAY-Σερβιέτες-Fresh-Maxi-Night-18τεμ,2.99
2025-11-08,89095720,GLOW-_-BEAUTY-Αφρόλουτρο-Shea-Butter-1000ml,1.89
2025-11-08,89095435,GLOW-_-BEAUTY-Gel-Καθαρισμού-Προσώπου-Pumpkin-Spice-200ml,3.79
2025-11-08,89089258,EVERYDAY-Υγρομάντηλα-Ευαίσθητης-Περιοχής-15τεμ,1.39
2025-11-08,89089148,BIC-Ξυραφάκια-3-Λεπίδων-Flex-Classic-4τεμ,3.49
2025-11-08,89089125,TIPERS-Natura-Ωτοκαθαριστές-300τεμ,1.59
2025-11-08,89089126,WET-HANKIES-Μαντηλάκια-Αντιβακτηριδιακά-4Χ15τεμ,1.29
2025-11-08,89018273,SYOSS-OLEO-Βαφή-Μαλλιών-6-10-Ξανθό-Σκούρο,5.49
2025-11-08,89018270,SYOSS-OLEO-Βαφή-Μαλλιών-7-10-Φυσικό-Ξανθό,5.49
2025-11-08,89024108,FA-Men-Αποσμητικό-Roll-On-Sport-Energy-Boost-72h-50ml,2.19
2025-11-08,89040348,NIVEA-Deo-Roll-On-Perl-_-Beauty-Γυναικείο-50ml,2.79
2025-11-08,89037446,CAREFREE-Σερβιετάκια-Flexiform-Fresh-30τεμ-26τεμ-Δώρο,2.89
2025-11-08,89036593,FA-Αποσμητικό-Roll-On-Pink-Passion-48h-50ml,2.19
2025-11-08,89036238,SYOSS-Root-Retoucher-Καστανό-120ml,5.99
2025-11-08,89035413,ALWAYS-Platinum-2-Σερβιέτες-Super-Plus-14τεμ-,2.49
2025-11-08,89023175,FA-Αφρόλουτρο-Passion-Flower-750ml,2.89
2025-11-08,89019824,EVERYDAY-Σερβιέτες-Sensitive-with-Cotton-SUPER-Ultra-Plus-Value-Pack-18-τεμ-,2.89
2025-11-08,89019823,EVERYDAY-All-Cotton-Σερβιετάκια-Normal-30τεμ-,2.19
2025-11-08,89018639,AROMA-Bio-Κρέμα-Χεριών-με-Ελαιόλαδο-_-Βάλσαμο-200ml,2.79
2025-11-08,89018271,SYOSS-Βαφή-Μαλλίων-Ξανθό-Φωτεινό-9-10,5.49
2025-11-08,89017562,SYOSS-Σαμπουάν-Intense-Keratin-750ml,3.99
2025-11-08,89011013,EVERYDAY-Σερβιετάκια-Extra-Dry-Extra-Long-24τεμ-,2.49
2025-11-08,89007367,ELVIVE-Σαμπουάν-Δράση-Αργινίνης-400ml,4.69
2025-11-08,89006754,NIVEA-Deo-BLACK-_-WHITE-Invisible-Original-Roll-On-Γυναικείο-50ml,2.79
2025-11-08,89005508,GLISS-Σαμπουάν-Ultimate-Repair-400ml,2.89
2025-11-08,89003114,ELVIVE-Σαμπουάν-Ολική-Αναδόμηση-5-400ml,4.69
2025-11-08,89000055,SYOSS-Σαμπουάν-Intense-Repair-750ml,3.99
2025-11-08,40904028,DUREX-Προφυλακτικά-Classic-12τεμ-,8.99
2025-11-08,40702299,NEUTRO-ROBERTS-Aποσμητικό-Roll-on-Powder-Fresh-50ml,2.99
2025-11-08,40702079,NOXZEMA-Αποσμητικό-Roll-On-Memories-48h-50ml,2.99
2025-11-08,40701049,AXE-Αποσμητικό-Spray-Dark-Temptation-48h-150ml,2.99
2025-11-08,40403136,GILLETTE-Venus-Ανταλλακτικές-Κεφαλές-Ξυρίσματος-4τεμ-,12.49
2025-11-08,40401026,NIVEA-MEN-Gel-Ξυρίσματος-Sensitive-200-ml,3.83
2025-11-08,40101031,NIVEA-Ενυδατική-Κρέμα-Σώματος-150ml,4.29
2025-11-08,40008237,GLISS-Σαμπουάν-Color-Protect-_-Shine-400ml,2.89
2025-11-08,40006217,PALETTE-Βαφή-Μαλλιών-Semi-Set-N1-Μαύρο-Μπλε,3.39
2025-11-08,40006212,PALETTE-Βαφή-Μαλλιών-Semi-Set-N6-Ξανθό-Σκούρο,3.39
2025-11-08,40006210,PALETTE-Βαφή-Μαλλιών-Semi-Set-N4-Καστανό,3.39
2025-11-08,89046275,SANI-Sensitive-Lady-Σερβιέτες-Ακράτειας-Extra-No4-16τεμ-,4.74
2025-11-08,89021484,ECONOMY-Βαμβάκι-100gr,1.09
2025-11-08,89095467,CAJOLINE-Μαλακτικό-Blue-Fresh-28μεζ,2.48
2025-11-08,89095466,CAJOLINE-Μαλακτικό-Ορχιδέα-_-Σανδαλόξυλο-28μεζ,2.48
2025-11-08,20903013,DUCK-3in1-WC-Block-Τουαλέτας-σε-Θήκη-με-άρωμα-Πεύκο-40gr,1.19
2025-11-08,89017249,GLADE-Ανταλλακτικό-Αρωματικό-Αυτόματης-Συσκευής-Ψεκασμού-Relaxing-1-τεμ,4.99
2025-11-08,89022961,KLINEX-Υγρό-Καθαριστικό-Πατώματος-Λεβάντα-Χωρίς-Χλώριο-1lt,1.98
2025-11-08,89037455,GLADE-Ανταλλακτικό-Ηλεκτρικού-Αρωματικού-Vanilla-20ml,3.99
2025-11-08,89024181,ROL-Απορρυπαντικό-Ρούχων-σε-Σκόνη-για-Πλύσιμο-στο-Χέρι-380gr,1.24
2025-11-08,89084485,ΑΡΚΑΔΙ-Υγρό-Ρούχων-_-Μαλακτικό-2σε1-32μεζ,6.49
2025-11-08,89024182,ROLI-Pine-Fresh-Σκόνη-Γενικού-Καθαρισμού-Πεύκο-500gr,1.09
2025-11-08,89045313,GLADE-Αρωματικό-Χώρου-Σέτ-Σπρέι-Bali-Sandalwood-_-Jasmine-269ml,6.57
2025-11-08,89095925,ΕΥΡΗΚΑ-Χρωμοσυλλέκτης-Color-Block-20φύλλων,2.24
2025-11-08,89079610,ΕΥΡΗΚΑ-Υγρό-Μασσαλίας-Λεβάντα-870ml-21μεζ,3.33
2025-11-08,89046464,ΕΥΡΗΚΑ-Υγρό-Απορρυπαντικό-Baby-950ml,4.38
2025-11-08,89096457,ROL-Χωριό-Μαλακτικό-Συμπυκνωμένο-45μεζ,2.79
2025-11-08,89096458,ROL-Καλντέρα-Μαλακτικό-Συμπυκνωμένο-45μεζ,2.79
2025-11-08,89096182,PLANET-Υγρό-Πάτων-Blue-Hygiene-425ml,1.3
2025-11-08,89096183,PLANET-Υγρό-Πιάτων-Blue-Hygiene-900ml,2.3
2025-11-08,89089117,BIONOL-Πολυκαθαριστικό-Spray-600ml,2.63
2025-11-08,89069743,AROXOL-σκοροκτόνα-χαρτάκια-20τεμ,2.6
2025-11-08,89082577,ECONOMY-Σκόνη-Πλυντηρίου-Spring-Fresh-12μεζ-840γρ,1.59
2025-11-08,89014548,ΕΥΡΗΚΑ-CLASSIC-Λευκαντικό-Ρούχων-σε-Σκόνη-500g,4.92
2025-11-08,20101347,ΕΥΡΗΚΑ-Classic-Υπερλευκαντικό-Ρούχων-1Kg,6.63
2025-11-08,89070893,ESSEX-υγρό-πλυντηρίου-multi-1-6lt-32μεζ,3.69
2025-11-08,89035648,ESSEX-Υγρό-Απορρυπαντικό-Ρούχων-Touch-32μεζ-1-6lt,3.69
2025-11-08,20006060,ROL-Υγρό-Απορρυπαντικό-για-Πλύσιμο-στο-Χέρι-750ml,1.99
2025-11-08,89065942,ESSEX-Multi-Απορρυπαντικό-Πλυντηρίου-Ρούχων-Σκόνη-50μεζ,6.01
2025-11-08,89077572,ECONOMY-Μαλακτικό-Ρούχων-Μαύρη-Ορχιδέα-3lt,2.59
2025-11-08,20006127,PRODERM-Υγρό-Απορρυπαντικό-17-πλύσεις-1-25lt,8.09
2025-11-08,89097035,LA-CASA-DE-LOS-AROMAS-Σετ-Αρωματικό-Στικ-50ml-Κερί-_-Κερί-Κόκκινο-με-Άρωμα-Φράουλας-50ml-,9.99
2025-11-08,89096684,ECONOMY-WC-Block-Fresh-Ocean-39γρ,1.29
2025-11-08,89089013,DUCK-WC-Block-Active-Clean-Pine-2τμχ,2.04
2025-11-08,89095098,GLOW-_-BEAUTY-Υγρό-Γενικού-Καθαρισμού-Elixir-1lt,1.99
2025-11-08,89088608,GLOW-_-BEAUTY-Αποσμητικό-Χώρου-στικ-Lotus-Blossom,4.99
2025-11-08,89095926,ΕΥΡΗΚΑ-Υπερλευκαντικό-Classic-4X60γρ,2.99
2025-11-08,89095559,LENOR-Relax-Μαλακτικό-Floral-Bouquet-59μεζ,3.98
2025-11-08,89095557,LENOR-Fresh-Μαλακτικό-Ocean-Escape-42μεζ,3.49
2025-11-08,89088934,DIXAN-Υγρό-Ρούχων-Φρεσκάδα-Ωκεανού-32μεζ,5.49
2025-11-08,89031990,TOPINE-Gel-Ultra-Χλωροκαθαριστικό-Λεμόνι-1250ml,2.68
2025-11-08,89034606,DETTOL-Απολυμαντικό-Spray-Καθαρισμού-Υγιεινή-και-Ασφάλεια-Lime-_-Mint-500ml,2.99
2025-11-08,89025956,DETTOL-Spray-Αντιβακτηριδιακό-Πράσινο-Μήλο-500ml,2.69
2025-11-08,20901053,GLADE-Αρωματικό-Spray-Χώρου-Relaxing-Zen-300ml,4.95
2025-11-08,20101115,KLINEX-Χλωρίνη-Ultra-Protection-Λεμόνι-750ml,1.99
2025-11-08,20101042,KLINEX-Χλωρίνη-Καθαριστικό-Spray-Πολλαπλών-Χρήσεων-με-Ενεργό-Χλώριο-750ml,3.99
2025-11-08,20101014,KLINEX-Χλωρίνη-2lt,1.99
2025-11-08,20601142,WC-NET-Gel-Extra-White-Lemon-750ml,1.99
2025-11-08,89068386,ECONOMY-Yγρό-Πλυντηρίου-ρούχων-classic-33μεζ-1-5lt,2.99
2025-11-08,89067794,ECONOMY-Κρέμα-Καθαρισμού-Επίπλων-500ml,2.79
2025-11-08,89053153,ECONOMY-Υγρό-Πιάτων-Ξύδι-1lt,0.99
2025-11-08,89071310,ECONOMY-Μαλακτικό-Soft-Lavender-2lt,2.99
2025-11-08,89070924,ECONOMY-Υγρό-Γενικού-Καθαρισμού-Πράσινο-Μήλο-1lt,0.99
2025-11-08,89070536,ECONOMY-υγρό-πλυντηρίου-active-fresh-51μεζ,4.99
2025-11-08,89070261,ECONOMY-υγρό-πλυντηρίου-spring-fresh-66μεζ-3lt,3.99
2025-11-08,89070537,ECONOMY-υγρό-πλυντηρίου-με-μαλακτικό-51μεζ,4.99
2025-11-08,89070332,TUBOFLO-αποφρακτικό-ζεστό-νερό-60γρ,0.99
2025-11-08,89069519,ECONOMY-Υγρό-Τζαμιών-Crystal-Ανταλλακτικό-1λτ,1.49
2025-11-08,89031990,TOPINE-Gel-Ultra-Χλωροκαθαριστικό-Λεμόνι-1250ml,2.68
2025-11-08,89034606,DETTOL-Απολυμαντικό-Spray-Καθαρισμού-Υγιεινή-και-Ασφάλεια-Lime-_-Mint-500ml,2.99
2025-11-08,89025956,DETTOL-Spray-Αντιβακτηριδιακό-Πράσινο-Μήλο-500ml,2.69
2025-11-08,20901053,GLADE-Αρωματικό-Spray-Χώρου-Relaxing-Zen-300ml,4.95
2025-11-08,20101115,KLINEX-Χλωρίνη-Ultra-Protection-Λεμόνι-750ml,1.99
2025-11-08,20101042,KLINEX-Χλωρίνη-Καθαριστικό-Spray-Πολλαπλών-Χρήσεων-με-Ενεργό-Χλώριο-750ml,3.99
2025-11-08,20101014,KLINEX-Χλωρίνη-2lt,1.99
2025-11-08,89042905,ECONOMY-Κατσαριδοπαγίδα-Μαγικό-Κουτί,2.84
2025-11-08,89030243,ECONOMY-Υγρό-Απορρυπαντικό-Πιάτων-Περλέ-500ml,1.29
2025-11-08,89024811,ECONOMY-Σκόνη-Γενικού-Καθαρισμού-Πεύκο-500gr,0.99
2025-11-08,89023597,ECONOMY-Υγρό-Καθαριστικό-Κατά-των-Αλάτων-750ml,2.84
2025-11-08,89023367,ECONOMY-Μαλακτικό-Ρούχων-Levanda-1lt,1.49
2025-11-08,89023365,ECONOMY-Μαλακτικό-Ρούχων-Pink-Dream-1lt-,1.49
2025-11-08,89023242,ECONOMY-Συλλέκτης-Υγρασίας,1.99
2025-11-08,89018931,ECONOMY-Υγρό-Ενισχυτικό-Πλύσης-2lt,3.99
2025-11-08,89012607,ECONOMY-Υγρό-Απορρυπαντικό-για-Μαύρα-Ρούχα-26μεζ-2lt,3.79
2025-11-08,89035213,ECONOMY-Αρωματικό-Χώρου-Gel-Xl,2.37
2025-11-08,89023091,ECONOMY-Υγρό-Καθαριστικό-Τζαμιών-Crystal-με-Αμμωνία-1lt,1.69
2025-11-08,89021994,ECONOMY-Γυαλιστικό-Πλυντηρίου-Πιάτων-500ml,2.99
2025-11-08,89018850,ECONOMY-Υγρό-Απορρυπαντικό-Ρούχων-Ocean-Breeze-30μεζ-1880ml,3.5
2025-11-08,60908004,ECONOMY-Απιονισμένο-Νερό-4lt,1.19
2025-11-08,89068384,ECONOMY-Yγρό-Πλυντηρίου-ρούχων-Classic-66μεζ-3lt,3.99
2025-11-08,89068020,ECONOMY-Συλλέκτης-Υγρασίας-Άοσμος-360gr,2.84
2025-11-08,89054021,ECONOMY-Vegan-Συσκευή-_-Υγρό-για-Κουνούπια,4.99
2025-11-08,89053768,FAIRY-Max-Power-Υγρό-Απορρυπαντικό-Πιάτων-450ml,2.75
2025-11-08,89053336,ECONOMY-Υγρό-Καθαριστικό-Τζαμιών-Οβίδα-750ml,1.79
2025-11-08,89052183,ROL-Υγρό-Απορρυπαντικό-Ρούχων-Delicat-20μεζ-1lt,2.9
2025-11-08,89050949,NEOMAT-Υγρό-Απορρυπαντικό-Ρούχων-Λωτός-_-Έλαιο-Αμυγδάλου-45μεζ-,5.89
2025-11-08,89045268,FINISH-Rinse-Aid-Εκθαμβωτικό-Πλυντηρίου-Πιάτων-Λεμόνι-400ml,4.49
2025-11-08,89021650,TOPINE-Gel-Ultra-Χλωροκαθαριστικό-Λεμόνι-750ml,1.74
2025-11-08,89097034,LA-CASA-DE-LOS-AROMAS-Σετ-Αρωματικό-Στικ-50ml_-Κερί-με-Άρωμα-Μελομακάρονου-50γρ-,9.99
2025-11-08,89057532,AZAX-Υγρό-Πατώματος-Αγριολούλουδα-1lt,2.49
2025-11-08,89096685,ECONOMY-WC-Block-Lilac-Garden-2X45γρ,1.79
2025-11-08,89096574,SOUPLINE-Mistral-Μαλακτικό-50μεζ-4lt,5.49
2025-11-08,89088610,GLOW-_-BEAUTY-Αποσμητικό-Χώρου-στικ-Flower-Bouquet,4.99
2025-11-08,89096390,MIKADO-Αρωματικό-Χώρου-Στικ-Κανέλλα-_-Πορτοκάλι-30ml,2.99
2025-11-08,89096384,MIKADO-Αρωματικό-Χώρου-Στικ-Κρίνος-100ml,3.99
2025-11-08,89095927,ΕΥΡΗΚΑ-Λευκαντικό-με-Άρωμα-Πορτοκαλιάς-4Χ60γρ,2.99
2025-11-08,89095604,GLOW-_-BEAUTY-Αρωματικό-Χώρου-Ανταλλακτικό-Λεβάντα-250ml,3.79
2025-11-08,89095666,VAPONA-Σκοροκτόνες-Ταμπλέτες-Λεβάντα-20τεμ,5.49
2025-11-08,89088602,VIAKAL-Spray-για-Άλατα-Classic-800ml,4.49
2025-11-08,89084413,FAIRY-Caps-Πιάτων-Original-Λεμόνι-22τεμ,7.39
2025-11-08,89079686,GLOW-_-BEAUTY-με-Εντομοαπωθητικές-Ιδιότητες-100ml,3.99
2025-11-08,89064951,AZAX-Ultra-Λεμόνι-Γενικής-Χρήσης-1lt,2.49
2025-11-08,89079868,LENOR-Μαλακτικό-Passion-Jasmine-_-Rose-82μεζ,4.99
2025-11-08,89044876,AJAX-Καθαριστικό-Τζαμιών-Antistatic-Αντλία-750ml,2.99
2025-11-08,89079454,ECONOMY-Υγρό-Πιάτων-Classic-με-αντλία-1-5lt,1.89
2025-11-08,89071312,ECONOMY-Μαλακτικό-White-Blossom-2lt,2.99
2025-11-08,89077666,OMINO-BIANCO-Υγρό-Αφρός-Μασσαλίας-37μεζ-1480ml,4.99
2025-11-08,89071242,ECONOMY-Μαλακτικό-Easy-Iron-Άγρια-Ορχιδέα-Σανδαλόξυλο-50μεζ,1.89
2025-11-08,89070258,SOUPLINE-μαλακτικό-συμπυκνωμένο-mistral-60μεζ,4.99
2025-11-08,89069629,ECONOMY-σκόνη-για-μυρμήγκια-100γρ,3.99
2025-11-08,89021645,TOPINE-Gel-Ultra-Χλωροκαθαριστικό-Λεβάντα-750ml,1.74
2025-11-08,89035499,PERSIL-Express-Fresh-Απορρυπαντικό-Ρούχων-σε-Σκόνη-για-Πλύσιμο-στο-Χέρι-420gr,1.89
2025-11-08,89028798,PLANET-Baby-Υγρό-Απορρυπαντικό-Ρούχων-20μεζ-1160ml,3.59
2025-11-08,89024600,AROXOL-Dual-Action-Εντομοκτόνο-για-Βαδιστικά-_-Ιπτάμενα-Έντομα-300ml,4.15
2025-11-08,89022956,BREF-WC-Blue-Activ-Hygiene-Μπλοκ-Τουαλέτας-50g,1.79
2025-11-08,89012702,FAIRY-Original-Υγρό-Πιάτων-Με-LiftAction-900ml,2.89
2025-11-08,20802096,FUZI-Ναφθαλίνη-θήκες-για-συρτάρια,2.49
2025-11-08,20701052,BRASSO-Γυαλιστικό-Μετάλλων-150ml,7.99
2025-11-08,20602026,TUBOFLO-Αποφρακτικό-Κρύο-Νερό-60gr,0.99
2025-11-08,20401263,AJAX-Υγρό-Καθαριστικό-Τζαμιών-Crystal-Spray-750ml,2.99
2025-11-08,20204081,CALGON-2in1-Αποσκληρυντικό-Νερού-Πλυντηρίου-Ρούχων-Ταμπλέτες-15-τεμ,5.99
2025-11-08,20101155,KLINEX-Χλωρίνη-Ultra-Protection-Λεμόνι-1250ml,2.99
2025-11-08,20101023,KLINEX-Χλωρίνη-Λεμόνι-2lt,1.99
2025-11-08,89036395,ECONOMY-Ξύστρα-για-Κεραμικές-Εστίες,3.79
2025-11-08,89023364,ECONOMY-Μαλακτικό-Ρούχων-Blue-Sky-1lt-,1.49
2025-11-08,89019773,ECONOMY-Ειδικό-Αλάτι-Πλυντηρίου-Πιάτων-1kg,1.23
2025-11-08,89008715,ECONOMY-Αρωματικό-Ντουλάπας-Λεβάντα-2Τ,0.99
2025-11-08,89008714,ECONOMY-Αρωματικό-Συρταριών-Λεβάντα-5Τ,0.99
2025-11-08,89008713,ECONOMY-Αρωματικό-Συρταριών-Ευκάλυπτος-12Τ-,0.99
2025-11-08,89032877,ECONOMY-Μυγοπαγίδες-4τεμ-,1.89
2025-11-08,89031783,ECONOMY-Αρωματικό-Χώρου-Σπρέι,1.99
2025-11-08,89023031,ECONOMY-Συμπυκνωμένο-Υγρό-Απορρυπαντικό-Πιάτων-με-Άρωμα-Λεμόνι-Πορτοκάλι-750ml,1.79
2025-11-08,89022851,ECONOMY-Υγρό-Γενικού-Καθαρισμού-Μπουκέτο-Λουλουδιών-1lt,1.69
2025-11-08,89022548,ECONOMY-Συμπυκνωμένο-Υγρό-Απορρυπαντικό-Πιάτων-με-Άρωμα-Φράουλα-Μούρο-500ml,1.13
2025-11-08,89068385,ECONOMY-Yγρό-Πλυντηρίου-ρούχων-για-μαύρα-33μεζ-1-5lt,2.99
2025-11-08,89068015,ECONOMY-Συλλέκτης-Υγρασίας-Λεβάντα-100gr,1.89
2025-11-08,89054017,ECONOMY-Vegan-Ταμπλέτες-για-Κουνούπια-_-Σκνίπες-30τεμ,1.99
2025-11-08,89052511,ECONOMY-Υγρό-Απορρυπαντικό-Πλυντηρίου-Πιάτων-Λεμόνι-1lt,2.99
2025-11-08,89050952,NEOMAT-Υγρό-Απορρυπαντικό-Ρούχων-Μαλαισιανή-Ορχιδέα-_-Έλαια-Macadamia-45μεζ-,5.89
2025-11-08,89050951,NEOMAT-Total-Υγρό-Απορρυπαντικό-Ρούχων-Άγριο-Τριαντάφυλλο-45μεζ-,5.89
2025-11-08,89047680,DUCK-Gel-Aπολυμαντικό-Καθαριστικόμε-άρωμα-Φρεσκάδα-Πεύκου-750ml,1.89
2025-11-08,89088463,K2R-Colour-Cather-Χρωμοπαγίδα-10φ,1.69
2025-11-08,89079607,ΕΥΡΗΚΑ-Υγρό-Απορρυπαντικό-Black-Care-1-52lt-38μεζ,6.89
2025-11-08,89079608,ΕΥΡΗΚΑ-Υγρό-Απορρυπαντικό-Μασσαλίας-1-68lt-42μεζ,7.99
2025-11-08,89078482,ECONOMY-Professional-Υγρό-Γενικού-Καθαρισμού-Λεβάντα-4lt,2.65
2025-11-08,89079455,ECONOMY-Υγρό-Πιάτων-Lemon-με-αντλία-1-5lt,1.89
2025-11-08,89078483,ECONOMY-Professional-Υγρό-Πιάτων-Ξύδι-4lt,2.99
2025-11-08,89077920,GLOW-_-BEAUTY-Συμπυκνωμένο-Μαλακτικό-Oriental-Spa-760ml,2.49
2025-11-08,89078161,DUCK-Gel-Απολυμαντικό-Καθαριστικό-Λεβάντα-750ml,1.89
2025-11-08,89077571,ECONOMY-Μαλακτικό-Ρούχων-Βανίλια-3lt,2.99
2025-11-08,89071302,ECONOMY-Υγρό-Δαπέδου-Λουλούδια-του-Δάσους-2lt,1.89
2025-11-08,89070594,DETTOL-υγρά-πανάκια-καθαρισμού-30τεμ,1.89
2025-11-08,89070538,ECONOMY-υγρό-πλυντηρίου-spring-flower-51μεζ,4.99
2025-11-08,89070438,BIONOL-καθαριστική-κρέμα-γενικής-χρήσης-800γρ,4.89
2025-11-08,89070186,ECONOMY-πανάκια-που-παγιδεύουν-χρώματα-24τεμ,1.99
2025-11-08,89069628,ECONOMY-δόλωμα-πάστας-για-ποντίκια-120γρ,4.74
2025-11-08,89069961,DIXAN-σκόνη-πλυντηρίου-osean-2-20Kg,7.95
2025-11-08,89029549,OVERLAY-Express-Κατά-Των-Αλάτων-650ml,2.79
2025-11-08,89096575,SOUPLINE-Μαλακτικό-Λεβάντα-50μεζ-4lt,5.49
2025-11-08,89095551,ARIEL-All-In-1-Pods-Extra-Clean-Απορρυπαντικό-Πλυντηρίου-Ρούχων-22τεμ,7.97
2025-11-08,89088609,GLOW-_-BEAUTY-Αποσμητικό-Χώρου-στικ-Pink-Orchid,4.99
2025-11-08,89096389,MIKADO-Αρωματικό-Χώρου-Στικ-Κόκκινα-Φρούτα-30ml,2.99
2025-11-08,89095769,BAYGON-Κατσαριδοκτόνο-Spray-400ml,6.29
2025-11-08,89095621,ECONOMY-Κατσαριδοκτόνο-Σπρέι-Mec-350ml,4.99
2025-11-08,89095558,LENOR-Joy-Μαλακτικό-Gold-Orchid-42μεζ,3.49
2025-11-08,89089177,FAIRY-Platinum-Πιάτων-Quickwash-650ml,3.79
2025-11-08,89089003,GLOW-_-BEAUTY-Αποσμητικό-Χώρου-Ωκεανός-300ml,1.89
2025-11-08,20801019,AROXOL-Spray-για-Μύγες-και-Κουνούπια-300ml,4.29
2025-11-08,89033697,FAIRY-Υγρό-Απορρυπαντικό-Πιάτων-Λεμόνι-με-LiftAction-900ml,2.89
2025-11-08,89000071,MR-MUSCLE-Αποφρακτικό-Gel-1lt,6.9
2025-11-08,20701051,SILVO-Γυαλιστικό-Ασημικών-150ml,7.99
2025-11-08,20601229,ΚΑΘΡΙΝ-Υδροχλωρικό-Οξύ-Παχύρρευστο-450γρ,1.49
2025-11-08,89029413,ECONOMY-Αποφρακτικό-100-γρ-,0.94
2025-11-08,89026435,ECONOMY-Αποσμητικό-Πλυντηρίου-Πιάτων-Φράουλα,0.99
2025-11-08,89024812,ECONOMY-Κρέμα-Γενικού-Καθαρισμού-Άρωμα-Λουλουδιών-500ml,1.61
2025-11-08,89023815,ECONOMY-Υγρό-WC-Θαλασσινή-Αύρα-750ml,1.49
2025-11-08,89023598,ECONOMY-Chlor-Ultra-Gel-Χλωροκαθαριστικό-Fresh-750ml,0.89
2025-11-08,89018932,ECONOMY-Υγρό-Καθαριστικό-Λίπη-1lt,2.84
2025-11-08,89018368,ECONOMY-Υδροχλωρικό-Οξύ-450ml,0.75
2025-11-08,89017820,ECONOMY-Κρέμα-Γενικού-Καθαρισμού-Λεμόνι-500ml,1.61
2025-11-08,89012606,ECONOMY-Υγρό-Απορρυπαντικό-Ρούχων-Μασσαλίας-2lt,2.84
2025-11-08,89029412,ECONOMY-Υπερλευκαντικό-Ρούχων-200-γρ-,0.99
2025-11-08,89023429,ECONOMY-Πολυκαθαριστικό-Spray-με-Χλώριο-750ml,1.89
2025-11-08,89021425,ECONOMY-Chlor-Χλωροκαθαριστικό-Λεμόνι-2lt,0.95
2025-11-08,89017945,ECONOMY-Night-Stories-Aerosol-για-Βαδιστικά-Έντομα-300ml,2.99
2025-11-08,89006121,ECONOMY-Cloran-Regular-Χλωροκαθαριστικό-2lt,0.95
2025-11-08,89069113,AVA-Perle-Απορρυπαντικό-Πιάτων-Υγρό-Χαμομήλι-_-Λεμόνι-425ml,1.79
2025-11-08,89068116,ECONOMY-Spray-Λεκέδων-Υγρασίας-500ml,2.79
2025-11-08,89068017,ECONOMY-Συλλέκτης-Υγρασίας-Λεβάντα-230gr,1.89
2025-11-08,89068016,ECONOMY-Συλλέκτης-Υγρασίας-Άοσμος-100gr,1.89
2025-11-08,89054019,ECONOMY-Vegan-Συσκευή-_-10τεμ-Ταμπλέτες,3.79
2025-11-08,89053211,DUAL-Υγρό-Απορρυπαντικό-Πιάτων-Συμπυκνωμένο-Λεμονί-1lt,2.99
2025-11-08,89053152,ECONOMY-Υγρό-Πιάτων-Λεμόνι-1lt,0.99
2025-11-08,89028285,ECONOMY-Υδροχλωρικό-Οξύ-Πανίσχυρο-500ml,0.99
2025-11-08,89003572,DAILY-Σαπούνι-από-Λάδι-Ελιάς-4x100gr,1.89
2025-11-08,89089012,DUCK-WC-Block-Aqua-Blue-2τμχ,2.69
2025-11-08,89096677,ECONOMY-Απωθητικό-Σκόρου-Λεβάντα-4τμχ,1.42
2025-11-08,89064874,FABULOSO-Υγρό-Πατώματος-Λεβάντα-1lt,1.99
2025-11-08,89095550,ARIEL-All-In-1-Pods-Alpine-Απορρυπαντικό-Πλυντηρίου-Ρούχων-26τεμ,8.5
2025-11-08,89095099,GLOW-_-BEAUTY-Υγρό-Γενικού-Καθαρισμού-Spicy-Boost-1lt,1.99
2025-11-08,89096388,MIKADO-Αρωματικό-Χώρου-Στικ-Κανέλλα-_-Πορτοκάλι-100ml,3.99
2025-11-08,89096387,MIKADO-Αρωματικό-Χώρου-Στικ-Βαμβάκι-100ml,3.99
2025-11-08,89096386,MIKADO-Αρωματικό-Χώρου-Στικ-Κόκκινα-Φρούτα-100ml,3.99
2025-11-08,89096385,MIKADO-Αρωματικό-Χώρου-Στικ-Ocean-100ml,3.99
2025-11-08,89096391,MIKADO-Αρωματικό-Χώρου-Στικ-Βαμβάκι-30ml,2.99
2025-11-08,89095554,ARIEL-Υγρό-Πλυντηρίου-Ρούχων-Extra-Clean-44μεζ,9.95
2025-11-08,89095768,BAYGON-Εντομοκτόνο-Spray-για-Ιπτάμενα-Έντομα-300ml,3.99
2025-11-08,89095561,FAIRY-Caps-Πιάτων-Original-Λεμόνι-35τεμ,10.59
2025-11-08,89095684,ARIEL-Υγρό-Πλυντηρίου-Alpine-50μεζ,9.89
2025-11-08,89095681,ARIEL-Pods-All-in-1-Alpine-38τεμ,9.89
2025-11-08,89095685,ARIEL-Υγρό-Πλυντηρίου-Tol-Color-50μεζ,9.89
2025-11-08,89095560,LENOR-Passion-Μαλακτικό-Jasmine-_-Rose-59μεζ,3.98
2025-11-08,89095555,LENOR-Αρωματικοί-Κόκκοι-Gold-Orchid-270γρ,6.29
2025-11-08,89089178,FAIRY-Power-Fresh-Spray-500ml,4.69
2025-11-08,89088935,K2R-Colour-Catcher-Χρωμοπαγίδα-22φύλλα,2.99
2025-11-08,89084439,DIXAN-Gel-Πλυντηρίου-Multicolor-32μεζ,5.49
2025-11-08,89059414,ΑΖΑΧ-Ultra-Fresh-Γενικής-Χρήσης-1lt,2.49
2025-11-08,89057531,AZAX-Υγρό-Γενικής-Χρήσης-Spring-Flowers-1lt,2.49
2025-11-08,89082930,ECONOMY-Συλλέκτης-Υγρασίας-Ανταλλακτικό-400γρ,0.99
2025-11-08,89082543,FAIRY-CAPS-Platinum-Απορρυπαντικό-Πλυντηρίου-Πιάτων-σε-Ταμπλέτες-Λεμόνι-15τεμ,5.24
2025-11-08,89078407,ECONOMY-Αρωματικό-Ντουλάπας-Κρεμαστό,0.99
2025-11-08,89071300,ECONOMY-Υγρό-Δαπέδου-Πράσινο-Μήλο-2lt,1.89
2025-11-08,89071241,ECONOMY-Μαλακτικό-Easy-Iron-Blue-Blossom-50μεζ,1.89
2025-11-08,89071240,ECONOMY-Μαλακτικό-Easy-Iron-Βανίλια-50μεζ,1.89
2025-11-08,89071019,ECONOMY-Σκόνη-Πλυντηρίου-Ρούχων-40μεζ,3.99
2025-11-08,89070849,ECONOMY-αποσκληρυντικό-πλυντηρίου-ρούχων-tabs-3σε1-18τεμ,1.99
2025-11-08,89070270,DIXAN-υγρό-πλυντηρίου-spring-fresh-48μεζ,7.95
2025-11-08,89069962,NEOMAT-gel-πλυντηρίου-τριαντάφυλλο-38μεζ,4.25
2025-11-08,89069959,DIXAN-gel-πλυντηρίου-ocean-48μεζ,7.95
2025-11-08,89024601,AROXOL-Spray-για-Μυρμήγκια-250ml,3.18
2025-11-08,20803051,AROXOL-Εντομοαπωθητικό-Σετ-Υγρό-Άοσμο-60Νύχτες,6.99
2025-11-08,20801020,AROXOL-Spray-Για-Κατσαρίδες-και-Μυρμήγκια-300ml,5.98
2025-11-08,89038306,DETTOL-Απολυμαντικό-Σπρέι-Orchard-Blossom-400ml,3.99
2025-11-08,89029796,CALGON-2in1-Σκόνη-Αποσκληρυντικό-Νερού-Πλυντήριο-Ρούχων-500gr,3.99
2025-11-08,89029550,OVERLAY-Express-Πολυκαθαριστικό-Spray-με-Χλώριο-650ml,2.99
2025-11-08,89022781,OVERLAY-Express-Multi-Λιποκαθαριστής-Spray-Λεμόνι-650ml,2.99
2025-11-08,89022029,BREF-WC-Power-Activ-Ocean-Breeze-Μπλοκ-Τουαλέτας-50g,1.79
2025-11-08,20602010,FLUP-Αποφρακτικό-σε-Σκόνη-με-κρύο-Νερό-80g,1.02
2025-11-08,20601048,DUCK-WC-3-in-1-Για-Το-Καζανάκι-Θάλασσα-50gr,2.69
2025-11-08,20505006,BIO-SHOUT-Καθαριστικό-Λεκέδων-500ml,5.58
2025-11-08,20504001,FORNET-Καθαριστικό-Spray-Φούρνου-300ml,3.99
2025-11-08,20403148,DETTOL-Σπρέι-Γενικού-Καθαρισμού-Υγιεινή-και-Ασφάλεια-500ml,2.99
2025-11-08,20403087,KLINEX-Hygiene-Kαθαριστικό-Spray-Χωρίς-Χλώριο-750ml,3.99
2025-11-08,20403016,VIAKAL-Classic-κατά-των-αλάτων-Υγρό-500 ml,3.56
2025-11-08,20403014,CIF-Κρέμα-Γενικού-Καθαρισμού-Λεμόνι-500ml,2.29
2025-11-08,89030994,ECONOMY-Chlor-Ultra-Συμπυκνωμένο-Χλωροκαθαριστικό-750ml,0.89
2025-11-08,89030251,ECONOMY-Υγρό-Απορρυπαντικό-Ρούχων-με-Άρωμα-Άνοιξης-30μεζ-3lt,3.79
2025-11-08,89030244,ECONOMY-Υγρό-Απορρυπαντικό-Ρούχων-Μασσαλίας-Πράσινο-Σαπούνι-2lt,2.84
2025-11-08,89026434,ECONOMY-Αποσμητικό-Πλυντηρίου-Πιάτων-Λεμόνι,0.99
2025-11-08,89015544,ECONOMY-Υγρό-Καθαρισμού-Πατώματος-Λεβάντα-1lt,0.99
2025-11-08,89015543,ECONOMY-Υγρό-Καθαρισμού-Πατώματος-Κεράσι-1lt,0.99
2025-11-08,89031782,ECONOMY-Ποντικοπαγίδα-Μικρή-με-Κόλλα-2τεμ-,2.84
2025-11-08,89029411,ECONOMY-Σόδα-Πλύσης-500gr,1.61
2025-11-08,89028870,ECONOMY-Υγρό-Αρωματικό-Χώρου-Νούφαρο,2.49
2025-11-08,89020013,ECONOMY-Απορρυπαντικό-για-πλύσιμο-στο-χέρι-420gr,0.99
2025-11-08,89017125,ECONOMY-Aποσκληρυντικό-Πλυντηρίου-Ρούχων-Gel-750ml,2.84
2025-11-08,89007626,ECONOMY-Σκόνη-Πλυντηρίου-Ρούχων-12μεζ-840γρ,1.99
2025-11-08,89006120,ECONOMY-Cloran-Ultra-Χλωροκαθαριστικό-Lemon-1250ml,1.29
2025-11-08,89069125,AVA-Perle-Απορρυπαντικό-Πιάτων-Υγρό-Χαμομήλι-425ml,1.79
2025-11-08,89068521,NEOMAT-Απορρυπαντικό-Πλυντηρίου-σε-Σκόνη-Τριαντάφυλλο-40μεζ,5.89
2025-11-08,89068018,ECONOMY-Συλλέκτης-Υγρασίας-Άοσμος-230gr,1.89
2025-11-08,89068019,ECONOMY-Συλλέκτης-Υγρασίας-Λεβάντα-360gr,2.84
2025-11-08,89066451,ECONOMY-Απολυμαντικό-Spray-Επιφανειών-750ML,1.99
2025-11-08,89054018,ECONOMY-Vegan-Ταμπλέτες-Αντικουνουπικές-14τεμ-,1.29
2025-11-08,89036440,OMO-Απορρυπαντικό-Ρούχων-σε-Σκόνη-Τροπικά-Λουλούδια-_-Ylang-Ylang-45μεζ-,7.19
2025-11-08,89047682,DUCK-Gel-Aπολυμαντικό-Καθαριστικόμε-άρωμα-Marine-750ml,1.89
2025-11-08,89047482,OVERLAY-Express-Υγρό-Καθαριστικό-για-Όλες-τις-Επιφάνειες-Ακαταμάχητη-Φρεσκάδα-1lt,2.49
2025-11-08,89046939,BREF-WC-Power-Activ-Pine-Forest-Μπλοκ-Τουαλέτας-2x50g,2.69
2025-11-08,89036599,GLADE-Αρωματικό-Χώρου-Roman-Βανίλια-300ml,4.95
2025-11-08,89073982,AZAX-Υγρό-Γενικής-Χρήσης-Γιασεμί-1lt,2.49
2025-11-08,89082929,ECONOMY-Συλλέκτης-Υγρασίας-2Χ400γρ,2.79
2025-11-08,89079866,LENOR-Μαλακτικό-Fresh-Ocean-Escape-82μεζ,4.99
2025-11-08,89079869,LENOR-Μαλακτικό-Relax-Floral-Bouquet-82μεζ,4.99
2025-11-08,89078442,ECONOMY-Pro-Σκόνη-Πλυντηρίου-Ρούχων-10Kg-125μεζ,11.99
2025-11-08,20403017,CIF-Κρέμα-Καθαρισμού-Λευκή-500ml,2.29
2025-11-08,89078484,ECONOMY-Professional-Υγρό-Πιάτων-Λεμόνι-4lt,2.99
2025-11-08,89044881,AJAX-Υγρό-Τζαμιών-Antistatic-Ανταλλακτικό-750ml,2.29
2025-11-08,89079531,SKIP-Σκόνη-Πλυντηρίου-Active-Clean-3-25Kg-50μεζ,11.29
2025-11-08,89077918,GLOW-_-BEAUTY-Συμπυκνωμένο-Μαλακτικό-Indian-Spirit-760ml,2.49
2025-11-08,89071309,ECONOMY-Μαλακτικό-Sweet-Jasmine-2lt,2.99
2025-11-08,89071308,ECONOMY-Μαλακτικό-Fresh-Breeze-2lt,2.99
2025-11-08,89071301,ECONOMY-Υγρό-Δαπέδου-Lilly-Flowers-2lt,1.89
2025-11-08,89077664,OMINO-BIANCO-Υγρό-Πλυντηρίου-για-Μαύρα-27μεζ-1485ml,4.99
2025-11-08,89070465,SOUPLINE-μαλακτικό-συμπυκνωμένο-λεβάντα-60μεζ,4.99
2025-11-08,89070259,DIXAN-σκόνη-πλυντηρίου-spring-fresh-44μεζ-2-2Κ,7.95
2025-11-08,89069957,DIXAN-gel-πλυντηρίου-clean-_-hygiene-48μεζ,7.95
2025-11-08,89036711,FINISH-Ειδικό-Αλάτι-Πλυντηρίου-Πιάτων-1kg,2.79
2025-11-08,89089014,DUCK-WC-Block-Active-Clean-Marine-2τμχ,2.04
2025-11-08,89096686,ECONOMY-Ταμπλέτες-2σε1-Για-Καζανάκι-2X50γρ,1.49
2025-11-08,89064875,FABULOSO-Υγρό-Πατώματος-Λουλούδια-1lt,1.99
2025-11-08,89089016,PRONTO-Glory-Καθαριστικό-Μάρμαρα-_-Πλακάκια-1L,4.99
2025-11-08,89095552,ARIEL-Υγρό-Πλυντηρίου-Alpine-30μεζούρες,7.07
2025-11-08,89095606,GLOW-_-BEAUTY-Αρωματικό-Χώρου-Ανταλλακτικό-Μανόλια-250ml,3.79
2025-11-08,89095605,GLOW-_-BEAUTY-Αρωματικό-Χώρου-Ανταλλακτικό-Άνοιξη-250ml,3.79
2025-11-08,89095682,ARIEL-Pods-All-in-1-Tol-Color-38τεμ,9.89
2025-11-08,89095556,LENOR-Αρωματικοί-Κόκκοι-Amethyst-270γρ,6.29
2025-11-08,89089116,PLANET-Υγρό-Τζαμιών-Επιφανειών-Ξύδι-1lt,2.33
2025-11-08,89089004,GLOW-_-BEAUTY-Αποσμητικό-Χώρου-Πασχαλιά-300ml,1.89
2025-11-08,89089002,GLOW-_-BEAUTY-Αποσμητικό-Χώρου-Γιασεμί-300ml,1.89
2025-11-08,20101102,ΕΥΡΗΚΑ-Senso-Ενισχυτικό-Πλύσης-1lt,2.69
2025-11-08,89002098,TOPINE-Plus-Υγρό-Μικροβιοκτόνο-_-Απολυμαντικό-Επιφανειών-Red-Pine-1lt,2.83
2025-11-08,20507010,MERITO-Βοηθητικό-Spray-Σιδερώματος-500ml,3.99
2025-11-08,20402208,ΑΠΟΣΜΙΝΗ-Υγρό-Καθαριστικό-_-Αποσμητικό-425gr,3.45
2025-11-08,20401271,AJAX-Υγρό-Καθαριστικό-Τζαμιών-Crystal-Ανταλλακτικό-750ml,2.29
2025-11-08,20101248,KLINEX-Χλωρίνη-Advance-για-Πλυντήριο-Ρούχων-2lt,3.89
2025-11-08,89023602,ECONOMY-Υγρό-Απορρυπαντικό-για-Πλύσιμο-στο-Χέρι-1lt,2.99
2025-11-08,89023600,ECONOMY-Chlor-Ultra-Gel-Χλωροκαθαριστικό-Λεμόνι-750ml,0.89
2025-11-08,89018933,ECONOMY-Σκόνη-Γενικού-Καθαρισμού-Λεμόνι-500gr,0.99
2025-11-08,89033221,ECONOMY-Παγίδα-για-Κατσαρίδες-_-Μυρμήγκια-Άοσμη-5τεμ-,2.49
2025-11-08,89026566,ECONOMY-Καθαριστικό-Spray-Φούρνου-_-Κουζίνας-750ml,2.84
2025-11-08,89023030,ECONOMY-Υγρό-Γενικού-Καθαρισμού-Φρεσκάδα-Ωκεανού-4lt,2.65
2025-11-08,89022959,ECONOMY-Συμπυκνωμένο-Υγρό-Απορρυπαντικό-Πιάτων-με-Άρωμα-Λεμόνι-500ml,1.13
2025-11-08,89022852,ECONOMY-Υγρό-Γενικού-Καθαρισμού-Άνθη-Πασχαλιάς-1lt,1.69
2025-11-08,89022549,ECONOMY-Συμπυκνωμένο-Υγρό-Απορρυπαντικό-Πιάτων-με-Άρωμα-Μήλο-500ml,1.13
2025-11-08,89017420,ECONOMY-Αρωματικό-W-C-,1.99
2025-11-08,89006118,ECONOMY-Cloran-Ultra-Χλωροκαθαριστικό-Fresh-1250ml,1.29
2025-11-08,89067685,ΕΛ-ΓΚΡΕΚΟ-Εστία-Υγραερίου-Master,36.79
2025-11-08,89053099,SAS-Προέκταση-Λευκή-Σούκο-3x1-5-3m,6.79
2025-11-08,89053095,SAS-Πολύμπριζο-λευκό-με-Διακόπτη-3-Θέσεων-x-1-5-1-5m,6.7
2025-11-08,89043041,ECONOMY-Χαρτομάντηλα-3Φύλλων-10x10τεμ-211gr,1.2
2025-11-08,89071205,ECONOMY-Led-Λαμπάκια-Θερμό-100τμχ,5.99
2025-11-08,89071204,ECONOMY-Led-Λαμπάκια-Ψυχρό-100τμχ,5.99
2025-11-08,89071203,ECONOMY-Led-Λαμπάκια-Πολύχρωμο-100τμχ,5.99
2025-11-08,89019399,ΔΙΖΑΣ-Χαλάκι-Δερμάτινο-Μονόχρωμο-67x135,6.49
2025-11-08,89012266,ECONOMY-Χειροπετσέτες-Ζικ-Ζακ-200τεμ-285gr,1.79
2025-11-08,89012268,ECONOMY-Χαρτομάντηλα-Extra-Soft-2-Φύλλων-100τεμ-115gr,0.89
2025-11-08,89068477,ECONOMY-Σλιπάκι-Κορίτσι-3τμχ-3-5,4.99
2025-11-08,89068474,ECONOMY-Φανέλα-με-Τιράντα-Αγόρι-2τμχ-3-5,5.99
2025-11-08,89068463,ECONOMY-Γυναικείο-Σλιπ-Μπικίνι-3τμχ-Small,4.99
2025-11-08,89067421,SCOTCH-BRITE-Σφουγγάρι-για-Ευαίσθητες-Επιφάνειες,1.49
2025-11-08,89067396,ECONOMY-Χαρτί-Υγείας-Γκοφρέ-2φ-600γρ-10τμχ,2.75
2025-11-08,89067339,ECONOMY-Tετράδιο-Μπλέ-με-Χάρτινο-εξώφυλλο-50φύλλων,0.49
2025-11-08,89066978,ECONOMY-Αδιάβροχη-Μαξιλαροθήκη-50Χ70,4.99
2025-11-08,89052516,ECONOMY-Καλαμάκια-Χυμού-Βιοδιασπώμενα-25τεμ,1.42
2025-11-08,89051876,ECONOMY-Καλαμάκια-Βιοδιασπώμενα-Freddo-50τεμ,0.94
2025-11-08,89051297,ECONOMY-Βιοδιασπώμενα-Πηρούνια-10τεμ-,0.99
2025-11-08,89049074,ECONOMY-Ποτήρι-Χάρτινο-6τεμ-,1.7
2025-11-08,89047410,ΤΖΕΖΑΝΑ-Σπίρτα-Ασφαλείας-10άδα,0.5
2025-11-08,89048397,ΜΙΚΡΕΣ-ΦΑΡΜΕΣ-ΤΟΥ-ΒΟΥΝΟΥ-Λίπασμα-Μπλε-για-όλα-τα-Φυτά-950gr,3.79
2025-11-08,89048396,ΜΙΚΡΕΣ-ΦΑΡΜΕΣ-ΤΟΥ-ΒΟΥΝΟΥ-Λίπασμα-Πράσινο-για-όλα-τα-Φυτά-950gr,3.79
2025-11-08,89046624,ECONOMY-Bake-Αντικολλητικό-Χαρτί-18-φύλλων-34x42cm,0.99
2025-11-08,89046780,ECONOMY-Πιάστρες-Τραπεζομάντηλου-12τεμ,1.23
2025-11-08,89097044,ECONOMY-Σακούλες-Τροφίμων-Zip-Medium-27X27-15τμχ-,1.89
2025-11-08,89088825,ECONOMY-Κάλτσες-Μακριές-Κορίτσι-3-Ζευγάρια-6-8-Μέγεθος,2.79
2025-11-08,89097043,ECONOMY-Σακούλες-Τροφίμων-Zip-Large-30X36-10τμχ-,1.89
2025-11-08,89088813,ECONOMY-Κάλτσες-Ημίκοντες-Αγόρι-3-Ζευγάρια-6-8-Μέγεθος,2.79
2025-11-08,89062311,TAI-Κερί-Αφιέρωσης-Λευκό-6-Ημερών,2.99
2025-11-08,89096827,ΘΕΡΜΑΣΤΡΑ-Με-4-Λάμπες-Quartz-2X800w,22.99
2025-11-08,89088619,GLOW-_-BEAUTY-HOME-Στραγγιστήρι-Μαχαιροπίρουνων-inox,3.99
2025-11-08,89096333,ECONOMY-Στυλό-Gel-Διάφορα-Χρώματα-6τεμ,1.99
2025-11-08,89096214,ECONOMY-Ανεμιστηράκι-Χειρός,4.99
2025-11-08,89095407,ECONOMY-Λάμπα-Led-Κερί-4-2W-E27-6500K,1.89
2025-11-08,89096082,ECONOMY-Βεντούζα-Απόφραξης,3.79
2025-11-08,89096060,GLOW-_-BEAUTY-Ισοθερμικό-Τσαντάκι-26Χ19Χ16cm,5.99
2025-11-08,89095505,GLOW-_-BEAUTY-Kitchen-Σπάτουλα-Σιλικόνης-Φαρδιά,3.99
2025-11-08,89096024,GLOW-_-BEAUTY-Home-Θερμός-Ανοξείδωτος-Ροζ-500ml,9.99
2025-11-08,89095862,GLOW-_-BEAUTY-Home-Πολυκόπτης-Μαύρος-300W,13.99
2025-11-08,89095062,GLOW-_-BEAUTY-Κούπα-Καφέ-Διάφανη-354cc,1.89
2025-11-08,89089313,GLOW-_-BEAUTY-Home-Τηγάνι-Wok-Αντικολλητικό-Αλουμινίου-28cm,18.04
2025-11-08,89089220,GLOW-_-BEAUTY-HOME-Ψηφιακή-Ζυγαριά-Μπάνιου-Μαύρη,12.99
2025-11-08,89089226,GLOW-_-BEAUTY-HOME-Ραβδομπλέντερ-Χειρός-400watt,9.99
2025-11-08,89088702,ECONOMY-Μπωλ-με-Καπάκι-Ν288-22εκ,2.69
2025-11-08,89088699,ECONOMY-Μπωλ-Σαλάτας-Ριγέ-1-5ml,2.49
2025-11-08,89088704,ECONOMY-Λεμονοστίφητς-400ml,1.49
2025-11-08,89088870,GLOW-_-BEAUTY-Home-Ηλεκτρικό-Μπρίκι-Λευκό-600W,11.99
2025-11-08,89088871,GLOW-_-BEAUTY-Ηλεκτρικό-Μπρίκι-Μαύρο-600W,11.99
2025-11-08,89088875,GLOW-_-BEAUTY-Home-Τοστιέρα-Αντικολλητική-Λευκή-750W,12.99
2025-11-08,89088872,GLOW-_-BEAUTY-Home-Βραστήρας-Inox-1-8lt,9.99
2025-11-08,89084291,ECONOMY-Πάτος-Υποδημάτων-Ανατομικός-Γυναικείος-34-42,1.89
2025-11-08,89082671,ECONOMY-Tools-Μέτρο-5μ,2.84
2025-11-08,89079625,GLOW-_-BEAUTY-Πετσέτα-Προσώπου-Γκρι-100-Βαμβάκι-50Χ100cm,4.99
2025-11-08,89079724,GLOW-_-BEAUTY-Home-Πιγκάλ-Μπάνιου-Σφυρίλατο,6.99
2025-11-08,89079627,GLOW-_-BEAUTY-Πετσέτα-Σώματος-Γαλάζιο-100-Βαμβάκι-80χ150cm,9.99
2025-11-08,89079622,GLOW-_-BEAUTY-Πετσέτα-Χεριών-Κόκκινο-100-Βαμβάκι-30Χ50cm,1.49
2025-11-08,89078154,ECONOMY-Κούπα-Καφέ-Μεγάλη,1.89
2025-11-08,89070962,ECONOMY-Μπαταρίες-Αλκαλικές-ΑΑ-LR06-4τεμ,1.51
2025-11-08,89070966,ECONOMY-Μπαταρίες-Extreme-Power-LRO3-4τεμ,1.7
2025-11-08,89070968,ECONOMY-Μπαταρίες-Λιθίου-CR2032-3V-5τεμ,1.8
2025-11-08,89070969,ECONOMY-Μπαταρίες-Λιθίου-CR2025-3V-5τεμ,1.8
2025-11-08,89071074,ECONOMY-Μπαλόνια-Foil-Χρυσά-Νο8,0.66
2025-11-08,89071261,ECONOMY-ZOO-Λούτρινη-Πασχαλίτσα,5.99
2025-11-08,89071233,ECONOMY-Φίλτρο-Νερού-Βρύσης-_-2-Ανταλλακτικά-Δώρο,3.99
2025-11-08,89071232,ECONOMY-Φίλτρο-Νερού-Βρύσης-Ανταλλακτικά-2τεμ,1.89
2025-11-08,89071052,ECONOMY-Πάτοι-Memory-Foam-No34-46,1.89
2025-11-08,89070873,ECONOMY-σκεύη-αλουμινίου-με-καπάκι-3τεμ,0.99
2025-11-08,89070987,ECONOMY-Ανατομικοί-Πάτοι-για-Γόβες-Νο34-40,1.89
2025-11-08,89070861,GLOW-_-BEAUTY-αρωματικό-κερί-ποτήρι,3.99
2025-11-08,89070708,ECONOMY-ψεκαστήρας-με-τρόμπα,4.99
2025-11-08,89070635,MY-LIGHTING-STORIES-Υγρό-Προσάναμμα-500ml,3.49
2025-11-08,89070513,ECONOMY-πλαστελίνη-πηλός-6τεμ,2.99
2025-11-08,89070263,ECONOMY-πιάτα-ζαχαροκάλαμου-10τεμ-22cm,1.29
2025-11-08,89070410,ECONOMY-μαρκαδόροι-λεπτοί-πλενόμενοι-12τεμ,1.89
2025-11-08,89070271,ECONOMY-3D-puzzle-ζωγραφικής-8τεμ,1.99
2025-11-08,89070168,ECONOMY-Απλώστρα-Μεταλλική-Ρούχων-18μ,12.34
2025-11-08,89069917,ECONOMY-Πιάτα-Ρηχά-επαναχρησιμοποιούμενα-20τμχ,1.99
2025-11-08,89069050,ECONOMY-Λάμπα-Led-Γλόμπος-6W-E27,1.99
2025-11-08,89069385,ECONOMY-Πυρσός-Τούρτας,1.7
2025-11-08,89046141,SANITΑS-Αντικολλητικό-Χαρτί-18-φύλλα,3.15
2025-11-08,50307013,ENERGIZER®-Μπαταρίες-MAX--AAA-LR03-FSB4,6.85
2025-11-08,60405180,MADONA-Κοντάρι-Απλό-123-120-Ιταλίας,1.29
2025-11-08,89043239,ECONOMY-Καρβουνάκια-Γίγας-10τεμ,0.94
2025-11-08,89034193,ECONOMY-Λεκάνη-Στρογγυλή-10lt,2.84
2025-11-08,89031943,ECONOMY-Πανάκια-Καθαρισμού-10τεμ-32x32cm,1.49
2025-11-08,89028574,ECONOMY-Φιαλίδιο-Υγραερίου-190-γρ-,1.19
2025-11-08,89027646,ECONOMY-Σκούπα-Μεγάλη,2.37
2025-11-08,89026031,ECONOMY-Χαρτί-Κουζίνας-Decor-760gr,3.79
2025-11-08,89023530,ECONOMY-Τσάντα-Δώρου-Γίγας,1.99
2025-11-08,89022274,ECONOMY-Σφουγγαρίστρα-Μικροινων,3.79
2025-11-08,89019064,ECONOMY-Σακούλες-Φύλαξης-για-Παλτό-_-Φορέματα-65x120cm-4τεμ-,0.75
2025-11-08,89018844,ECONOMY-Ποτήρια-Για-Κρύο-Σετ-Καπάκι-12Oz-8Τ,1.8
2025-11-08,89016882,ECONOMY-Οδοντογλυφίδες-200Τ,0.56
2025-11-08,89013587,ECONOMY-Σκούπα,1.61
2025-11-08,89013586,ECONOMY-Σφουγγάρι-Γόμα-2τεμ,0.99
2025-11-08,89013581,ECONOMY-Μοσχοθύμιαμα-Κασετίνα-30γρ-,0.99
2025-11-08,89013350,ECONOMY-Σακούλες-Απορριμμάτων-Γίγας-80x110cm-10τεμ-,1.7
2025-11-08,89035744,ECONOMY-Σύστημα-Ξεσκονίσματος-με-Λαβή-_-Ανταλλακτικά-5τεμ-,2.84
2025-11-08,89035192,ECONOMY-Τασάκι-Μεταλλικό,1.99
2025-11-08,89035182,ECONOMY-Φορμάκια-μίας-Χρήσεως-για-Τρουφάκια,0.99
2025-11-08,89035180,ECONOMY-Μπρίκι-Κουζίνας-Μεγάλο,5.99
2025-11-08,89033714,ECONOMY-Κορνέ-Για-Σαντιγί,1.99
2025-11-08,89033597,ECONOMY-Ψαλίδι-Μικρό-Stainless,2.99
2025-11-08,89033596,ECONOMY-Πλαστικό-Κοπίδι-Χαρτιου-Δωρο-Λάμες,1.49
2025-11-08,89033594,ECONOMY-Συνδετήρες,0.75
2025-11-08,89033586,ECONOMY-Λαστιχάκια-45γρ,1.99
2025-11-08,89033222,ECONOMY-Θήκη-Κενού-Αέρος-Αποθήκευσης-Ρούχων-100x68cm,2.84
2025-11-08,89032912,ECONOMY-Ποτήρι-Πλαστικό-Κατάψυξης-450ml,5.99
2025-11-08,89032818,ECONOMY-Ποντίκι-Υπολογιστή-Με-Καλώδιο,2.99
2025-11-08,89032696,ECONOMY-Θήκη-PVC-Αποθήκευσης-Ρούχων-104x45x15cm,3.79
2025-11-08,89032607,ECONOMY-Μπολ-Παγωτού-Γυάλινα-Σετ-6-τεμ,4.99
2025-11-08,89032606,ECONOMY-Φόρμα-Κέικ-Αντικολλητική-Σπαστή,3.99
2025-11-08,89032019,ECONOMY-Μαχαίρι-Μεγάλο,2.65
2025-11-08,89031502,ECONOMY-Ψαλίδι-Κουζίνας,2.99
2025-11-08,89030751,ECONOMY-Τηγανάκι-Αυγού,4.99
2025-11-08,89029879,ECONOMY-Φορτιστής-Αυτοκιν-Usb-Για-Tablet_Κινητό,2.99
2025-11-08,89029581,ECONOMY-Μονωτικές-Ταινίες-3-Τμχ,2.99
2025-11-08,89029141,ECONOMY-Σουπλά-Πλαστικό,1.99
2025-11-08,89028485,ECONOMY-Τρίφτης-Μικρός,2.84
2025-11-08,89028480,ECONOMY-Garden-Πιστόλι-Εκτόξευσης-Νερού-Μεγάλο,2.99
2025-11-08,89027642,ECONOMY-Θήκη-Φύλαξης-για-Φορέματα-_-Παλτό-63x137cm,2.84
2025-11-08,89027052,ECONOMY-Κορδόνια-Υποδημάτων-Μαύρο-Χρώμα,1.42
2025-11-08,89026038,ECONOMY-Οδοντογλυφίδες-Με-Περιστρεφ-Καπάκι-150Τμχ,0.75
2025-11-08,89025958,ECONOMY-Σχοινί-50M,1.89
2025-11-08,89024877,ECONOMY-Φιλμ-Αλουμινίου-Ντουλαπιών,2.99
2025-11-08,89023753,ECONOMY-Φυσικό-Προσάναμα-Δαδί-σε-Σακουλάκι-0-0065m3,2.99
2025-11-08,89021900,ECONOMY-Φορμάκια-για-Cupcakes-11cm-50ΤΜΧ,1.19
2025-11-08,89020223,ECONOMY-Πατάκι-Μπάνιου,3.99
2025-11-08,89019247,ECONOMY-Σακούλες-Τροφίμων-Μικρές-17X24-1lt-50-τεμαχίων,0.66
2025-11-08,89018907,ECONOMY-Κεράκι-Γενεθλίων-9,0.56
2025-11-08,89018901,ECONOMY-Κεράκι-Γενεθλίων-3,0.56
2025-11-08,89012883,ECONOMY-Φυτόχωμα-για-φυτά-εξωτερικού-χώρου-10lt,0.99
2025-11-08,89011889,ECONOMY-Wrap-Μεμβράνη-Τροφίμων-20Μ,0.94
2025-11-08,89002682,ECONOMY-Ομπρέλα-Εμπριμέ-Απλή,3.99
2025-11-08,60402044,ECONOMY-Συρματάκι-Ανοξείδωτο-Κουζίνας,0.66
2025-11-08,89068455,ECONOMY-Ανδρικό-Μπόξερ-2τμχ-Medium,4.99
2025-11-08,89068604,ECONOMY-Πιάτο-Πλαστικό-Ριγέ-25cm,0.99
2025-11-08,89068609,ECONOMY-Φαγητοδοχείο-με-Κλίπς-1-τόστ-200ml,0.99
2025-11-08,89068597,ECONOMY-Καλαθάκι-Τακτοποίησης-10Χ20cm,1.49
2025-11-08,89068213,ECONOMY-Χαρτοπετσέτες-Πολυτελείας-με-Σχέδιο-3Φ-33Χ33-20τμχ,0.99
2025-11-08,89068211,ECONOMY-Χαρτοπετσέτες-Πολυτελείας-Λευκές-3Φ-33Χ33-20τμχ,0.99
2025-11-08,89066977,ECONOMY-Επίστρωμα-Αδιάβροχο-Πετσετέ-160Χ220cm,12.99
2025-11-08,89066449,ECONOMY-Ισοθερμική-Τσάντα-8L,1.49
2025-11-08,89053098,SAS-Πολύμπριζο-Μαύρο-με-Διακόπτη-4-Θέσεων-x-1-5-1-5m,7.99
2025-11-08,89053102,SAS-Αντάπτορας-Σούκο-Λευκός-2-θέσεων-Κάθετος,2.29
2025-11-08,89052993,ECONOMY-Χάρτινα-Πιάτα-23cm-10τεμ-,0.99
2025-11-08,89052555,ECONOMY-Μαξιλάρι-Ύπνου-Aloe-Vera-45x65,8.99
2025-11-08,89052584,ECONOMY-Πιατάκι-Γλυκού-Βιοδιασπώμενο-6Τ,1.49
2025-11-08,89052395,ECONOMY-Χαρτί-Κουζίνας-4-Φύλλων-800gr,2.99
2025-11-08,89051866,ECONOMY-Καλαμάκια-Βιοδιασπώμενα-25τεμ,0.89
2025-11-08,89051865,ECONOMY-Καλαμάκι-Ανοξείδωτο-Βούρτσα-4τεμ,1.89
2025-11-08,89051793,ECONOMY-Καλαμάκια-Βιοδιασπώμενα-50τεμ,1.42
2025-11-08,89050391,ECONOMY-Κάλτσες-Αντρικές-Μακριές-Ασορτί-3τεμ-,2.99
2025-11-08,89050387,ECONOMY-Κάλτσες-Αντρικές-Ημίκοντες-Μαύρες-3τεμ-,2.99
2025-11-08,89050385,ECONOMY-Κάλτσες-Αντρικές-Ημίκοντες-Ασορτί-3τεμ-,2.99
2025-11-08,89049811,ECONOMY-Κάλτσες-Αθλητικές-Ασσορτί-One-Size-2τεμ-,2.49
2025-11-08,89049121,ECONOMY-Σπίρτα-Ασφαλείας-Γίγας-30τεμ,1.5
2025-11-08,89048033,ECONOMY-Ταψί-Αλουμινίου-με-καπάκι-2-Μερίδες-4T,1.51
2025-11-08,89048030,ECONOMY-Ταψί-Αλουμινίου-Υψηλό-Πάχος-12-Μερίδες-2T,4.99
2025-11-08,89048393,ΜΙΚΡΕΣ-ΦΑΡΜΕΣ-ΤΟΥ-ΒΟΥΝΟΥ-Σίδηρος-με-Λίπασμα-450ml,3.79
2025-11-08,89047303,ECONOMY-Μαξιλάρι-Ύπνου-Bamboo-45x65cm,8.99
2025-11-08,89047089,ECONOMY-Καλαμάκια-Χάρτινα-Freddo-50τεμ,1.19
2025-11-08,89047024,VELVER-Σακούλες-Ψησίματος-5x45cm-5τεμ,1.35
2025-11-08,89047004,ECONOMY-Κρεμάστρα-Φαρδιά-Ράχη-2τεμ-,2.49
2025-11-08,89045143,ΕΛ-ΓΚΡΕΚΟ-Εστία-Classic,26.99
2025-11-08,89013582,ΜΕΤΑΛΛΕΞ-Θυμιατό-Β΄-6-5x14-5,4.49
2025-11-08,89046786,ECONOMY-Καπάκια-Μπουκαλιών-2τεμ,1.61
2025-11-08,89046784,ECONOMY-Λαβίδα-BBQ,4.99
2025-11-08,89097048,ECONOMY-Σακούλες-Τροφίμων-Small-17X24-50τμχ-,0.79
2025-11-08,89088812,ECONOMY-Κάλτσες-Ημίκοντες-Αγόρι-3-Ζευγάρια-3-5-Μέγεθος,2.79
2025-11-08,89096545,GLOW-_-BEAUTY-Κεριά-Ρεσώ-Άοσμα-4ωρων-50τμχ-,2.99
2025-11-08,89096883,GLOW-_-BEAUTY-Φλυτζάνι-Καφέ-Medium-σε-Διάφορα-Χρώματα,1.49
2025-11-08,89096865,TAI-FIRE_BBQ-Καυσόξυλα-0-023-Μ3,9.49
2025-11-08,89096782,ECONOMY-Πάπλωμα-2-Όψεων-Μονό-150X240,18.99
2025-11-08,89096492,GLOW-_-BEAUTY-Αρωματικό-Κερί-Μπισκότο-σε-Βαζάκι,4.99
2025-11-08,89084594,ΜΠΟΥΚΑΛΙ-Spray-Λαδιού-200ml,3.49
2025-11-08,89088618,GLOW-_-BEAUTY-HOME-σουρωτήρι-Inox-22cm,6.99
2025-11-08,89088620,GLOW-_-BEAUTY-Home-Πιρουνάκι-του-γλυκού-Mat-gold-inox,1.49
2025-11-08,89088621,GLOW-_-BEAUTY-Home-κουταλάκι-του-γλυκού-mat-gold-inox,1.49
2025-11-08,89088614,GLOW-_-BEAUTY-Ταπέτο-Μπάνιου-Πετσετέ-50Χ80,3.99
2025-11-08,89088623,GLOW-_-BEAUTY-Home-κουταλάκι-φαγητού-Mat-gold-inox,1.99
2025-11-08,89096334,ECONOMY-Μαρκαδόρος-Υπογράμμισης-με-Γόμα,2.99
2025-11-08,89096374,ECONOMY-Λάμπα-Led-Γλόμπος-14W-E27-Ψυχρό,1.89
2025-11-08,89096287,ECONOMY-Σφουγγαρίστρα-Κίτρινη-2τεμ,2.99
2025-11-08,89096295,SWIFFER-Ανταλλακτικά-Πανάκια-Fresh-13τεμ,3.29
2025-11-08,89096323,ECONOMY-Πετσετάκι-Χρυσό,0.69
2025-11-08,89096213,ECONOMY-Ξαραχνιάστρα-με-Πτυσσόμενο-Κοντάρι,4.74
2025-11-08,89096212,GLOW-_-BEAUTY-Θερμός-με-Χερούλι-σε-Διάφορα-Χρώματα-900ml,7.99
2025-11-08,89095415,ECONOMY-Λάμπα-Led-Κοινή-9-5W-E27-6500K,2.37
2025-11-08,89096083,ECONOMY-Μαγική-γόμα-Υποδημάτων-3τεμ,1.61
2025-11-08,89096062,GLOW-_-BEAUTY-Θήκη-Σιλικόνης-Ντομάτας,2.99
2025-11-08,89096066,ECONOMY-Καλαμάκια-Κεμπάμπ-Bamboo-25τεμ,1.49
2025-11-08,89096065,ECONOMY-Ανεμιστήρας-Γραφείου-Πτυσσόμενος,4.99
2025-11-08,89095501,GLOW-_-BEAUTY-Kitcen-Κουτάλα-Τρυπητή-Σιλικόνης,3.99
2025-11-08,89096027,GLOW-_-BEAUTY-Home-Coffee-Mug-Ανοξείδωτο-Ροζ-400ml,9.99
2025-11-08,89096023,GLOW-_-BEAUTY-Home-Θερμός-Ανοξείδωτος-Μπλε-500ml,9.99
2025-11-08,89095712,GLOW-_-BEAUTY-Μαχαίρια-Πλαστικά-Επαναχρησιμοποιούμενα-6τεμ,0.99
2025-11-08,89095070,GLOW-_-BEAUTY-Ταψί-Inox-23-5X31cm,5.69
2025-11-08,89095709,GLOW-_-BEAUTY-Home-Μπουκάλι-Λαδιού-500ml,1.99
2025-11-08,89095710,GLOW-_-BEAUTY-Κουταλάκια-Πλαστικά-Επαναχρησιμοποιούμενα-6τεμ,0.99
2025-11-08,89095066,GLOW-_-BEAUTY-Σιδερώστρα-Ecoline-110X33cm,18.99
2025-11-08,89095061,GLOW-_-BEAUTY-Κρεμαστράκια-Μεταλλικά-2τεμ-5Χ3-6cm,1.89
2025-11-08,89095064,GLOW-_-BEAUTY-Γυάλινο-Βάζο-με-Βιδωτό-Καπάκι-500ml,0.66
2025-11-08,89089223,GLOW-_-BEAUTY-HOME-Ατμοσίδερο-αντικολλητικό-2200watt,12.99
2025-11-08,89088794,GLOW-_-BEAUTY-Κουβέρτα-Fleece-150X220cm,7.99
2025-11-08,89088700,ECONOMY-Μπωλ-Σαλάτας-Ριγέ-900ml,1.32
2025-11-08,89088695,ECONOMY-Θήκη-Νεροχύτη-για-Σφουγγάρια,0.99
2025-11-08,89088698,ECONOMY-Μπωλ-Παγωτού-Ριγέ-250ml,0.79
2025-11-08,89088708,ECONOMY-Φαγητοδοχείο-Διπλό-Ζαμπόν-Τυρί,2.79
2025-11-08,89088710,ECONOMY-Φαγητοδοχείο-Παραλληλόγραμμο-1000ml,1.99
2025-11-08,89088444,GLOW-_-BEAUTY-Κουβέρτα-Ζακάρ-Velvet-200X220,12.99
2025-11-08,89088516,ESTIA-Τηλέφωνο-_-Σπιράλ-Ντους-Ασημί-Μαύρο,8.99
2025-11-08,89084302,ECONOMY-Tools-Πένα,3.99
2025-11-08,89082674,ECONOMY-Tools-Κατσαβίδια-σετ-2τεμ,1.99
2025-11-08,89079623,GLOW-_-BEAUTY-Πετσέτα-Προσώπου-Γαλάζια-100-Βαμβάκι-50Χ100cm,4.99
2025-11-08,89079624,GLOW-_-BEAUTY-Πετσέτα-Προσώπου-Μπλε-100-Βαμβάκι-50Χ100cm,4.99
2025-11-08,89079626,GLOW-_-BEAUTY-Πετσέτα-Προσώπου-Κόκκινη-100-Βαμβάκι-50Χ100cm,4.99
2025-11-08,89079426,ΠΟΤΙΣΤΗΡΙ-Πλαστικό-6lt-Βασιλικός,5.99
2025-11-08,89079612,VEGA-Ποτήρι-Νερού-Γυάλινο-415ml,1.49
2025-11-08,89079424,ECONOMY-Καλάθι-Διάφανο-_-Μανταλάκια-24τεμ,3.79
2025-11-08,89077814,ECONOMY-Φορμάκια-Cupcakes-Σιλικόνης-12τεμ,3.99
2025-11-08,89078172,ECONOMY-Καρβουνάκια-Γίγας-Χρωματιστά-10τεμ,0.94
2025-11-08,89077808,GLOW-_-BEAUTY-Κεριά-Αρωματικά-Χρωματιστά-Ρεσώ-12τεμ,1.99
2025-11-08,89071254,ECONOMY-ZOO-Λούτρινο-Βατραχάκι,5.99
2025-11-08,89071259,ECONOMY-ZOO-Λούτρινο-Πιγκουινάκι,5.99
2025-11-08,89071073,ECONOMY-Μπαλόνια-Foil-Χρυσά-Νο7,0.66
2025-11-08,89071235,ECONOMY-Ποτήρια-Χρωματιστά,1.89
2025-11-08,89070998,ECONOMY-Βούρτσα-και-Ξύστρα-Καθαρισμού,2.49
2025-11-08,89071050,ECONOMY-Popper-Party-40cm,1.99
2025-11-08,89070860,ECONOMY-πετσέτα-κουζίνας-μικροϊνών-35Χ75cm,2.84
2025-11-08,89070857,ECONOMY-επιφάνεια-κοπής-εύκαμπτη-σετ-2τεμ,1.99
2025-11-08,89070793,ECONOMY-τραπεζομάντηλο-μουσαμάς,5.99
2025-11-08,89070629,ECONOMY-φαγητοδοχείο-2θέσεων-πηρούνι-_-κουτάλι,5.99
2025-11-08,89070515,ECONOMY-αντικολλητικό-χαρτί-φριτέζας-Air-Fryer-16cm-25τεμ,2.49
2025-11-08,89070264,ECONOMY-πιάτα-ζαχαροκάλαμου-10τεμ-17cm,0.79
2025-11-08,89070407,ECONOMY-διαβήτης-με-μολύβι,1.42
2025-11-08,89070404,ECONOMY-διορθωτική-ταινία-8μ,1.99
2025-11-08,89070409,ECONOMY-νερομπογιές-βαζάκι-6τεμ,1.99
2025-11-08,89070319,ECONOMY-μαντηλάκι-premium-2τεμ,1.89
2025-11-08,89070273,ECONOMY-γυάλινο-καπάκι-με-δέρμα-300ml,2.84
2025-11-08,89070276,ECONOMY-παγοθήκη-σιλικόνης,1.99
2025-11-08,89019085,CAMPINGAZ-Διάτρητο-Φιαλίδιο-Υγραερίου-C206-Gls-190gr,2.19
2025-11-08,60402083,SCOTCH-BRITE-Σφουγγάρι-Πράσινο-Γίγας-Αντιβακτηριδιακό,1.49
2025-11-08,50307055,ENERGIZER®-Μπαταρίες-Alkaline-Power--AAA-Ε92-FSB4,4.59
2025-11-08,50307012,ENERGIZER®-Μπαταρίες-MAX--AA-LR6-FSB4,6.85
2025-11-08,20507015,COVER-Forte-30gr-Κόλλα,1.81
2025-11-08,89038068,ECONOMY-Προσάναμμα-Οικολογικό-32Κύβων,0.99
2025-11-08,89037452,ECONOMY-Σφουγγάρι-Μπάνιου-Μαλακό,0.85
2025-11-08,89034848,ECONOMY-Πανάκια-με-Μικροΐνες-25x30cm-4τεμ-,1.89
2025-11-08,89033592,ECONOMY-Μεταλλικό-Μανταλάκι-Χαρτιού,1.13
2025-11-08,89032167,ECONOMY-Φίλτρο-Απορροφητήρα-42Χ24cm,0.99
2025-11-08,89022169,ECONOMY-Μανταλάκια-Ξύλινα-24τεμ-,1.99
2025-11-08,89022027,ECONOMY-Ποτήρια-Λευκά-Μίας-Χρήσης-100Τ-200cc,1.61
2025-11-08,89019067,ECONOMY-Σακούλες-Φύλαξης-για-Πλεκτά-35x50cm-10τεμ-,0.85
2025-11-08,89019066,ECONOMY-Σακούλες-Φύλαξης-για-Χαλιά-0-45x4-5cm,0.85
2025-11-08,89019065,ECONOMY-Σακούλες-Φύλαξης-για-Κοστούμια-65x100cm-5τεμ-,0.75
2025-11-08,89018842,ECONOMY-Ποτήρια-Χαρτινά-Espresso-4Oz-25T,1.29
2025-11-08,89017532,ECONOMY-Σφουγγάρι-Μπάνιου-4Τ,0.99
2025-11-08,89016778,ECONOMY-Γάντια-Γενικής-Χρήσης-Extra-Large,0.94
2025-11-08,89016777,ECONOMY-Γάντια-Γενικής-Χρήσης-Large,0.94
2025-11-08,89013578,ECONOMY-Λιβάνι-Κασετίνα-30γρ-,0.94
2025-11-08,89013283,ECONOMY-Αρωματικό-Χώρου-Πέρλες-50γρ-,1.42
2025-11-08,89007467,ECONOMY-Σακούλες-Απορριμμάτων-52x75cm,0.94
2025-11-08,89033722,ECONOMY-Αναπτήρας-Τζακιού-Comfort,2.59
2025-11-08,89033720,ECONOMY-Αναπτήρες-Διάφανοι-Σετ-3-τεμ,1.79
2025-11-08,89033713,ECONOMY-Σύστημα-Ξεσκονίσματος-360°-με-Λαβή-_-Ανταλλακτικά-5τεμ-,2.65
2025-11-08,89033595,ECONOMY-Συρραπτικό-Με-Ανταλ-Κο,2.99
2025-11-08,89033591,ECONOMY-Σετ-2-Γόμες,0.99
2025-11-08,89033590,ECONOMY-Μολύβι-Μηχανικό-με-20-Μύτες-0-7,2.5
2025-11-08,89033588,ECONOMY-Μαρκαδόρος-Ανεξίτηλος,1.29
2025-11-08,89033587,ECONOMY-Αυτοκόλλητα-Χαρτάκια-Σημειώσεων,1.61
2025-11-08,89032605,ECONOMY-Φόρμα-Ψησίματος-Μεταλλική-Αντικολλητική-38-5x25-5cm,4.99
2025-11-08,89032604,ECONOMY-Φόρμα-Ψησίματος-Κέικ-Αντικολλητική-29-5x13-6cm,3.79
2025-11-08,89032063,ECONOMY-Τσοχάκια-Επίπλων,0.99
2025-11-08,89032054,ECONOMY-Λεμονοστίφτης-Με-Μπολ,1.69
2025-11-08,89032031,ECONOMY-Πλαστικό-Μπουκάλι-600Ml,1.99
2025-11-08,89031345,ECONOMY-Πάτος-Γυναικείος-Υποδημάτων-Για-Αθλητικά-Παπούτσια,1.89
2025-11-08,89030757,ECONOMY-Σετ-Γάντι-Κουζίνας-3-τεμ,2.99
2025-11-08,89030020,ECONOMY-Υγρό-Βερνίκι-Καφέ,1.8
2025-11-08,89028659,ECONOMY-Garden-Φτυάρι,1.89
2025-11-08,89028482,ECONOMY-Αυτογυάλιστη-Πάστα-Μαύρο,1.8
2025-11-08,89027644,ECONOMY-Θήκη-Αδιάβροχη-Αποθήκευσης-Ρούχων-60x45x30cm,2.84
2025-11-08,89026115,ECONOMY-Παγοθήκη-Πλαστική,1.8
2025-11-08,89026040,ECONOMY-Ψεκαστήρας,1.99
2025-11-08,89024656,ECONOMY-Bake-Αντικολλητικό-Χαρτί-Ψησίματος-10Μ,1.29
2025-11-08,89023958,ECONOMY-Αποχνουδωτής-Ρολό-Gel,2.99
2025-11-08,89023772,ECONOMY-Οδοντογλυφίδες-Πλαστικές,1.99
2025-11-08,89023744,ECONOMY-Καλαμάκια-Bamboo-Μεγάλα,1.19
2025-11-08,89021905,ECONOMY-Κεράκια-Γενεθλίων-Με-Βάση-10Τμχ,0.75
2025-11-08,89021904,ECONOMY-Κεράκια-Γενεθλίων-Μαγικά-10Τμχ,0.75
2025-11-08,89019246,ECONOMY-Σακούλες-Τροφίμων-Μεγάλες-30X39-3lt-50-τεμαχίων,0.99
2025-11-08,89018904,ECONOMY-Κεράκι-Γενεθλίων-6,0.56
2025-11-08,89018900,ECONOMY-Κεράκι-Γενεθλίων-2,0.56
2025-11-08,89012633,ECONOMY-σετ-ταψιά-αλουμινίου-Ν149-3τμχ,1.42
2025-11-08,89012622,ECONOMY-σετ-σκευών-αλουμινίου-Ν134-3τμχ,1.61
2025-11-08,89007644,ECONOMY-Foil-Αλουμινόχαρτο-10Μ,1.32
2025-11-08,89006157,ECONOMY-Χαρτοπετσέτες-28x30cm-50τεμ-70gr,0.45
2025-11-08,89068600,ECONOMY-Κουτί-Τακτοποίησης-Κλίπ-10Χ8-5Χ4,1.39
2025-11-08,89068459,ECONOMY-Γυναικεία-Φανέλα-Τιράντα-Small,3.99
2025-11-08,89068471,ECONOMY-Φανέλα-με-Τιράντα-Κορίτσι-2τμχ-3-5,4.99
2025-11-08,89068480,ECONOMY-Σλιπάκι-Αγόρι-2τμχ-3-5,3.99
2025-11-08,89068610,ECONOMY-Φαγητοδοχείο-για-2-τόστ-300ml,1.49
2025-11-08,89068611,ECONOMY-Φαγητοδοχείο-στρογγυλό-250ml,0.85
2025-11-08,89068599,ECONOMY-Κουτί-Τακτοποίησης-26Χ7Χ6cm,1.13
2025-11-08,89067933,ECONOMY-Χριστουγεννιάτικη-Τσάντα-Ποτών,1.23
2025-11-08,89067855,ECONOMY-Βούρτσα-Πλύσεως-με-χερούλι,2.49
2025-11-08,89067117,GLOW-AND-BEAUTY-Γάντι-Μπάνιου-Από-Ίνες-Bamboo-_-Βαμβάκι,2.84
2025-11-08,89054454,ECONOMY-Χάρτινα-Πιάτα-Λευκά-23cm-20τμχ,1.7
2025-11-08,89054455,ECONOMY-Χάρτινα-Πιάτα-Λευκά-20cm-20τμχ,1.51
2025-11-08,89053103,SAS-Αντάπτορας-Σούκο-Λευκός-3-θέσεων-Σταυρός,3.49
2025-11-08,89052615,CRYSTAL-Ποτήρι-Σαμπάνιας-σετ-6τεμ-220ml,12.99
2025-11-08,89051517,ECONOMY-Κουταλάκι-Ξύλινο-Οικολογικό-10τεμ,0.94
2025-11-08,89051296,ECONOMY-Βιοδιασπώμενα-Κουτάλια-10τεμ-,0.99
2025-11-08,89051295,ECONOMY-Βιοδιασπώμενα-Μαχαίρια-10τεμ-,0.99
2025-11-08,89051134,ECONOMY-Πλαστικό-Σέικερ-Μεγάλο-400ml,1.99
2025-11-08,89050404,ECONOMY-Κάλτσες-Γυναικείες-Μακριές-Μαύρο-3τεμ-,2.99
2025-11-08,89050399,ECONOMY-Κάλτσες-Γυναικείες-Κοντές-Μαύρο-3τεμ-,2.84
2025-11-08,89050388,ECONOMY-Κάλτσες-Αντρικές-Κοντές-Ασορτί-3τεμ-,2.84
2025-11-08,89050364,ECONOMY-Συρματόσχοινο-Απλώματος-10m,0.94
2025-11-08,89048475,ECONOMY-SPORT-Κάλτσες-Αθλητικές-Λευκές-Μαύρες-One-Size-2τεμ-,2.49
2025-11-08,89048439,ECONOMY-Χαρτί-Κουζίνας-Μπλε-4-Φύλλων-750gr,2.99
2025-11-08,89048395,ΜΙΚΡΕΣ-ΦΑΡΜΕΣ-ΤΟΥ-ΒΟΥΝΟΥ-Λίπασμα-για-Ανθοφόρα-Φυτά-450ml,3.79
2025-11-08,89048309,ΜΙΚΡΕΣ-ΦΑΡΜΕΣ-ΤΟΥ-ΒΟΥΝΟΥ-Φυτόχωμα-12lt,1.13
2025-11-08,89046892,ECONOMY-Κερί-Ρεσώ-7-Ωρών-15τεμ,2.99
2025-11-08,89046572,ECONOMY-Μεμβράνη-Τροφίμων-50μ,1.49
2025-11-08,89022261,ECONOMY-Φωτιστικό-Λάδι-950ml,3.99
2025-11-08,89046787,ECONOMY-Φορητή-Ψησταριά-BΒQ,5.99
2025-11-08,89046570,ECONOMY-Χαρτί-Υγείας-3φύλλων-10τεμ-800-γρ-,3.99
2025-11-08,89088515,ESTIA-Σπιράλ-Ντους-Ασημί-Μαύρο-1-5μ,3.99
2025-11-08,89084323,ECONOMY-Λάμπα-Led-Minion-Κεράκι-5W-Ψυχρό,1.89
2025-11-08,89084318,ESTIA-Τηλέφωνο-Ντους-Χρωμίου-3λειτ-8cm,5.99
2025-11-08,89082673,ECONOMY-Tools-Πριόνι-Πτυσσόμενο,5.99
2025-11-08,89082592,ECONOMY-Πάτος-Σιλικόνης-Ανατομικός-36-40,2.84
2025-11-08,89079614,ECONOMY-Tools-Σφυρί-Μικρό,3.99
2025-11-08,89079631,GLOW-_-BEAUTY-Πατάκι-Πετσέτα-Γαλάζιο-100-Βαμβάκι-50Χ80cm,5.99
2025-11-08,89079629,GLOW-_-BEAUTY-Πετσέτα-Σώματος-Γκρι-100-Βαμβάκι-80χ150cm,9.99
2025-11-08,89078331,ECONOMY-Home-Πατάκι-Εξώπορτας-38Χ58cm,4.74
2025-11-08,89078408,ECONOMY-Κλιπς-για-Σακουλάκια-Τροφίμων-5τεμ,1.8
2025-11-08,89077817,ECONOMY-Φόρμα-Σιλικόνης-για-Κέικ,3.99
2025-11-08,89077810,ECONOMY-Χαρτοταινία-30μέτρα,2.37
2025-11-08,89077676,ECONOMY-Κάλυμμα-Λεκάνης-Μιας-Χρήσης-Χρήσεως-15τεμ,1.99
2025-11-08,89070961,ECONOMY-Μπαταρίες-Αλκαλικές-ΑΑΑ-LR03-4τεμ,1.23
2025-11-08,89071273,ECONOMY-ZOO-Λούτρινο-Αρκουδάκι-Λευκό,5.99
2025-11-08,89071272,ECONOMY-ZOO-Λούτρινο-Αρκουδάκι-με-Κασκόλ,5.99
2025-11-08,89071066,ECONOMY-Μπαλόνια-Foil-Χρυσά-Νο0,0.66
2025-11-08,89071072,ECONOMY-Μπαλόνια-Foil-Χρυσά-No6,0.66
2025-11-08,89071231,ECONOMY-Φίλτρο-Νερού-Βρύσης,2.99
2025-11-08,89070871,ECONOMY-σκεύη-αλουμινίου-υψ-πάχους-2τεμ,2.89
2025-11-08,89070856,ECONOMY-bluetooth-ακουστικά-not-in-ear,14.24
2025-11-08,89070722,ECONOMY-σφουγγαρίστρα-χρωματιστή-γίγας,1.51
2025-11-08,89070604,ECONOMY-car-καθαριστικό-ζαντών-αυτοκινήτου-500ml,2.37
2025-11-08,89070603,ECONOMY-καθαριστικό-πλαστικών-αυτοκινήτου-500ml,2.37
2025-11-08,89069821,ECONOMY-σακούλες-υψηλής-αντοχής-10τεμ-95Χ110cm,3.79
2025-11-08,89070508,ECONOMY-μπάλα-volley-δερμάτινη,5.99
2025-11-08,89070512,ECONOMY-σκούπα-κήπου-τηλεσκοπική,9.99
2025-11-08,89070549,GLOW-_-BEAUTY-κεριά-κηροπηγίου-4τεμ,2.99
2025-11-08,89070411,ECONOMY-μαρκαδόροι-jumbo-πλενόμενοι-12τεμ,3.99
2025-11-08,89069047,ECONOMY-Λάμπα-Led-κερί-6W-E14,1.99
2025-11-08,89088826,ECONOMY-Κάλτσες-Μακριές-Κορίτσι-3-Ζευγάρια-9-11-Μέγεθος,2.79
2025-11-08,89095692,ECONOMY-Χαρτοπετσέτες-Λευκές-33X33-70-Φύλλα-140γρ-,0.85
2025-11-08,89088814,ECONOMY-Κάλτσες-Ημίκοντες-Αγόρι-3-Ζευγάρια-9-11-Μέγεθος,2.79
2025-11-08,89088823,ECONOMY-Κάλτσες-Ημίκοντες-Κορίτσι-3-Ζευγάρια-9-11-Μέγεθος,2.79
2025-11-08,89095068,GLOW-_-BEAUTY-Σχάρα-BBQ-60X41X1-5-Ξύλινη-Λαβή,5.69
2025-11-08,89095406,ECONOMY-Λάμπα-Led-Κοινή-B22-7-3W-3000K,1.89
2025-11-08,89088840,GLOW-AND-BEAUTY-Home-Στίφτης-Σφουγγαρίσματος-Special,1.89
2025-11-08,89096828,ΘΕΡΜΑΣΤΡΑ-4-Λυχνίες-Με-Θερμοστάτη-2400w,32.99
2025-11-08,89096670,PAW-PATROL-Σετ-Παιδικά-Αυτοκόλλητα,1.99
2025-11-08,89096669,MINNIE-Σετ-Παιδικά-Αυτοκόλλητα,1.99
2025-11-08,89089102,BIC-Αναπτήρας-J26-Maxi-2τμχ,2.79
2025-11-08,89096491,GLOW-_-BEAUTY-Αρωματικό-Κερί-Φράουλα-σε-Βαζάκι,4.99
2025-11-08,89096255,MAESTRO-Φωτοτυπικό-Χαρτί-Α4-500φύλλα-80γρ,4.99
2025-11-08,89088613,GLOW-_-BEAUTY-Αρωματικό-κερί-Lotus-Blossom-140γρ,4.99
2025-11-08,89088714,GLOW-_-BEAUTY-Μανταλάκια-20τμχ,1.79
2025-11-08,89096285,ECONOMY-Σφουγγάρι-Κουζίνας-2τεμ,0.66
2025-11-08,89096381,GLOW-_-BEAUTY-Σφουγγάρι-Μπάνιου-Τούλι-4-Χρώματα,0.99
2025-11-08,89095408,ECONOMY-Λάμπα-Led-Κερί-4-2W-E14-3000K,1.89
2025-11-08,89095069,GLOW-_-BEAUTY-Ταψί-Inox-29X41cm,8.54
2025-11-08,89096022,GLOW-_-BEAUTY-Θερμός-Ανεοξείδωτος-Μαύρο-500ml,9.99
2025-11-08,89095937,ECONOMY-Κόλλα-Στιγμής-2Χ3γρ,1.89
2025-11-08,89095077,GLOW-_-BEAUTY-Αποφλοιωτής-3τμχ-,0.99
2025-11-08,89095072,GLOW-_-BEAUTY-Ταψί-Βαθύ-Αντικολλητικό-37-5Χ24Χ5cm,4.74
2025-11-08,89095073,GLOW-_-BEAUTY-Μαχαίρι-Δόντι-Λευκό-τ-Ιταλίας-6τεμ,3.99
2025-11-08,89095074,GLOW-_-BEAUTY-Κουτάλι-Φαγητού-με-Ξύλινο-Χέρι-6τεμ,3.99
2025-11-08,89095440,GLOW-_-BEAUTY-Στρογγυλό-Λευκό-τ-Ιταλίας-6τεμ,3.99
2025-11-08,89095076,GLOW-_-BEAUTY-Μαχαίρι-Φαγητού-Δόντι-Ξύλινο-Χέρι-6τεμ,3.99
2025-11-08,89089332,ECONOMY-Magic-Sponge-Μαγικό-Σφουγγάρι,1.79
2025-11-08,89089287,GLOW-_-BEAUTY-Κουβερλί-Εμπριμέ-Διπλό-230Χ220cm,12.99
2025-11-08,89089315,GLOW-_-BEAUTY-Home-Κατσαρόλα-με-Καπάκι-Αντικολλητική-24cm,23.74
2025-11-08,89089320,GLOW-_-BEAUTY-Μπρίκι-Αντικολλητικό-Αλουμινίου-300ml,5.69
2025-11-08,89089219,GLOW-_-BEAUTY-HOME-Ψηφιακή-Ζυγαριά-Κουζίνας-Μαύρη,7.99
2025-11-08,89089224,GLOW-_-BEAUTY-HOME-Λεμονοστίφτης-Ηλεκτρικός-40watt,11.99
2025-11-08,89089222,GLOW-_-BEAUTY-HOME-Ισιωτική-Πρέσσα-Μαλλιών-35watt,9.99
2025-11-08,89088697,ECONOMY-Κουταλοθήκη-Στρογγυλή-με-Δισκάκι,1.99
2025-11-08,89088705,ECONOMY-Ποτήρι-Κυματιστό-400ml,0.99
2025-11-08,89088633,ECONOMY-Σφουγγάρι-Κουζίνας-Αντιβακτηριδιακό-Γίγας,0.56
2025-11-08,60807031,CAMPINGAZ-Συσκευή-Υγραερίου-Χωρίς-Φιαλίδιο,20.99
2025-11-08,60402309,SCOTCH-BRITE-Σφουγγάρι-Πράσινο-Μικρό-Αντιβακτηριδιακό,1.34
2025-11-08,89043241,ECONOMY-Αναπτήρας-2τεμ-Fabulous,1.99
2025-11-08,89035208,ECONOMY-Σακούλες-Απορριμμάτων-με-Κορδόνι-52x75cm-3x10τεμ-1-99€,1.99
2025-11-08,89034196,ECONOMY-Λεκάνη-Στρογγυλή-15lt,2.99
2025-11-08,89028191,ECONOMY-Κουβάς-με-Στίφτη-15lt,3.99
2025-11-08,89027284,ECONOMY-Τσάντα-Δώρου-Μικρή,0.99
2025-11-08,89026987,ECONOMY-Χωνί,0.85
2025-11-08,89024205,ECONOMY-Ξυλοκάρβουνα-5Κιλών,6.99
2025-11-08,89022203,ECONOMY-Χάρτινο-Ποτήρι-8-Oz-Καπάκι-Σετ-8τμχ,1.8
2025-11-08,89019239,ECONOMY-Χ-Π-Λευκές-28x28cm-2x75τεμ-,1.42
2025-11-08,89016775,ECONOMY-Γάντια-Γενικής-Χρήσης-Small,0.94
2025-11-08,89016682,ECONOMY-Γάντια-Latex-Γενικής-Χρήσης-με-Πούδρα-Small-100τεμ-,3.99
2025-11-08,89013579,ECONOMY-Λουμινακια-Κασετίνα,0.85
2025-11-08,89013349,ECONOMY-Σακούλες-Απορριμμάτων-Αρωματικές-52x75cm-10τεμ-,0.94
2025-11-08,89012193,ECONOMY-Μανταλάκια-Πλαστικά-24τεμ-,0.99
2025-11-08,89007355,ECONOMY-Μαξιλάρι-Ύπνου-45Χ65,4.99
2025-11-08,89037821,ECONOMY-Ομπρέλα-Αυτόματη-Μονόχρωμη,7.99
2025-11-08,89034927,ECONOMY-Οδοντογλυφίδες-Σε-Ατομική-Συσκευασία,0.99
2025-11-08,89034894,ECONOMY-Πολύμπριζο-Σούκο-Τ-3-Θέσεων,3.49
2025-11-08,89033723,ECONOMY-Γεμιστικό-Αέριο-300ml,1.99
2025-11-08,89033721,ECONOMY-Αναπτήρας-Γκαζιού-Μίνι,1.89
2025-11-08,89033589,ECONOMY-Μαρκαδόρος-Υπογράμμισης-2-Τεμ,1.7
2025-11-08,89033584,ECONOMY-Στυλό-4-Τεμ-Gel,1.89
2025-11-08,89033582,ECONOMY-Μολύβια-5-Τεμ,1.49
2025-11-08,89032697,ECONOMY-Θήκη-PVC-Αποθήκευσης-Ρούχων-60x45x30cm,3.79
2025-11-08,89032061,ECONOMY-Μαγικός-Κύβος,2.99
2025-11-08,89032021,ECONOMY-Μαχαίρι-Μικρό,1.99
2025-11-08,89031334,ECONOMY-Αναπτήρες-Led-2-Τμχ,1.99
2025-11-08,89030260,ECONOMY-Χαρτί-Υγείας-3-φύλλα-DECOR-8-ρολλά-x-100-γρ-,3.79
2025-11-08,89030019,ECONOMY-Υγρό-Βερνίκι-Μαύρο,1.8
2025-11-08,89030018,ECONOMY-Υγρό-Βερνίκι-Ουδέτερο,1.8
2025-11-08,89030017,ECONOMY-Βερνίκι-Αυτογυάλιστο-Μαύρο,1.89
2025-11-08,89029437,ECONOMY-Χαρτοπετσέτες-Λευκές-100-τμχ-143-γρ-0-50€,0.5
2025-11-08,89029146,ECONOMY-Αεροστοπ-Αφρώδες-Αυτοκόλλητο-Μόνωσης,1.8
2025-11-08,89029140,ECONOMY-Σουρωτήρι,0.94
2025-11-08,89029138,ECONOMY-Φόρμα-Κέικ-Μεταλλική-6-Θέσεων,2.99
2025-11-08,89029136,ECONOMY-Βούρτσα-για-Μπιμπερό,1.99
2025-11-08,89028871,ECONOMY-Θήκη-Σιλικόνης-Νεροχύτη-Για-Σφουγγάρι,1.99
2025-11-08,89027558,ECONOMY-Σκούπα-_-Ηλεκτροστατικά-Πανάκια-10τεμ-,5.99
2025-11-08,89027551,ECONOMY-Κερί-Ρεσώ-Άρωμα-Κανέλα-10-τεμ,1.7
2025-11-08,89027509,ECONOMY-Μπαλόνια-12τεμ-,1.99
2025-11-08,89027467,ECONOMY-Φορητή-Ψησταριά,13.99
2025-11-08,89027099,ECONOMY-Χαρτομάντηλα-Facial-2-Φύλλων-100τεμ-132gr,0.99
2025-11-08,89027097,ECONOMY-Χαρτοπετσέτες-Καρώ-30x30cm-60τεμ-92gr,0.75
2025-11-08,89027051,ECONOMY-Κορδόνια-Υποδημάτων-Λευκό-Χρώμα,1.42
2025-11-08,89026982,ECONOMY-Πιρουνάκι-Μικρό-Σετ-3-Τμ,1.99
2025-11-08,89026979,ECONOMY-Κουταλάκι-Μικρό-Σετ-3-Τμ,1.99
2025-11-08,89026631,ECONOMY-Ανοιχτήρι-Μπουκαλιών-3-Σε-1,1.99
2025-11-08,89026044,ECONOMY-Αυτοκόλλητο-Συρταριών-2Μ,1.8
2025-11-08,89024876,ECONOMY-Απορροφητικό-Πατάκι-Για-Σκεύη,1.99
2025-11-08,89023853,ECONOMY-Καμινέτο-Εκρού,11.99
2025-11-08,89023752,ECONOMY-Καυσόξυλα-Οξιά-σε-Δίχτυ-0-03m3,6.99
2025-11-08,89023745,ECONOMY-Πάστα-Υποδημάτων-Μαύρο-Χρώμα,1.7
2025-11-08,89022375,ECONOMY-Γάντια-Πλαστικά-μιας-Χρήσεως-Large-100τεμ-,0.99
2025-11-08,89019192,ECONOMY-Γάντια-Premium-Γενικής-Χρήσης-Large,1.89
2025-11-08,89018903,ECONOMY-Κεράκι-Γενεθλίων-5,0.56
2025-11-08,89018902,ECONOMY-Κεράκι-Γενεθλίων-4,0.56
2025-11-08,89018898,ECONOMY-Κεράκι-Γενεθλίων-0,0.56
2025-11-08,89017422,ECONOMY-Πάτος-Υποδημάτων,1.13
2025-11-08,89011303,ECONOMY-Χαρτοπετσέτες-Εστιατορίου-750τεμ-720gr,4.74
2025-11-08,89006158,ECONOMY-Χαρτί-Κουζίνας-500gr,1.99
2025-11-08,89069137,ECONOMY-Σετ-λαμπάκι-νυκτός-1watt-e14-2τμχ,1.99
2025-11-08,89068447,ECONOMY-Ανδρική-Φανέλα-Μανίκι-Medium,4.99
2025-11-08,89068467,ECONOMY-Γυναικείο-Σλιπ-3-4-2τμχ-Medium,4.99
2025-11-08,89068613,ECONOMY-Μπώλ-Σαλάτας-Πουά-2lt,2.79
2025-11-08,89068258,ECONOMY-Γάντια-Νιτριλίου-Βιοδιασπώμενα-50τμχ,2.99
2025-11-08,89068327,ECONOMY-Καρότσι-Λαϊκής,12.99
2025-11-08,89068051,ECONOMY-Σκουπάκι-Χόρτου-Μικρό,2.99
2025-11-08,89067854,ECONOMY-Βούρτσα-Χαλιών,3.79
2025-11-08,89067397,ECONOMY-Φιαλίδιο-Υγραερίου-Βιδωτό-500γρ-,3.99
2025-11-08,89052992,ECONOMY-Χάρτινα-Πιάτα-19-5cm-10τεμ-,0.75
2025-11-08,89051868,ECONOMY-Χαρτί-Υγείας-Decor-3-Φύλλων-12τεμ-864gr,3.99
2025-11-08,89051807,ECONOMY-Τάπα-για-Σιφώνια,2.49
2025-11-08,89051519,ECONOMY-Μαχαιράκι-Ξύλινο-Οικολογικό-10τεμ,0.94
2025-11-08,89050365,ECONOMY-Συρματόσχοινο-Απλώματος-20m,1.32
2025-11-08,89047523,ECONOMY-Σετ-για-Λάδι-και-Ξύδι,2.99
2025-11-08,19902220,MADONA-Αυτοκόλλητη-Ταινία-Συσκευασίας-Διάφανη-48mm-X-50m,1.2
2025-11-08,89026106,Σετ-Καρβουνάκια,1.99
2025-11-08,89047005,ECONOMY-Κρεμάστρα-Περιστρεφόμενη-3τεμ-,1.89
2025-11-08,89044166,ΕΛ-ΓΚΡΕΚΟ-Βάση-Εστίας-CV300-Plus,4.75
2025-11-08,89046789,ECONOMY-Καπάκια-Σιλικόνης-Αεροστεγή-6-τεμ,3.99
2025-11-08,89046783,ECONOMY-Σετ-Εργαλείων-BBQ-2τεμ,4.99
2025-11-08,89097052,ECONOMY-Αυτοκινητάκι-4X4,2.99
2025-11-08,89088824,ECONOMY-Κάλτσες-Μακριές-Κορίτσι-3-Ζευγάρια-3-5-Μέγεθος,2.79
2025-11-08,89088816,ECONOMY-Κάλτσες-Μακριές-Αγόρι-3-Ζευγάρια-6-8-Μέγεθος,2.79
2025-11-08,89088822,ECONOMY-Κάλτσες-Ημίκοντες-Κορίτσι-3-Ζευγάρια-6-8-Μέγεθος,2.79
2025-11-08,89088815,ECONOMY-Κάλτσες-Μακριές-Αγόρι-3-Ζευγάρια-3-5-Μέγεθος,2.79
2025-11-08,89088820,ECONOMY-Κάλτσες-Κοντές-Κορίτσι-3-Ζευγάρια-9-11-Μέγεθος,1.99
2025-11-08,89096903,ECONOMY-Σφουγγαρίστρα-Μικροϊνών,2.29
2025-11-08,89096858,GLOW-AND-BEAUTY-Γυναικείες-Παντόφλες-Καρό,4.99
2025-11-08,89096671,SPIDERMAN-Σετ-Παιδικά-Αυτοκόλλητα,1.99
2025-11-08,89088607,GLOW-_-BEAUTY-Home-Μαχαίρι-Mat-Gold-Inox,2.49
2025-11-08,89095063,GLOW-_-BEAUTY-Σετ-αλατοπιπεριέρα-2τμχ,1.61
2025-11-08,89096493,GLOW-_-BEAUTY-Αρωματικό-Κερί-Σοκολάτα-σε-Βαζάκι,4.99
2025-11-08,89088926,GLOW-_-BEAUTY-Home-Ανταλλακτικό-κοντάρι-περιστρεφόμενης-σφουγγαρίστρας,5.99
2025-11-08,89088617,GLOW-_-BEAUTY-Home-Πετσέτες-Κουζίνας-Διάφορα-χρώματα-3τμχ,5.99
2025-11-08,89088616,GLOW-_-BEAUTY-Home-Τσάντα-ποτού-Jute-σε-2-σχέδια,2.99
2025-11-08,89096371,ECONOMY-ΛΑΜΠΑ-NEW-LED-18W-E27-ΛΕΥΚΟ,2.84
2025-11-08,89096332,ECONOMY-Στυλό-που-Σβήνει-3τεμ,1.99
2025-11-08,89096373,ECONOMY-ΛΑΜΠΑ-LED-ΓΛΟΜΠΟΣ-5W-E27-ΛΕΥΚΟ,1.89
2025-11-08,89096297,SWIFFER-Dry-Ανταλλακτικά-Πανάκια-Σκούπας-54τεμ,9.69
2025-11-08,89096209,ECONOMY-Σκαμπό-Πτυσσόμενο,9.99
2025-11-08,89096210,ECONOMY-Σφουγγάρι-Γόμα-Premium-1τεμ,0.79
2025-11-08,89096211,GLOW-_-BEAUTY-Ποτήρι-Γυάλινο-Διπλότοιχο-370ml,3.99
2025-11-08,89095412,ECONOMY-Λάμπα-Α60-Fil-7-3W-E27-2700K-CL,2.49
2025-11-08,89095503,GLOW-_-BEAUTY-Kitchen-Αυγοδάρτης,3.99
2025-11-08,89095416,ECONOMY-Λάμπα-Led-Κοινή-13-8W-E27-6500K,2.49
2025-11-08,89095413,ECONOMY-Λάμπα-Led-Κερί-Fil-4-2W-E14-2700K-ΒL,1.99
2025-11-08,89095405,ECONOMY-Λάμπα-Led-Κοινή-13-8W-E27-3000K,2.49
2025-11-08,89096059,GLOW-_-BEAUTY-Σετ-Μπουκαλάκια-Ταξιδιού-3τεμ,2.49
2025-11-08,89096061,GLOW-_-BEAUTY-Θήκη-Σιλικόνης-Λεμονιού,2.99
2025-11-08,89095793,ECONOMY-Υγρό-Βερνίκι-Παπουτσιών-Λευκό-50ml,1.8
2025-11-08,89095504,GLOW-_-BEAUTY-Kitcen-Πινέλο-Σιλικόνης-Φαρδύ,3.99
2025-11-08,89095929,SCOTCH-BRITE-Σφουγγάρι-Classic-Πράσινο-3τεμ,2.69
2025-11-08,89095936,COVER-Κόλλα-Στιγμής-2Χ3γρ,2.99
2025-11-08,89095506,GLOW-_-BEAUTY-Kitchen-Μαρίζ-Σιλικόνης,3.99
2025-11-08,89095711,GLOW-_-BEAUTY-Πηρούνια-Πλαστικά-Επαναχρησιμοποιούμενα-6τεμ,0.99
2025-11-08,89095507,GLOW-_-BEAUTY-Kichen-Σπάτουλα-Σιλικόνης,3.99
2025-11-08,89095075,GLOW-_-BEAUTY-Πηρούνι-Φαγητού-με-Ξύλινο-Χέρι-6τεμ,5.99
2025-11-08,89095067,GLOW-_-BEAUTY-Απλώστρα-Κόκκινη-Μεταλλική-18m,9.99
2025-11-08,89088929,ΠΑΙΧΝΙΔΙ-Έκπληξη-Ήρωες-Αυγό-Κορίτσι,1.5
2025-11-08,89089319,GLOW-_-BEAUTY-Ταψί-Αντικολλητικό-35Χ27Χ5-4cm,8.54
2025-11-08,89089311,GLOW-_-BEAUTY-Home-Τηγάνι-Αντικολλητικό-Αλουμινίου-24cm,12.34
2025-11-08,89089314,GLOW-_-BLOW-Γκριλιέρα-Αντικολλητική-Αλουμινίου-28CM,17.09
2025-11-08,89089225,GLOW-_-BEAUTY-HOME-Ηλεκτρικό-Μίξερ-Χειρός-150watt,9.99
2025-11-08,89088612,GLOW-_-BEAUTY-Αρωματικό-κερί-Flower-Bouquet-140gr,4.99
2025-11-08,89088611,GLOW-_-BEAUTY-Αρωματικό-κερί-Pink-Orchid-140gr,4.99
2025-11-08,89088707,ECONOMY-Φαγητοδοχείο-για-ένα-Τοστάκι,1.29
2025-11-08,89088703,ECONOMY-Πιάτο-Φρούτου-Ριγέ-18Χ3εκ,0.89
2025-11-08,89088701,ECONOMY-Μπωλ-με-Καπάκι-11Χ5εκ,1.39
2025-11-08,89088711,ECONOMY-Φαγητοδοχείο-Παραληλόγραμμο-1700ml,2.99
2025-11-08,89088712,ECONOMY-Φαγητοδοχείο-Στρογγυλό-900ml,1.49
2025-11-08,89088780,ECONOMY-ρολό-υγείας-γκοφρέ-3φύλλων-χαμομήλι-10τμχ-800γρ,3.67
2025-11-08,89088876,GLOW-_-BEAUTY-Home-Τοστιέρα-Αντικολλητική-Μαύρη-750W,12.99
2025-11-08,89088874,GLOW-_-BEAUTY-Home-Πολυκόπτης-Λευκός-300W,13.99
2025-11-08,89084322,ECONOMY-Λάμπα-Led-11W-Ψυχρό,1.89
2025-11-08,89084305,GLOW-_-BEAUTY-Ανταλλακτικά-Αυτοστιβόμενης-Σφουγγαρίστρας,2.99
2025-11-08,89084297,ECONOMY-Tools-Κατσαβίδι-Μίνι,1.49
2025-11-08,89084299,ECONOMY-Tools-Αλφάδι,1.99
2025-11-08,89083033,ECONOMY-Σφουγγάρι-Κουζίνας-Antibacterial-3τεμ,0.94
2025-11-08,89079725,GLOW-_-BEAUTY-Home-Σετ-Θήκη-Σαπούνι-_-Οδοντόβουρτες,5.99
2025-11-08,89079630,GLOW-_-BEAUTY-Πετσέτα-Σώματος-Κόκκινο-100-Βαμβάκι-80χ150cm,9.99
2025-11-08,89079632,GLOW-_-BEAUTY-Πατάκι-Πετσέτα-Μπλε-100-Βαμβάκι-50Χ80cm,5.99
2025-11-08,89079619,GLOW-_-BEAUTY-Πετσέτα-Χεριών-Γαλάζιο-100-Βαμβάκι-30Χ50cm,1.49
2025-11-08,89070869,ECONOMY-Car-Σφουγγάρι-Αυτοκινήτου-Γίγας,1.49
2025-11-08,89079483,ECONOMY-Λουκέτο-Ασφαλείας-με-Κλειδί-38mm,4.99
2025-11-08,89078652,ECONOMY-Κουταλάκια-Γλυκού-Επαναχρησιμοποιούμενα-10τεμ,0.99
2025-11-08,89078155,ECONOMY-Πατάκι-Μπάνιου-Αντιολισθητικό-60χ40cm,4.99
2025-11-08,89077815,ECONOMY-Φορμάκια-Cupcake-Αλουμινίου-20τεμ,1.99
2025-11-08,89077811,ECONOMY-Ξύστρα-BBQ,2.99
2025-11-08,89077809,ECONOMY-Σχοινάκι-Γυμναστικής,2.99
2025-11-08,89070965,ECONOMY-Μπαταρία-Αλκαλική-9V-LR61-1τεμ,1.7
2025-11-08,89070963,ECONOMY-Μπαταρίες-Αλκαλικές-C-LR14-2τεμ,2.37
2025-11-08,89071070,ECONOMY-Μπαλόνια-Foil-Χρυσά-Νο4,0.66
2025-11-08,89071271,ECONOMY-ZOO-Λούτρινο-Αρκουδάκι,5.99
2025-11-08,89071258,ECONOMY-ZOO-Λούτρινο-Σκυλάκι,5.99
2025-11-08,89071069,ECONOMY-Μπαλόνια-Foil-Χρυσά-Νο3,0.66
2025-11-08,89071071,ECONOMY-Μπαλόνια-Foil-Χρυσά-Νο5,0.66
2025-11-08,89070794,ECONOMY-σκούπα-φαράσι-σετ,5.99
2025-11-08,89070723,ECONOMY-Σφουγγαρίστρα-Γίγας-με-Μικροΐνες,2.99
2025-11-08,89070514,ECONOMY-αντικολλητικό-χαρτί-φριτέζας-Air-Fryer-20cm-25τεμ,2.84
2025-11-08,89070510,ECONOMY-μπωλ-δημητριακών,1.99
2025-11-08,89070548,SWEET-HOME-ισοθερμική-τσάντα-30Χ32Χ20cm,1.29
2025-11-08,89070413,ECONOMY-καρφάκια-πίνακα-35τεμ,1.42
2025-11-08,89070415,ECONOMY-μπλοκ-ζωγραφικής-με-νερό,2.49
2025-11-08,89069915,ECONOMY-Πιάτα-Βαθιά-επαναχρησιμοποιούμενα-20τμχ,1.99
2025-11-08,89069383,ECONOMY-Βεγγαλικά-Τούρτας-με-σπινθήρες-10τμχ,1.7
2025-11-08,89016589,ECONOMY-Σακούλες-Απορριμμάτων-Μπλε-70x110cm,1.42
2025-11-08,50307049,ENERGIZER®-Μπαταρίες-Alkaline-Power--AA-Ε91-FSB4,4.59
2025-11-08,89043240,ECONOMY-Αναπτήρας-Αντιανεμικός-Με-Καπάκι,2.79
2025-11-08,89035913,ECONOMY-Ποτήρι-Βαζάκι-Με-Καλαμάκι-Πολύχρωμο,1.49
2025-11-08,89034849,ECONOMY-Απορροφητική-Πετσέτα-10τεμ-30x34cm,0.99
2025-11-08,89034198,ECONOMY-Κάδος-WC-με-Πεντάλ-10lt,8.99
2025-11-08,89034194,ECONOMY-Λεκάνη-Στρογγυλή-7lt,1.89
2025-11-08,89033775,ECONOMY-Σφουγγαρίστρα-Με-Μικροινες,3.99
2025-11-08,89032937,ECONOMY-Κουτάλα-Παγωτού,2.99
2025-11-08,89032883,ECONOMY-Σταχτοδοχείο-Γυάλινο,1.59
2025-11-08,89024874,ECONOMY-Αποχνουδωτής-Ρολό-Γίγας,2.79
2025-11-08,89024208,ECONOMY-Ξυλάκια-για-Σουβλάκια-21-5x3mm-200Τ,1.51
2025-11-08,89018843,ECONOMY-Ποτήρια-Για-Ζεστό-Σετ-Καπάκι-12Oz-8Τ,1.8
2025-11-08,89016684,ECONOMY-Γάντια-Latex-Γενικής-Χρήσης-με-Πούδρα-Large-100τεμ-,3.99
2025-11-08,89013577,ECONOMY-Καρβουνάκια-Κασετίνα-2Χ7,0.99
2025-11-08,89035739,ECONOMY-Σετ-Αλατοπίπερο,1.79
2025-11-08,89035238,ECONOMY-Παιχνίδι-Ξύλινος-Πύργος-με-Τουβλάκια,2.65
2025-11-08,89035186,ECONOMY-Καλαμάκια-Χάρτινα-25τεμ,0.99
2025-11-08,89034868,ECONOMY-Κούπα-Γίγας-Δημητριακών,1.79
2025-11-08,89033598,ECONOMY-Σετ-Ξύστρα-_-Γόμα,0.99
2025-11-08,89033593,ECONOMY-Ξύστρα-Μεταλλική,0.99
2025-11-08,89032880,ECONOMY-Αυγοκόφτης,1.99
2025-11-08,89032820,ECONOMY-Πάτος-Σιλικόνης-Φτέρνας-Για-Γυναίκες,2.84
2025-11-08,89032310,ECONOMY-Super-Αλκαλικές-Μπαταρίες-LR3-ΑAA-1-5V-8-τεμ,2.84
2025-11-08,89032060,ECONOMY-Καλώδιο-UsbAndroid-Ios,2.99
2025-11-08,89032055,ECONOMY-Βάση-Ξύλινη-Τετράγωνη-Για-Μαγειρικά-Σκεύη,1.51
2025-11-08,89031493,ECONOMY-Πολυκαθαριστής,1.99
2025-11-08,89031487,ECONOMY-Κουτάλα-Bamboo,1.61
2025-11-08,89030960,ECONOMY-Τσάντα-Δώρου-Ποτών-Διπλή,1.23
2025-11-08,89030016,ECONOMY-Βερνίκι-Αυτογυάλιστο-Ουδέτερο,1.89
2025-11-08,89029152,ECONOMY-Garden-Ταχυσύνδεσμος-Λάστιχου-Ποτίσματος,1.8
2025-11-08,89029137,ECONOMY-Καθαριστικό-Gel-Για-Αθλητικά-Παπούτσια,2.84
2025-11-08,89029135,ECONOMY-Προστατευτικό-Κάλυμμα-Τροφίμων-Μεταλλικό,1.89
2025-11-08,89028658,ECONOMY-Garden-Δεματικά-Πράσινα,1.89
2025-11-08,89028484,ECONOMY-Τρίφτης-Μεγάλος,4.99
2025-11-08,89027552,ECONOMY-Κερί-Ρεσώ-Άρωμα-Λεβάντα-10-τεμ,1.7
2025-11-08,89027550,ECONOMY-Κερι-Ρεσώ-Άρωμα-Βανίλια-10-τεμ,1.7
2025-11-08,89027508,ECONOMY-Μπαλόνια-100τεμ-,3.99
2025-11-08,89027337,ECONOMY-Χαρτί-Κουζίνας-2-Φύλλων-765gr,2.35
2025-11-08,89027286,ECONOMY-Τσάντα-Δώρου-Για-Ποτά,0.94
2025-11-08,89027044,ECONOMY-Αντιολισθητικό-Πατάκι-40Χ60-cm,2.84
2025-11-08,89026382,ECONOMY-Χαρτί-Κουζίνας-1kg,3.99
2025-11-08,89024875,ECONOMY-Πάτος-Υποδημάτων-Ανατομικός,2.37
2025-11-08,89022836,ECONOMY-Αποχνουδωτής-Ρολό-με-Ανταλλακτικό-20-Φύλλων,1.99
2025-11-08,89021899,ECONOMY-Φορμάκια-για-Cupcakes-9cm-75ΤΜΧ,1.19
2025-11-08,89019194,ECONOMY-Πανί-με-Μικροΐνες,1.89
2025-11-08,89019193,ECONOMY-Γάντια-Premium-Γενικής-Χρήσης-Extra-Large,1.89
2025-11-08,89018908,ECONOMY-Κεράκι-Γενεθλίων-,0.56
2025-11-08,89018906,ECONOMY-Κεράκι-Γενεθλίων-8,0.56
2025-11-08,89018905,ECONOMY-Κεράκι-Γενεθλίων-7,0.56
2025-11-08,89018899,ECONOMY-Κεράκι-Γενεθλίων-1,0.56
2025-11-08,89011888,ECONOMY-Foil-Αλουμινόχαρτο-30Μ,2.99
2025-11-08,89009816,ECONOMY-Σακούλες-Τροφίμων-Μεσαίες-26X32-2lt-50-τεμαχίων,0.89
2025-11-08,61004020,TAI-Κύβοι-Προσανάμματος-Κηροζίνης-42τμχ,1.69
2025-11-08,89068443,ECONOMY-Ανδρική-Φανέλα-Τιράντα-medium,3.99
2025-11-08,89068451,ECONOMY-Ανδρικό-Σλίπ-Medium-3τμχ,4.99
2025-11-08,89068608,ECONOMY-Σφήνες-Πόρτας-2τμχ,1.29
2025-11-08,89068601,ECONOMY-Κρεμάστρες-Σετ-3τμχ,1.49
2025-11-08,89068612,ECONOMY-Φίλτρο-Νεροχύτη-Καρδούλα-2τμχ,1.32
2025-11-08,89068212,ECONOMY-Χαρτοπετσέτες-Πολυτελείας-Κόκκινες-3Φ-33Χ33-20τμχ,0.99
2025-11-08,89068325,ECONOMY-Ηλεκτρικό-Επίστρωμα-Διπλό,29.9
2025-11-08,89068324,ECONOMY-Ηλεκτρικό-Επίστρωμα-Μονό,15.9
2025-11-08,89067852,ECONOMY-Αντλία-Λαδιού-45cm,2.99
2025-11-08,89067853,ECONOMY-Σετ-Φαράσι-με-Σκούπα,6.99
2025-11-08,89027112,ECONOMY-Φακός-Αλουμινίου-Led,3.79
2025-11-08,89067116,GLOW-AND-BEAUTY-Γάντι-Μπάνιου-από-Ίνες-Bamboo,2.84
2025-11-08,89067118,GLOW-AND-BEAUTY-Σφουγγάρι-Μπάνιου-από-Bamboo-_-Βαμβάκι,2.84
2025-11-08,89066976,ECONOMY-Επίστρωμα-Αδιάβροχο-Πετσετέ-100Χ200cm,9.99
2025-11-08,89054003,ECONOMY-Σακούλες-Τροφίμων-με-Zip-Κλείσιμο-4-5lt-15τεμ-,1.79
2025-11-08,89052795,ECONOMY-Κερί-Αφιέρωσης-με-LED,3.99
2025-11-08,89051711,ECONOMY-Χαρτί-Υγείας-με-Άρωμα-3-Φύλλων-10τεμ-,3.99
2025-11-08,89051518,ECONOMY-Πηρουνάκι-Ξύλινο-Οικολογικό-10τεμ,0.94
2025-11-08,89050401,ECONOMY-Κάλτσες-Γυναικείες-Μακριές-Ασορτί-3τεμ-,2.99
2025-11-08,89050397,ECONOMY-Κάλτσες-Γυναικείες-Κοντές-Ασορτί-3τεμ-,2.84
2025-11-08,89050396,ECONOMY-Κάλτσες-Γυναικείες-Ημίκοντες-Μαύρο-3τεμ-,2.84
2025-11-08,89050394,ECONOMY-Κάλτσες-Γυναικείες-Ημίκοντες-Ασορτί-3τεμ-,2.84
2025-11-08,89050392,ECONOMY-Κάλτσες-Αντρικές-Μακριές-Μαύρο-3τεμ-,2.99
2025-11-08,89049077,ECONOMY-Πιάτο-Bamboo-23cm-6τεμ-,1.69
2025-11-08,89048474,ECONOMY-Κάλτσες-Αθλητικές-Λευκές-One-Size-2τεμ-,2.49
2025-11-08,89048394,ΜΙΚΡΕΣ-ΦΑΡΜΕΣ-ΤΟΥ-ΒΟΥΝΟΥ-Λίπασμα-για-Πράσινα-Φυτά-450ml,3.79
2025-11-08,89048392,ΜΙΚΡΕΣ-ΦΑΡΜΕΣ-ΤΟΥ-ΒΟΥΝΟΥ-Φυτόχωμα-20lt,1.89
2025-11-08,89047030,ECONOMY-Σίτα-Άχνης-Ανοξείδωτη,4.99
2025-11-08,20505011,ΦΙΛΝΤΙΣΗΣ-Βενζίνη-Καθαρή-450ml,1.99
2025-11-08,89046790,ECONOMY-Σχάρα-Ψησίματος-BΒQ,3.99
2025-11-08,89088524,GLOW-_-BEAUTY-Καλτσάκι-Ελαστικό-Vanisse-15Den-2τεμ-Μαύρο,1.99
2025-11-08,89084300,ECONOMY-Tools-Κοπίδι,1.49
2025-11-08,89084312,ΤΑΙ-Fire-_-BBQ-Ξυλοκάρβουνα-3Kg,6.64
2025-11-08,89084304,GLOW-_-BEAUTY-Κουβάς-Σφουγγαρίσματος-_-Αυτοστιβόμενη-Σφουγγαρίστρα,15.99
2025-11-08,89084301,ECONOMY-Tools-Γκαζοτανάλια,7.99
2025-11-08,89084303,ECONOMY-Tools-Γαλλικό-Κλειδί,6.99
2025-11-08,89084298,ECONOMY-Tools-Σταυροκατσάβιδο-Μίνι,1.49
2025-11-08,89084317,ESTIA-Τηλέφωνο-Ντους-Χρωμίου-6-7cm,3.99
2025-11-08,89082990,ECONOMY-Γάντια-Latex-One-Size-8τεμ,0.75
2025-11-08,89083032,ECONOMY-Σφουγγάρι-Κουζίνας-Antibacterial,0.37
2025-11-08,89082672,ECONOMY-Tools-Άλεν-σετ-9τεμ,3.99
2025-11-08,89079634,GLOW-_-BEAUTY-Πατάκι-Πετσέτα-Κόκκινο-100-Βαμβάκι-50Χ80cm,5.99
2025-11-08,89079628,GLOW-_-BEAUTY-Πετσέτα-Σώματος-Μπλε-100-Βαμβάκι-80χ150cm,9.99
2025-11-08,89079633,GLOW-_-BEAUTY-Πατάκι-Πετσέτα-Γκρι-100-Βαμβάκι-50Χ80cm,5.99
2025-11-08,89079621,GLOW-_-BEAUTY-Πετσέτα-Χεριών-Γκρι-100-Βαμβάκι-30Χ50cm,1.49
2025-11-08,89079526,ECONOMY-Παιδικές-Σαπουνόφουσκες-3τεμ,1.99
2025-11-08,89079418,ECONOMY-Κουβάς-με-Στίφτη-13lt,3.49
2025-11-08,89078157,GLOW-_-BEAUTY-Κεριά-Λευκά-Κολώνα-Μεγάλα-2τεμ,2.99
2025-11-08,89070964,ECONOMY-Μπαταρίες-Αλκαλικές-D-LR20-2τεμ,2.99
2025-11-08,89071075,ECONOMY-Μπαλόνια-Foil-Χρυσά-Νο9,0.66
2025-11-08,89071067,ECONOMY-Μπαλόνια-Foil-Χρυσά-Νο1,0.66
2025-11-08,89071068,ECONOMY-Μπαλόνια-Foil-Χρυσά-Νο2,0.66
2025-11-08,89071269,ECONOMY-ZOO-Λούτρινο-Αρκουδάκι-με-Μπλούζα,5.99
2025-11-08,89071270,ECONOMY-ZOO-Λούτρινο-Αρκουδάκι-Ριγέ-Μπλούζα,5.99
2025-11-08,89071255,ECONOMY-ZOO-Λούτρινο-Μονόκερος,5.99
2025-11-08,89071268,ECONOMY-ZOO-Λούτρινο-Αγελαδίτσα,5.99
2025-11-08,89071296,GLOW-_-BEAUTY-Χαρτί-Υγείας-3φ-10τεμ-800γρ,3.79
2025-11-08,89071051,ECONOMY-Μαγικός-Πίνακας-Tablet-10-5-,8.54
2025-11-08,89070593,ECONOMY-Φόρμα-Σιλικόνης-Φρυτέζας-Αέρος-17χ5cm,2.84
2025-11-08,89070988,GLOW-_-BEAUTY-Αρωματικά-Κεριά-Κορμοί-σετ-4τεμ,1.99
2025-11-08,89070855,ECONOMY-σακούλες-κορνέ-ζαχαροπλαστικής-20τεμ,1.89
2025-11-08,89070792,GLOW-_-BEAUTY-αρωματικά-ρεσώ-γίγας-6τεμ,3.99
2025-11-08,89070721,ECONOMY-σφουγγαρίστρα-super-γίγας,1.51
2025-11-08,89070602,ECONOMY-καθαριστικό-ταπετσαρίας-αυτοκινήτου-500ml,2.37
2025-11-08,89070511,ECONOMY-γυάλινο-καντήλι,1.99
2025-11-08,89070406,ECONOMY-γεωμετρικά-σχήματα-χάρακες-4τεμ,0.99
2025-11-08,89070412,ECONOMY-πινέζες-πολύχρωμες-80τεμ,1.42
2025-11-08,89070405,ECONOMY-ξυλομπογιές-12τεμ,1.49
2025-11-08,89070408,ECONOMY-νερομπογιές-με-πινέλο-12τεμ,1.49
2025-11-08,89070414,ECONOMY-χαρτάκια-σημειώσεων-100φ,1.99
2025-11-08,89070274,ECONOMY-γυάλινο-ποτήρι-καπάκι-με-δέρμα-600ml,3.99
2025-11-08,89069046,ECONOMY-Λάμπα-Led-κερί-filament-4-5W-E14,1.99
2025-11-08,89069049,ECONOMY-Λάμπα-Led-Γλόμπος-6W-E14-2700K,1.99
2025-11-08,89069377,ARTEMIS-Ποτήρι-Σωλήνα-415cc,1.49
2025-11-08,89069376,ARTEMIS-Ποτήρι-Soft-Drink-340cc,1.29
2025-11-08,89069378,LAL-Ποτήρι-Ουίσκι-345cc,1.69
2025-11-08,89097047,ECONOMY-Σακούλες-Τροφίμων-Medium-20X30-50τμχ-,0.99
2025-11-08,89097046,ECONOMY-Σακούλες-Τροφίμων-Large-25X40-50τμχ-,1.29
2025-11-08,89096606,GLOW-AND-BEAUTY-Πανάκια-Microfibra-30X30-3τμχ-,0.99
2025-11-08,89097045,ECONOMY-Σακούλες-Τροφίμων-ZIP-Small-20X19-20τμχ-,1.89
2025-11-08,89088817,ECONOMY-Κάλτσες-Μακριές-Αγόρι-3-Ζευγάρια-9-11-Μέγεθος,2.79
2025-11-08,89088821,ECONOMY-Κάλτσες-Ημίκοντες-Κορίτσι-3-Ζευγάρια-3-5-Μέγεθος,2.79
2025-11-08,89096949,GLOW-_-BEAUTY-Αφρώδες-Διπλό-Αεροστόπ-Πόρτας,2.99
2025-11-08,89096946,GLOW-_-BEAUTY-Δοχείο-Φαγητού-Πλαστικό-Take-Away-800ml,3.99
2025-11-08,89062309,TAI-Κερί-Αφιέρωσης-Λευκό-4-Ημερών,1.99
2025-11-08,89096857,GLOW-AND-BEAUTY-Ομπρέλα-Σπαστή-Σε-Θήκη,7.99
2025-11-08,89096668,FROZEN-Σετ-Παιδικά-Αυτοκόλλητα,1.99
2025-11-08,89096490,GLOW-_-BEAUTY-Αρωματικό-Κερί-Καραμέλα-σε-Βαζάκι,4.99
2025-11-08,89088713,GLOW-_-BEAUTY-Μπωλ-Ζαχαροπλαστικής-3lt,3.49
2025-11-08,89096251,GLOW-_-BEAUTY-Πλαστικό-Ποτήρι-με-Καλαμάκι-450ml,2.49
2025-11-08,89096252,GLOW-_-BEAUTY-Πλαστικό-Ποτήρι-3D-με-Φρούτα-800ml,2.99
2025-11-08,89088622,GLOW-_-BEAUTY-Home-Πιρούνι-Γαφητού-Mat-gold-inox,1.99
2025-11-08,89096296,SWIFFER-Υγρά-Ανταλλακτικά-Πανάκια-10τεμ,4.29
2025-11-08,89096352,GLOW-_-BEAUTY-Φλυτζάνι-για-Espresso,0.99
2025-11-08,89095411,ECONOMY-Λάμπα-Α60-Fil-9-5W-E27-2700K-CL,2.37
2025-11-08,89095409,ECONOMY-Λάμπα-Led-Σφαίρα-2-2W-E14-3000K,1.89
2025-11-08,89095410,ECONOMY-Λάμπα-Led-Σφαίρα-4-2W-E27-3000K,1.89
2025-11-08,89096063,GLOW-_-BEAUTY-Θήκη-Σιλικόνης-Κρεμμυδιού,2.99
2025-11-08,89095071,GLOW-_-BEAUTY-Ταψί-Βαθύ-Αντικολλητικό-39Χ25-5Χ5cm,5.69
2025-11-08,89096026,GLOW-_-BEAUTY-Home-Coffee-Mug-Ανοξείδωτο-Μπλε-400ml,9.99
2025-11-08,89096025,GLOW-_-BEAUTY-Home-Coffee-Mug-Ανοξείδωτο-Μαύρο-400ml,9.99
2025-11-08,89095863,ECONOMY-Σετ-Ραπτικής-Τσαντάκι,1.99
2025-11-08,89095713,GLOW-_-BEAUTY-Home-Πλαστικό-Μπωλ-με-Καπάκι-2lt,1.99
2025-11-08,89088928,ΠΑΙΧΝΙΔΙ-Έκπληξη-Ήρωες-Μικρό-Αυγό-Αγόρι,1.5
2025-11-08,89095065,GLOW-_-BEAUTY-Γυάλινο-Βάζο-με-Βιδωτό-Καπάκι-1000ml,0.99
2025-11-08,89089318,GLOW-_-BEAUTY-Home-Ταψί-Αντικολλητικό-Αλουμινίου-45Χ30-6cm,12.34
2025-11-08,89089317,GLOW-_-BEAUTY-Home-Ημιχύτρα-με-Καπάκι-Αντικολλητική-28cm,28.49
2025-11-08,89089316,GLOW-_-BEAUTY-Home-Κατσαρόλα-με-Καπάκι-Αντικολλητική-28cm,30.39
2025-11-08,89089312,GLOW-_-BEAUTY-Home-Τηγάνι-Αντικολλητικό-Αλουμινίου-28cm,15.19
2025-11-08,89089227,GLOW-_-BEAUTY-HOME-Φρυγανιέρα-2-θέσεων-700watt,15.99
2025-11-08,89089221,GLOW-_-BEAUTY-HOME-Πιστολάκι-Μαλλιών-με-φισούνα-2200watt,16.99
2025-11-08,89088795,GLOW-_-BEAUTY-Κουβέρτα-Fleece-220X240cm,9.99
2025-11-08,89088696,ECONOMY-Καλαθάκι-Τακτοποίησης-13-5Χ13-5εκ,0.99
2025-11-08,89088709,ECONOMY-Φαγητοδοχείο-Παραλληλόγραμμο-500ml,1.42
2025-11-08,89088841,GLOW-_-BEAUTY-Κουβάς-Σφουγγαρίσματος-16lt,4.74
2025-11-08,89043302,ΤΑΙ-KITCHEN-STORIES-Φιαλίδιο-Ασφαλείας-450-γρ-,4.99
2025-11-08,89013583,ΜΕΤΑΛΛΕΞ-Θυμιατό-Κεραμικό-8x11x8-1τεμ,2.89
2025-11-08,60801022,ΕΛ-ΓΚΡΕΚΟ-Βάση-Εστίας-CV470-Plus,7.19
2025-11-08,60102028,SANITAS-Κλασική-Διαφανής-Μεμβράνη-30-μέτρα,2.49
2025-11-08,60101001,SANITAS-Αλουμινόχαρτο-10M,2.09
2025-11-08,50307138,ENERGIZER®-Μπαταρίες-MAX--9V-6LR61-FSB1,6.69
2025-11-08,60706037,MADONA-Αυτοκόλλητη-Ταινία-Συσκευασίας-Καφέ-50m,1.2
2025-11-08,89036218,ECONOMY-Σιδερόπανο-Εμπριμέ-140x50cm,4.99
2025-11-08,89034197,ECONOMY-Καλάθι-Ρούχων-Στρογγυλό-34lt,5.69
2025-11-08,89034195,ECONOMY-Λεκάνη-Στρογγυλή-5lt,1.7
2025-11-08,89034189,ECONOMY-Πιατοθήκη-_-Δίσκος,5.99
2025-11-08,89032691,ECONOMY-Σφουγγάρι-Μπάνιου-Διπλής-Όψεως-Massage,0.48
2025-11-08,89032168,ECONOMY-Σφουγγάρι-Κουζίνας-Φίμπρα-4τεμ-,1.29
2025-11-08,89031745,ΜΙΚΡΕΣ-ΦΑΡΜΕΣ-ΤΟΥ-ΒΟΥΝΟΥ-Ξυλοκάρβουνα-4kg,5.99
2025-11-08,89029166,ECONOMY-Σφουγγάρι-Κουζίνας-Με-Fibra,0.48
2025-11-08,89028470,ECONOMY-Πετσέτα-Απορροφητική-Νο1,0.85
2025-11-08,89022275,ECONOMY-Λύφι-Γάντι-Μπάνιου,3.79
2025-11-08,89018841,ECONOMY-Ποτήρια-Πλαστικά-Freddo-Σετ-Καπάκι-10Τ,1.8
2025-11-08,89018821,ECONOMY-Χαρτί-Κουζίνας-1-46kg,5.99
2025-11-08,89017204,ECONOMY-Πανάκια-Ηλεκτροστατικής-Δράσης-22x28cm-20τεμ-,1.7
2025-11-08,89016776,ECONOMY-Γάντια-Γενικής-Χρήσης-Medium,0.94
2025-11-08,89016683,ECONOMY-Γάντια-Latex-Γενικής-Χρήσης-με-Πούδρα-Medium-100τεμ-,3.99
2025-11-08,89014110,ECONOMY-Κοντάρι,0.94
2025-11-08,89014108,ECONOMY-Κοντάρι-Χρωμίου,2.84
2025-11-08,89013580,ECONOMY-Μελισσοκέρι-30γρ-,0.99
2025-11-08,89013422,ECONOMY-Χαρτί-Κουζίνας-315gr,1.8
2025-11-08,89013348,ECONOMY-Σακούλες-Απορριμμάτων-WC-Mini-Αρωματικές-45x55cm-30τεμ-,0.66
2025-11-08,89012194,ECONOMY-Μανταλάκια-Σιλικόνης-12τεμ-,1.51
2025-11-08,89012045,ECONOMY-Σφουγγαρίστρα-Καρώ-Πορτοκαλί,1.42
2025-11-08,89010099,ECONOMY-Πετσετάκι-Κουζίνας-Φίμπρα-124x183mm,0.75
2025-11-08,89007468,ECONOMY-Σακούλες-Απορριμμάτων-Γίγας-70x95cm,1.42
2025-11-08,89007325,ECONOMY-Υγρή-Σπογγοπετσέτα-Νο1-3τεμ-,1.89
2025-11-08,89007324,ECONOMY-Σφουγγάρι-Κουζίνας-6τεμ-,0.99
2025-11-08,89006156,ECONOMY-Χαρτί-Υγείας-Γκοφρέ-8τεμ-344gr,1.7
2025-11-08,60402043,ECONOMY-Συρματάκι-Κουζίνας-Χρυσό,0.75
2025-11-08,30103294,ECONOMY-Χαρτί-Κουζίνας-2x370gr,3.99
2025-11-08,89037820,ECONOMY-Ομπρέλα-Αυτόματη-Εμπριμέ,7.99
2025-11-08,89035740,ECONOMY-Αυτοκόλλητα-Διπλής-Όψεως-320-τεμ,2.37
2025-11-08,89035184,ECONOMY-Μαγική-Άμμος,2.99
2025-11-08,89035181,ECONOMY-Παιχνίδι-Πλαστελίνη-σε-Διάφορα-Χρώματα-12τεμ-,1.99
2025-11-08,89035171,ECONOMY-Αυτοκινητάκια-Μεταλλικά,2.99
2025-11-08,89033774,ECONOMY-Κρεμάστρες-Αυτοκόλλητες-Σετ,2.99
2025-11-08,89033711,ECONOMY-Πάτος-Σιλικόνης-Μεταταρσίου,2.84
2025-11-08,89033585,ECONOMY-Στυλό-5-Τεμ,1.7
2025-11-08,89033583,ECONOMY-Στυλό-4-Τεμ-Ball-Pen,1.29
2025-11-08,89033092,ECONOMY-Βεντάλια,1.79
2025-11-08,89032875,ECONOMY-Σελοτέιπ-6-Τεμ,1.79
2025-11-08,89032610,ECONOMY-Ποντίκι-Υπολογιστή-Ασύρματο,6.99
2025-11-08,89032608,ECONOMY-Σουρωτήρι-Πλαστικό-Με-Χερούλι,2.37
2025-11-08,89032062,ECONOMY-Τουβλάκια,4.99
2025-11-08,89032027,ECONOMY-Πάτοι-Σιλικόνης-Για-Γυναίκες-One-Size,4.74
2025-11-08,89031491,ECONOMY-Πένσα-Για-Καρύδια,3.99
2025-11-08,89031482,ECONOMY-Βούρτσα-Για-Σχάρα,2.79
2025-11-08,89031344,ECONOMY-Πάτος-Ανδρικός-Υποδημάτων-Για-Αθλητικά-Παπούτσια,1.89
2025-11-08,89031333,ECONOMY-Μανταλάκια-Σιλικόνης-10τεμ-,1.89
2025-11-08,89029289,ECONOMY-Αποσμητικό-Υποδημάτων,2.84
2025-11-08,89029147,ECONOMY-Κολλητική-Ταινία-Διπλής-Όψης-1-8Χ10-cm,1.19
2025-11-08,89029143,ECONOMY-Γαντζάκι-Με-Βεντούζα-3-τεμ,2.84
2025-11-08,89027647,ECONOMY-Θήκη-Αδιάβροχη-Αποθήκευσης-Ρούχων-104x44x14cm,2.84
2025-11-08,89027639,ECONOMY-Θήκη-Φύλαξης-για-Κουστούμια-60x99cm,1.89
2025-11-08,89027287,ECONOMY-Μυγοσκοτώστρα-Σιλικόνης,1.49
2025-11-08,89027053,ECONOMY-Κορδόνια-Υποδημάτων-Καφέ-Χρώμα,1.42
2025-11-08,89027043,ECONOMY-Αντιολισθητικό-Πατάκι-38Χ92-cm,3.49
2025-11-08,89026984,ECONOMY-Πιρούνι-Σετ-3-Τμ,1.99
2025-11-08,89026983,ECONOMY-Κουτάλι-Σετ-3-Τμ,1.99
2025-11-08,89026464,ECONOMY-Λάμπα-Led-11W,2.37
2025-11-08,89023852,ECONOMY-Καμινέτο-Πλαστικό-Γαλάζιο,11.99
2025-11-08,89023747,ECONOMY-Πάστα-Υποδημάτων-Καφέ-Χρώμα,1.7
2025-11-08,89023742,ECONOMY-Μανταλάκια-Γίγας-4τεμ-,1.8
2025-11-08,89022566,ECONOMY-Σετ-Ταπερ-Μικροκυμάτων-4-Τμχ,4.99
2025-11-08,89021032,ECONOMY-Γάντια-Premium-Γενικής-Χρήσης-Small,1.89
2025-11-08,89020700,DAILY-Gas-Φιαλίδιο-Διάτρητο-Βουτανίου-SGS-190gr,1.29
2025-11-08,89019191,ECONOMY-Γάντια-Premium-Γενικής-Χρήσης-Medium,1.89
2025-11-08,89009817,ECONOMY-Σακούλες-για-Παγάκια-234-ΤΜΧ-13X18-μεγάλα,0.75
2025-11-08,89002681,ECONOMY-Ομπρέλα-Μονόχρωμη-Mini-Απλή,3.99
2025-11-08,89079675,AROXOL-Pet-Απωθητικό-κουνουπιών-σκνιπών-_-τσιμπουριών-νέο-προϊόν-350ml,6.92
2025-11-08,89053850,ECONOMY-Άμμος-Υγιεινής-για-Γάτες-με-άρωμα-Λεβάντα-5kg,3.99
2025-11-08,89048442,ECONOMY-Γατοτροφή-Πατέ-με-Κοτόπουλο-_-Γαλοπούλα-100gr,0.56
2025-11-08,89095188,ΜΙΚΡΕΣ-ΦΑΡΜΕΣ-ΤΟΥ-ΒΟΥΝΟΥ-Pet-Friends-Ξηρά-Τροφή-Σκύλου-με-Κοτόπουλο-10Kg,12.6
2025-11-08,89095202,ΜΙΚΡΕΣ-ΦΑΡΜΕΣ-ΤΟΥ-ΒΟΥΝΟΥ-Pet-Friends-Υγρή-Τροφή-Σκύλου-με-Συκώτι-1240γρ,1.89
2025-11-08,89095196,ΜΙΚΡΕΣ-ΦΑΡΜΕΣ-ΤΟΥ-ΒΟΥΝΟΥ-Pet-Friends-Υγρή-Τροφή-Γάτας-με-Ψάρι-415γρ,0.85
2025-11-08,89058913,CESAR-Υγρή-Τροφή-Σκύλου-Κοτόπουλο-150γρ,1.69
2025-11-08,89070959,PEDIGREE-Dentastix-Μπισκότα-Large-154γρ,2.99
2025-11-08,89070858,ECONOMY-πετσέτα-για-κατοικίδια-40Χ60cm,2.99
2025-11-08,89043256,WHISKAS-Ξηρά-Τροφή-Γάτας-Νοσχάρι-Adult-300-γρ-,2.39
2025-11-08,14101119,PEDIGREE-Denta-Stix-small-110g,2.99
2025-11-08,14101015,PEDIGREE-Σκυλοτροφή-Πατέ-με-Μοσχάρι-_-Συκώτι-300gr,2.32
2025-11-08,89043565,ECONOMY-Κροκέτες-Κρεατικών-για-Σκύλους-4kg,5.99
2025-11-08,89029705,ECONOMY-Σκυλοτροφή-Πατέ-με-Μοσχάρι-_-Καρότα-300gr,0.94
2025-11-08,89029034,ECONOMY-Γατοτροφή-Πατέ-με-Βοδινό-_-Καρδιά-100gr,0.56
2025-11-08,89027353,ECONOMY-Υγρή-Γατοτροφή-με-Ψάρι-405gr,0.79
2025-11-08,89027113,ECONOMY-Γατοτροφή-Πατέ-με-Κοτόπουλο-_-Κουνέλι-100gr,0.56
2025-11-08,89068755,ECONOMY-Παιχνίδι-Σκύλου-Κόκαλο-Σιλικόνης,1.5
2025-11-08,89068754,ECONOMY-Βούρτσα-Σκύλου-Διπλής-Όψης,3.99
2025-11-08,89053841,ECONOMY-Σαμπουάν-για-Ζωάκια-500ml,2.99
2025-11-08,89053070,FELIX-Υγρή-Γατοτροφή-Ζελέ-με-Βοδινό-85gr,0.77
2025-11-08,89049803,ECONOMY-Θήκη-για-Σακούλες-Απορριμμάτων-Κατοικιδίων-30τεμ-,1.89
2025-11-08,89095190,ΜΙΚΡΕΣ-ΦΑΡΜΕΣ-ΤΟΥ-ΒΟΥΝΟΥ-Pet-Friends-Ξηρά-Τροφή-Σκύλου-με-Κοτόπουλο-3Kg,3.99
2025-11-08,89095189,ΜΙΚΡΕΣ-ΦΑΡΜΕΣ-ΤΟΥ-ΒΟΥΝΟΥ-Pet-Friends-Ξηρά-Τροφή-Σκύλου-με-Βοδινό-10Kg,12.6
2025-11-08,89095203,ΜΙΚΡΕΣ-ΦΑΡΜΕΣ-ΤΟΥ-ΒΟΥΝΟΥ-Pet-Friends-Υγρή-Τροφή-Σκύλου-με-Βοδινό-1240γρ,1.89
2025-11-08,89095192,ΜΙΚΡΕΣ-ΦΑΡΜΕΣ-ΤΟΥ-ΒΟΥΝΟΥ-Pet-Friends-Υγρή-Τροφή-Γάτας-με-Ελάφι-415γρ,0.85
2025-11-08,89089252,ΜΙΚΡΕΣ-ΦΑΡΜΕΣ-ΤΟΥ-ΒΟΥΝΟΥ-Άμμος-Υγιεινής-Λεβάντα-5κιλά,2.84
2025-11-08,89089175,PEDIGREE-Φακελάκια-Μοσχάρι-Κοτόπουλο-4Χ100γρ,2.99
2025-11-08,89070724,ECONOMY-μαντηλάκια-κατοικίδιων-50τεμ,1.89
2025-11-08,89070308,ECONOMY-μους-γάτας-με-ψάρι-85γρ,0.59
2025-11-08,89029032,ECONOMY-Γατοτροφή-Πατέ-με-Σολομό-400gr,0.75
2025-11-08,89029030,ECONOMY-Junior-Υγρή-Τροφή-για-Κουτάβια-με-Κοτόπουλο-_-Γαλοπούλα-405gr,0.79
2025-11-08,89027106,ECONOMY-Υγρή-Σκυλοτροφή-με-Βοδινό-405γρ,0.59
2025-11-08,89027105,ECONOMY-Υγρή-Σκυλοτροφή-με-Κοτόπουλο-_-Γαλοπούλα-1250gr,1.7
2025-11-08,89069279,ECONOMY-Πλαστικό-Παιχνίδι-Σκύλου,1.99
2025-11-08,89069267,ECONOMY-Υπόστρωμα-Κατοικίδιων-60Χ90-15τμχ,5.99
2025-11-08,89069274,ECONOMY-Μπαλάκι-Παιχνίδι-Σκύλου,1.99
2025-11-08,89068756,ECONOMY-Μηχανικό-Λουρί-Σκύλου,5.99
2025-11-08,89068752,ECONOMY-Παιχνίδι-Σχοινί-με-μπαλάκια,2.99
2025-11-08,89051806,ECONOMY-Σακούλες-Απορριμμάτων-Κατοικιδίων-3x15τεμ-,1.42
2025-11-08,89079496,ECONOMY-Ξηρά-Τροφή-για-Σκύλους-10Kg,11.99
2025-11-08,89070352,KITEKAT-γάτας-κοτόπουλο-_-σάλτσα-85γρ,0.69
2025-11-08,89069277,ECONOMY-Μπωλ-φαγητού-_-νερού-Κατοικίδιων,2.84
2025-11-08,89070161,PEDIGREE-σκύλου-dentastix-medium-128γρ,2.99
2025-11-08,89095191,ΜΙΚΡΕΣ-ΦΑΡΜΕΣ-ΤΟΥ-ΒΟΥΝΟΥ-Pet-Friends-Ξηρά-Τροφή-Σκύλου-με-Βοδινό-3Kg,3.99
2025-11-08,89095193,ΜΙΚΡΕΣ-ΦΑΡΜΕΣ-ΤΟΥ-ΒΟΥΝΟΥ-Pet-Friends-Υγρή-Τροφή-Γάτας-με-Βοδινό-415γρ,0.85
2025-11-08,89095195,ΜΙΚΡΕΣ-ΦΑΡΜΕΣ-ΤΟΥ-ΒΟΥΝΟΥ-Pet-Friends-Υγρή-Τροφή-Γάτας-με-Πουλερικά-415γρ,0.85
2025-11-08,89095201,ΜΙΚΡΕΣ-ΦΑΡΜΕΣ-ΤΟΥ-ΒΟΥΝΟΥ-Pet-Friends-Υγρή-Τροφή-Σκύλου-με-Πουλερικά-1240γρ,1.89
2025-11-08,89095194,ΜΙΚΡΕΣ-ΦΑΡΜΕΣ-ΤΟΥ-ΒΟΥΝΟΥ-Pet-Friends-Υγρή-Τροφή-Γάτας-με-Συκώτι-415γρ,0.85
2025-11-08,89043255,WHISKAS-Ξηρά-Τροφή-Γάτας-Κοτόπουλο-Junior-300-γρ-,2.39
2025-11-08,89043254,WHISKAS-Ξηρά-Τροφή-Γάτας-Κοτόπουλο-Adult-300-γρ-,2.39
2025-11-08,14101014,PEDIGREE-Σκυλοτροφή-Πατέ-με-Κοτόπουλο-_-Μοσχάρι-300gr,2.32
2025-11-08,89029028,ECONOMY-Υγρή-Σκυλοτροφή-με-Βοδινό-_-Λαχανικά-405gr,0.79
2025-11-08,89027595,ECONOMY-Γατοτροφή-Πατέ-με-Σολομό-100gr,0.43
2025-11-08,89069276,ECONOMY-Κολάρο-Σκύλου-με-Πλέξη,2.84
2025-11-08,89053071,FELIX-Υγρή-Γατοτροφή-Ζελέ-με-Κοτόπουλο-85gr,0.77
2025-11-08,89096337,TAI-Pet-Care-Spray-Εντομοαπωθητικό-300ml,6.89
2025-11-08,89096279,ΜΙΚΡΕΣ-ΦΑΡΜΕΣ-ΤΟΥ-ΒΟΥΝΟΥ-Pet-Friends-Πατέ-Γάτας-Βοδινό-100γρ,0.66
2025-11-08,89096280,ΜΙΚΡΕΣ-ΦΑΡΜΕΣ-ΤΟΥ-ΒΟΥΝΟΥ-Pet-Friends-Πατέ-Γάτας-Πουλερικά-100γρ,0.66
2025-11-08,89095199,ΜΙΚΡΕΣ-ΦΑΡΜΕΣ-ΤΟΥ-ΒΟΥΝΟΥ-Pet-Friends-Ξηρά-Τροφή-Γάτας-με-Ψάρι-3Kg,5.81
2025-11-08,89095197,ΜΙΚΡΕΣ-ΦΑΡΜΕΣ-ΤΟΥ-ΒΟΥΝΟΥ-Pet-Friends-Ξηρά-Τροφή-Γάτας-Βοδινό-3Kg,5.81
2025-11-08,89095207,ΜΙΚΡΕΣ-ΦΑΡΜΕΣ-ΤΟΥ-ΒΟΥΝΟΥ-Pet-Friends-Υγρή-Τροφή-Σκύλου-με-Βοδινό-415γρ,0.85
2025-11-08,89095206,ΜΙΚΡΕΣ-ΦΑΡΜΕΣ-ΤΟΥ-ΒΟΥΝΟΥ-Pet-Friends-Υγρή-Τροφή-Σκύλου-με-Συκώτι-415γρ,0.85
2025-11-08,89071229,ECONOMY-Γάτας-Σολομός-_-Τόνος-100γρ,0.56
2025-11-08,89071230,ECONOMY-Γάτας-Κοτόπουλο-100γρ,0.56
2025-11-08,89070307,ECONOMY-μους-γάτας-με-βοδινό-85γρ,0.59
2025-11-08,89070305,ECONOMY-μους-γάτας-με-κοτόπουλο-85γρ,0.59
2025-11-08,89043251,PEDIGREE-Τροφή-Σκύλου-Rodeo-Σνακ-Μοσχάρι-_-Τυρί-7τεμ,2.99
2025-11-08,89034875,PEDIGREE-Tasty-Bites-Cheesy-Bites-140-γρ-,2.18
2025-11-08,89034874,PEDIGREE-Tasty-Bites-Chewy-Cubes-130-γρ-,2.18
2025-11-08,89001299,PEDIGREE-Rodeo-Σνακ-με-Μοσχάρι-για-Σκύλους-4τεμ-70gr,2.29
2025-11-08,89029035,ECONOMY-Άμμος-Υγιεινής-για-Γάτες-5kg,3.99
2025-11-08,89069275,ECONOMY-Γάντι-Καθαρισμού-Σκύλου-και-Γάτας,2.99
2025-11-08,89068757,ECONOMY-Παιχνίδι-Μπαλάκι-Πλεκτό,1.89
2025-11-08,89068397,WHISKAS-Φάκελος-Πουλερικών-_-Ψαρικών-σε-Ζελέ-4Χ85gr,2.79
2025-11-08,89048441,ECONOMY-Γατοτροφή-Πατέ-με-Κοτόπουλο-_-Ζαμπόν-για-Στειρωμένες-Γάτες-100gr,0.56
2025-11-08,89078152,PEDIGREE-Junior-Mini-Ξηρή-Τροφή-Σκύλου-500γρ,2.99
2025-11-08,89001297,CESAR-Senior-10-Κοτόπουλο-_-Ρύζι-150γρ,1.69
2025-11-08,89071228,ECONOMY-Γάτας-Βοδινό-_-Λαχανικά-100γρ,0.56
2025-11-08,89096283,ΜΙΚΡΕΣ-ΦΑΡΜΕΣ-ΤΟΥ-ΒΟΥΝΟΥ-Pet-Friends-Πατέ-Σκύλου-Πουλερικά-300γρ,0.99
2025-11-08,89095691,ECONOMY-Υγιεινά-Υποστρώματα-για-Κατοικίδια-60Χ60cm-16τεμ,4.99
2025-11-08,89095204,ΜΙΚΡΕΣ-ΦΑΡΜΕΣ-ΤΟΥ-ΒΟΥΝΟΥ-Pet-Friends-Υγρή-Τροφή-Σκύλου-με-Ελάφι-415γρ,0.85
2025-11-08,89095200,ΜΙΚΡΕΣ-ΦΑΡΜΕΣ-ΤΟΥ-ΒΟΥΝΟΥ-Pet-Friends-Υγρή-Τροφή-Σκύλου-με-Ελάφι-1240γρ,1.89
2025-11-08,89095205,ΜΙΚΡΕΣ-ΦΑΡΜΕΣ-ΤΟΥ-ΒΟΥΝΟΥ-Pet-Friends-Υγρή-Τροφή-Σκύλου-με-Πουλερικά-415γρ,0.85
2025-11-08,89089251,ΜΙΚΡΕΣ-ΦΑΡΜΕΣ-ΤΟΥ-ΒΟΥΝΟΥ-Άμμος-Υγιεινής-Γάτας-5κιλά,2.84
2025-11-08,89089174,KITEKAT-Γάτας-Φακελάκι-Ανάμεικτο-Μενού-12Χ85γρ,5.99
2025-11-08,89043250,PEDIGREE-Τροφή-Σκύλου-Schmackos-Multi-Σνακ-5τεμ,1.49
2025-11-08,14105029,WHISKAS-Γατοτροφή-Πατέ-με-Κοτόπουλο-400gr,2.29
2025-11-08,14105028,WHISKAS-Τροφή-για-γάτες-με-Μοσχάρι-Πατέ-400gr,2.29
2025-11-08,14101068,CESAR-Υγρή-Σκυλοτροφή-με-Μοσχάρι-150gr,1.69
2025-11-08,14101039,PEDIGREE-Markies-500g,3.98
2025-11-08,14101019,PEDIGREE-Biscrok-500g,3.98
2025-11-08,89031718,ECONOMY-Σκυλοτροφή-Πατέ-με-Αρνί-_-Συκώτι-300gr,0.94
2025-11-08,89029958,ECONOMY-Κροκέτες-με-Σολομό-_-Ψάρι-για-Γάτες-2kg,4.99
2025-11-08,89029853,ECONOMY-Υγρή-Σκυλοτροφή-με-Κοτόπουλο-_-Γαλοπούλα-405γρ,0.79
2025-11-08,89029031,ECONOMY-Γατοτροφή-Πατέ-με-Βοδινό-_-Καρότο-400gr,0.75
2025-11-08,89027114,ECONOMY-Υγρή-Γατοτροφή-με-Μοσχάρι-405gr,0.79
2025-11-08,89027107,ECONOMY-Υγρή-Γατοτροφή-με-Κοτόπουλο-_-Γαλοπούλα-405gr,0.79
2025-11-08,89027103,ECONOMY-Υγρή-Σκυλοτροφή-με-Βοδινό-1250gr,1.7
2025-11-08,89024800,ECONOMY-Κροκέτες-Κρεατικών-για-Γάτες-2kg,3.99
